1
3
1
1
-1
-3
1
2
1
-1
0
2
2
1
2
0
0
-2
-1
1
0
-1
-1
0
0
1
-3
-4
-1
-1
0
-1
-2
-1
0
1
0
0
2
0
1
2
0
1
0
-2
-4
1
3
2
1
-1
-1
-1
-2
-1
-1
-1
-1
-1
-1
-1
0
0
1
-1
2
-1
0
1
-1
1
-1
0
0
1
3
4
1
2
2
1
2
2
4
3
1
1
1
2
2
2
3
2
0
-2
-3
-1
0
-2
0
1
0
-1
1
0
0
-2
-4
-2
-2
0
-2
-3
-1
-2
0
2
1
-1
-1
-1
-1
-1
0
1
3
0
0
1
-1
-1
-1
0
0
-2
-3
-1
-2
-1
0
-2
1
-1
2
0
0
2
-3
-1
-1
-2
-2
-1
-1
-2
-1
0
0
1
0
-1
1
0
2
-2
0
0
0
1
1
1
0
3
1
3
1
-1
2
0
3
2
1
2
0
3
3
1
0
-1
2
4
4
1
0
-1
-1
-1
0
-3
-1
1
1
0
-2
-2
-3
-3
-1
-4
-2
-1
-3
0
0
-3
-2
0
0
-1
-2
1
1
1
1
2
-1
-1
2
3
3
-1
1
1
1
0
3
3
-1
2
2
1
0
0
-1
1
1
1
-2
0
3
-1
-3
-3
-2
-1
-1
1
-1
-2
-1
1
1
1
1
0
2
-1
2
1
2
0
-1
-1
-3
-4
-2
-2
-3
1
1
-2
-1
1
-1
1
3
2
3
2
2
-1
0
2
1
-1
-1
1
0
1
-1
2
3
2
0
0
0
-1
1
-1
1
-2
-3
-1
-3
-1
0
0
1
-2
1
1
-1
2
2
2
2
2
1
-1
2
1
1
2
2
1
1
2
0
-2
-1
0
-1
0
0
2
2
3
1
-3
-2
-1
0
1
1
-2
-1
2
-1
-2
1
-1
-2
-4
-1
-1
-1
0
1
3
3
0
2
2
0
-1
-2
-1
1
1
2
1
0
1
1
-2
-2
1
0
0
1
2
0
-1
-1
-1
-1
2
0
-1
3
1
-5
-4
1
-1
-4
0
-1
0
2
0
-1
-3
0
2
1
-1
2
1
3
2
1
0
-3
1
-2
-1
-2
-2
-2
-3
-1
1
0
-1
0
-2
0
0
1
2
0
-1
0
3
0
-2
1
3
0
1
2
0
-1
-1
-1
1
2
2
1
-1
-2
-4
0
-1
-3
-2
-1
0
4
5
3
5
3
4
4
3
2
2
3
0
1
2
-1
0
0
0
-2
-1
2
0
0
0
1
0
-1
-2
-1
0
-2
0
0
-2
0
-2
-2
-2
-4
-2
-2
-2
-3
-1
-2
-4
0
1
0
-3
-2
1
-1
1
0
1
1
-1
-3
-3
-1
-4
-1
-2
-2
-3
-3
-1
0
0
-4
-3
-2
1
2
0
2
3
4
4
3
3
4
0
2
2
3
2
2
1
1
3
1
3
3
1
0
1
-2
-3
-1
-2
-2
0
0
3
1
1
3
1
0
2
3
2
2
1
-2
0
2
-1
3
0
0
-1
0
2
0
-3
-4
-3
-2
-1
-2
-1
-2
-3
-3
0
0
0
1
-2
-2
-3
-2
-3
-4
-1
2
2
1
3
0
0
-1
-2
0
-1
-2
1
-1
-1
-2
0
1
1
0
2
4
5
4
3
2
1
0
2
0
1
4
3
1
1
-4
-4
-1
0
-1
-4
-1
-1
1
0
1
-1
-1
2
-1
0
-1
1
0
-1
0
-1
-2
1
-1
1
0
0
1
-3
2
0
0
1
0
-1
1
-1
2
-2
-2
-2
-2
-1
-3
-1
0
1
-1
3
2
-1
1
-1
2
2
2
2
2
1
-2
0
0
1
1
-1
0
-2
-2
-3
-2
-3
-1
1
-2
-3
-2
-1
-2
-2
-1
0
0
0
2
1
4
3
3
3
0
4
4
4
4
4
1
4
4
2
3
2
4
1
1
1
1
-1
-2
-4
-6
-3
-2
-2
-1
-2
-4
-4
-2
-3
-2
-3
-2
-1
-3
-1
0
-1
0
0
0
-1
1
2
1
1
2
4
2
2
4
6
0
1
0
-3
0
-1
0
-2
-4
-3
-2
1
-2
-1
1
-1
-2
-3
-2
0
1
0
0
1
2
2
-1
0
3
2
3
-1
0
0
-1
-2
-1
-1
-2
-1
0
-3
-1
0
-1
0
-3
-3
-2
0
-2
2
1
1
1
2
-1
0
2
1
2
1
3
2
5
2
1
1
0
2
1
-1
0
-1
0
1
-4
0
0
-1
-1
-1
2
0
0
-1
0
1
-1
1
0
-2
-1
-2
-3
-2
-1
-1
0
0
-1
0
-1
-3
2
0
2
-1
0
2
-1
-1
-3
1
-1
1
1
1
2
0
3
4
1
1
0
1
0
0
0
-1
-2
0
2
0
3
2
0
0
0
-1
0
0
-1
1
-1
0
-1
-1
0
-4
0
0
0
-1
-1
0
-1
-2
0
0
1
0
1
-1
-4
0
0
0
1
-1
0
-1
-1
1
0
0
1
2
-1
-2
0
2
-1
-4
-1
-2
0
0
1
3
1
2
1
1
1
-1
2
2
0
1
2
3
3
1
0
-1
3
2
-2
0
-1
-1
0
-1
-1
0
1
-2
-3
2
4
0
-1
1
2
2
2
2
0
-3
-2
-2
-3
-4
1
2
1
0
-4
-2
-1
1
2
0
0
1
-1
-1
0
-2
0
1
0
0
0
1
2
-1
-1
1
0
-1
-2
0
0
-2
-1
0
-2
-3
-1
0
0
3
0
3
2
0
3
3
0
-2
0
-1
-1
-2
2
1
0
-1
-3
-1
-1
2
-1
-1
1
0
1
-1
-1
-1
1
2
3
1
0
2
0
0
1
-1
0
-3
-2
0
-2
-4
0
1
1
2
2
2
1
0
0
-3
-3
-1
-3
-1
-1
0
0
-1
-3
-1
-2
0
0
3
0
1
0
-2
1
3
0
-3
-1
0
1
1
-1
2
2
0
1
2
1
0
1
2
2
2
2
1
1
0
1
1
-1
2
2
0
-2
-1
1
-1
-2
-1
0
-1
-1
-2
1
0
-3
0
1
-2
-1
-2
-2
-1
-3
-3
1
0
0
0
-2
0
0
-1
-1
1
3
3
4
4
2
3
1
-2
-1
-2
0
-2
-1
1
0
0
1
1
2
0
0
-1
0
-2
-3
-1
-4
0
0
0
-2
-1
-2
1
0
-1
-1
1
3
3
2
0
1
1
0
1
0
1
2
0
1
3
2
0
-1
2
-1
-2
1
2
1
-2
0
-2
1
-1
-1
-1
1
0
-1
0
-1
0
-1
1
-2
0
-2
0
2
2
2
1
0
0
-2
0
0
-3
-1
1
-1
-1
0
0
2
0
1
1
1
2
0
1
7
6
1
-3
-1
-1
-3
-5
-4
-3
-4
-1
-1
-4
-9
3
1
-7
2
3
-4
2
4
3
3
10
5
-2
6
3
1
-1
1
2
2
1
-2
3
4
-1
4
0
-3
0
0
-3
-5
-1
-2
-2
-3
0
-2
-1
0
0
-1
-1
-1
0
-1
-3
-3
-3
1
-3
-1
0
0
-5
0
-1
0
1
0
-1
-1
-1
-2
-1
-1
2
2
2
3
4
3
5
4
1
-1
1
-2
0
-1
-2
-1
-1
1
2
0
1
-1
-1
1
0
1
2
2
2
3
0
-1
0
0
-1
2
3
0
1
0
1
0
0
1
-2
1
-1
-1
-1
-2
-2
-2
-1
-3
1
1
-1
-1
0
-2
-2
-1
-1
2
1
2
0
-2
0
-1
-2
0
-1
-1
0
-1
-1
-1
0
-1
0
1
-1
0
-2
-3
-1
-2
-2
-4
-2
-1
-1
1
1
1
4
4
3
3
3
3
5
5
5
3
2
1
-1
-1
0
1
0
-1
-1
-1
-1
2
0
-4
-4
-2
-2
-3
-2
0
-1
-4
0
0
-1
1
-2
-1
-1
1
1
0
0
-4
-1
-1
0
1
2
2
2
-1
0
-1
-1
0
1
1
1
1
-1
0
-1
1
2
3
0
0
-1
-3
-3
0
1
0
1
3
2
3
2
0
2
-2
-3
-1
-1
1
0
0
1
3
2
0
-2
1
-2
-4
1
0
-1
0
0
-2
0
0
-1
1
-3
-1
-3
-2
-3
0
3
-2
1
0
1
-1
-1
0
0
0
-2
-1
-1
-2
0
1
0
0
3
4
-1
-1
-2
-2
-1
-1
-1
0
1
0
2
0
2
-1
-2
2
3
3
2
1
2
2
1
1
-1
2
2
0
-2
-1
0
2
0
1
1
0
1
0
4
4
-1
1
0
-2
1
0
0
0
-2
0
-2
1
1
0
-2
-2
1
-1
-2
-3
0
-2
-2
-2
-3
-3
-4
-3
-3
-3
0
-2
-3
0
-3
-1
-2
2
2
1
1
0
0
1
1
4
2
1
0
1
2
0
2
3
1
1
3
4
1
1
1
-1
2
-1
1
-2
1
0
-2
1
0
-1
1
-1
0
0
0
0
0
-1
-3
0
-2
0
0
-1
0
1
1
4
0
0
2
-1
2
2
-2
-3
-1
2
3
3
1
0
1
-2
-1
-2
-2
-1
-3
-3
-1
1
-1
1
1
-1
-2
0
-2
-1
1
-2
-2
1
3
-2
0
1
1
2
0
-3
2
1
-5
-3
0
-1
-2
1
-3
-1
-1
1
-1
-1
-1
0
0
4
1
3
6
-1
-1
2
9
2
-3
4
-2
-5
3
0
3
10
2
-4
-4
12
4
-8
9
-5
-7
8
-2
-3
5
-2
-8
0
4
-5
1
1
-6
-3
0
-4
-6
2
-2
-10
3
0
-4
3
-1
-4
-2
1
2
1
4
3
-3
-1
3
0
2
4
-2
-1
4
1
2
4
0
0
3
4
-1
2
1
-2
-1
-2
-1
-1
1
-2
0
2
-1
-4
-3
-6
-4
1
1
2
3
2
1
3
2
-1
0
-2
-6
-2
2
-3
-1
2
1
1
1
-1
0
0
3
1
0
-1
2
0
-1
1
-1
-1
-1
-2
-1
1
1
-2
-1
-1
0
-2
-3
-2
1
4
1
2
3
3
2
-1
2
4
1
5
3
0
-1
-1
-2
-2
0
0
1
-1
1
0
1
-2
-2
0
2
1
2
1
1
3
1
0
-2
-1
-2
0
1
-3
-5
-3
-2
-2
0
0
2
1
2
1
-1
0
2
-2
-2
2
1
1
-1
0
0
0
-2
-2
-3
-2
-2
-1
-2
-1
1
2
1
2
2
1
2
4
4
2
0
1
1
0
-3
1
2
1
0
1
-2
-3
1
0
-3
0
-1
2
1
-2
0
-3
1
-1
-4
-1
3
-1
0
1
0
-1
1
0
2
2
-1
0
1
1
0
1
2
0
-2
-2
0
1
1
2
1
2
1
-1
-1
-2
0
-1
-2
-1
1
1
1
1
1
0
-3
-3
-1
-4
-1
-1
0
2
0
4
4
-1
-1
2
1
5
4
1
2
-1
-1
1
2
1
-8
-3
0
-8
-2
-2
-15
-4
-5
-14
-4
-2
-2
8
7
-1
4
9
1
4
18
11
11
18
1
-11
3
0
-3
10
-10
-16
-13
-17
-4
-12
-19
-14
-8
0
4
0
-8
-44
-98
-90
-34
35
62
62
92
93
93
66
-35
-53
71
146
69
-2
-26
-10
-22
-8
53
-41
-12
-32
-135
35
11
-57
-3
-84
-77
-72
-33
-35
-77
29
-34
-84
24
23
-32
22
84
9
28
72
15
44
33
-6
44
57
30
32
15
-26
-21
22
36
-7
-27
5
3
-25
1
18
-38
-65
-50
-51
-62
-46
44
-5
-57
102
36
-82
53
11
-60
53
46
-37
47
74
-55
33
80
-65
26
77
-39
6
72
-21
-45
59
-3
-67
36
-7
-56
27
3
-49
17
-1
-64
4
31
-29
4
23
-45
-37
12
-12
-8
1
2
-3
2
31
5
-16
-10
-8
19
22
27
-1
-32
9
19
24
38
3
-14
-12
-11
-11
7
6
-9
2
-25
-6
16
-21
11
4
-31
-12
-15
-17
-17
-18
5
10
9
2
-6
-39
-31
22
17
12
29
16
-20
-7
35
-9
-4
35
4
-2
7
12
-4
3
27
2
-3
17
5
-2
19
23
-1
-9
-2
2
-6
1
8
-15
-10
-5
-11
1
-17
-23
-1
-11
3
25
-9
-14
9
-2
1
19
15
9
3
6
3
-14
-5
12
-9
-10
3
-12
-24
3
4
-32
-15
-13
-39
11
22
1
14
-1
-8
4
14
13
3
10
-1
2
20
9
10
5
-11
0
0
-2
7
9
-2
-8
0
-4
-3
1
-1
-7
-13
-2
4
2
4
-1
-14
-14
-6
4
11
12
4
-1
3
4
3
7
-2
-10
7
10
-4
11
9
-20
-8
-4
-17
3
3
2
3
-3
-7
-6
3
-7
1
4
-13
2
12
5
-6
6
4
-25
10
15
-14
16
6
-4
6
2
2
0
4
-1
2
6
-4
4
2
-6
-3
-5
-2
0
2
-1
-2
-1
-8
-3
3
-8
-1
6
-3
1
6
3
-3
0
4
3
5
3
-1
-1
-3
-1
0
2
-2
-6
-1
1
-4
4
6
-3
-2
2
1
-2
1
1
-3
0
2
0
1
0
-1
-5
-1
2
-1
-2
-1
-1
0
-4
3
-2
-2
1
0
1
-2
0
4
1
3
1
-1
1
-3
-2
-2
-1
0
-3
0
4
1
2
2
0
-2
2
5
2
2
3
2
4
3
-1
0
-1
-1
0
-4
0
-2
-1
-4
-2
1
-3
1
-1
-1
2
3
0
-1
-1
-3
-5
-2
-1
-1
3
0
0
3
2
-3
0
3
-2
1
0
-2
-2
1
-2
1
1
1
1
0
0
2
-1
-2
2
2
1
-1
2
2
2
2
0
-1
-1
-3
-2
0
-1
1
3
-1
-2
5
4
1
4
1
-2
1
1
-4
-2
2
-3
0
2
1
-1
0
0
1
-2
0
-2
-1
2
-1
-1
0
0
-1
-2
-2
-2
-2
1
1
1
-1
-1
-1
0
1
0
-1
0
-1
1
0
-1
2
1
3
1
3
2
2
4
3
5
3
1
-2
-2
0
-2
0
-1
-5
-4
-4
-3
-2
-2
-1
-3
-1
1
0
-1
0
0
-3
-3
-4
-3
-4
1
2
-2
-1
2
0
2
2
3
-1
1
3
1
1
0
0
-2
-1
0
0
1
0
1
0
0
1
2
1
2
2
0
3
2
3
4
1
2
-1
-1
2
1
0
-3
-4
-1
-3
-1
-1
1
1
-4
-1
1
1
0
0
1
0
-2
-1
4
1
1
2
2
1
0
3
1
-2
-2
-2
1
0
2
0
3
4
-2
3
3
2
1
1
1
1
1
2
0
-1
-1
-4
-4
-4
-2
-5
-4
-2
0
-3
-3
-2
-5
-4
-4
-3
1
-1
-1
-2
-1
2
1
1
0
1
2
0
1
2
0
1
2
0
1
1
2
0
1
2
2
-1
-3
0
-2
-3
-3
-2
0
3
2
1
3
5
2
0
-4
0
-2
-1
1
1
1
1
0
1
1
0
1
3
2
3
0
1
2
-1
-2
0
-1
-3
-1
-1
0
1
1
1
0
2
3
-1
-2
0
-1
2
-3
-1
1
1
1
2
3
-2
-1
-1
1
2
0
1
2
-1
0
-2
-1
0
-4
-2
-2
-1
-3
0
-2
-1
-1
-2
-2
-3
-2
-1
1
-1
1
4
3
1
2
4
1
1
-2
1
-2
-2
0
-2
2
1
0
1
1
2
2
2
3
3
3
0
1
2
0
2
-1
0
1
-2
1
-2
-2
-1
-1
-1
0
-3
-3
0
-2
-2
-2
-3
-2
-2
0
0
-2
-2
1
-1
1
0
-1
0
0
-1
3
2
-1
0
-1
1
-2
1
1
2
3
2
3
3
-1
-1
1
0
3
1
1
3
1
1
-2
-1
0
3
3
-1
1
2
2
-2
-1
-3
-1
0
-2
-1
0
0
2
1
2
2
1
2
1
-1
-4
-2
-2
3
2
-1
2
-2
2
0
-1
0
-2
-1
-3
-1
-4
-5
-1
-2
-1
0
1
-2
-2
0
2
0
1
0
1
1
1
-1
0
2
1
3
0
3
1
1
1
0
0
1
1
1
0
0
-1
0
-1
0
-1
-1
-2
-1
3
0
0
-1
-2
-3
-2
-1
2
0
0
0
-1
-1
0
1
1
-1
0
1
1
2
0
2
2
1
3
3
0
-2
-1
-2
-2
0
-1
1
1
0
0
1
1
2
1
1
-3
-3
-2
-1
-2
-1
-1
0
-1
-1
-2
0
2
-1
-1
-2
-2
-2
-2
-3
-4
-1
0
1
-1
1
4
3
3
1
4
3
2
1
0
2
-1
0
1
-1
-2
-1
-1
2
3
1
1
0
4
4
1
0
1
-3
-1
-2
-1
2
0
-1
-1
-4
0
1
-3
-2
-3
1
-3
-1
-1
-2
-3
-2
-1
4
2
3
4
2
2
1
2
0
0
-2
1
-1
-1
-1
0
2
2
2
3
1
0
-3
0
0
-2
1
2
2
-3
-4
-2
-4
-2
-2
0
-2
0
-1
-1
1
0
0
-1
1
-2
0
-3
-3
-2
-1
0
-1
1
2
1
0
1
3
1
1
-2
-1
0
-1
-2
3
1
3
2
1
1
-1
-1
0
-1
-3
2
-2
3
0
2
4
3
3
0
2
1
0
0
1
2
1
-2
-2
-1
-2
-1
0
-1
-2
-2
0
1
-3
-2
-3
1
-2
-2
-1
0
4
5
2
-2
2
3
3
1
5
3
0
5
1
0
3
1
2
1
-1
1
0
3
1
-1
-1
2
0
-2
-4
-2
-3
-5
1
-1
-3
-3
-1
-2
2
4
-1
-3
-4
-1
-2
-1
-1
-1
4
2
1
-2
-1
0
-2
-2
-3
-2
-3
-1
0
1
1
1
0
-1
1
2
-1
1
1
2
2
2
1
1
1
1
2
-1
1
1
2
0
0
2
1
0
1
3
-1
0
0
2
5
2
1
-1
-1
1
2
1
0
-1
0
-1
-2
0
2
-1
1
1
-1
-1
1
-1
-3
-4
-2
0
1
4
1
3
3
1
2
0
-3
0
1
3
0
1
0
-2
-2
-1
-3
-3
-3
-4
-3
0
0
-1
0
-2
0
-1
-1
0
1
-1
-2
-3
-4
-1
-1
0
0
-3
-1
1
1
0
2
1
-1
1
0
1
-2
-3
-2
0
-1
-1
2
-1
-2
1
2
4
2
2
3
3
5
4
5
2
1
4
2
2
1
1
2
0
1
-1
2
0
0
-1
0
0
0
-1
-1
0
-2
0
-1
-2
-2
-3
-1
0
-2
1
1
0
-2
1
1
-1
-1
0
0
2
-1
0
-3
-1
-1
-1
-3
-5
-5
-4
-2
0
1
0
3
3
2
0
2
-3
-2
-3
-3
-2
-1
-3
-1
1
2
0
-3
0
-2
-4
0
5
3
3
3
2
4
4
4
3
3
1
1
4
1
-1
-1
-4
0
1
2
2
1
-2
-1
-1
-2
-1
0
0
-1
-2
0
1
1
2
0
1
4
0
1
4
3
3
-1
0
0
-1
-1
-1
-1
1
-1
-2
0
-1
-1
-4
-4
-2
-1
-1
-1
1
0
2
1
0
-1
-1
-4
-4
-1
-3
-2
1
-2
-1
-2
-1
1
2
-1
-2
-4
-2
0
0
-1
1
3
0
1
0
3
1
1
2
0
1
1
1
1
3
5
2
2
4
1
1
2
-1
-1
0
-2
-2
-2
-2
-3
-3
-2
-1
-1
0
2
-1
-2
-2
0
1
2
1
1
0
-1
-1
-2
-2
-3
-2
0
-2
-1
0
-2
0
-1
0
0
1
1
3
2
4
4
-2
-1
0
0
5
4
1
0
3
2
0
-2
-2
-1
-2
-1
-1
0
0
-1
1
1
0
1
-2
-1
1
0
2
1
1
1
-2
0
0
3
1
-2
-1
-1
-1
-3
0
-1
-2
0
-1
0
1
-1
-1
-1
0
-2
1
-1
0
0
0
1
1
0
-1
2
2
0
-1
0
0
-1
-1
0
1
1
1
-1
-2
-2
2
1
0
1
1
-1
1
2
-2
-2
-2
-1
-1
-2
0
1
1
0
-1
0
0
-2
0
0
1
-1
0
-1
-1
0
2
3
5
5
2
-2
1
2
0
1
1
0
-1
2
1
2
3
0
1
3
1
2
-2
0
3
1
3
0
-1
-3
0
-1
0
0
1
0
0
-1
-3
-4
-2
-4
-7
-5
-4
-3
-3
-1
-3
-3
-5
-2
1
-2
0
1
-1
0
0
2
3
2
0
0
3
2
1
0
1
2
-1
3
-2
-2
-1
-2
-1
-1
2
2
2
1
3
3
4
4
4
4
4
1
0
2
2
0
-1
0
-2
-3
-1
-2
-1
-1
-1
-1
0
0
0
2
1
-1
1
2
-2
-3
-4
-2
-2
-1
-1
-2
-2
-3
-1
0
0
2
3
1
0
-2
1
0
-1
-1
-1
-1
0
0
0
1
0
1
2
0
-2
0
-2
-3
-2
-3
-1
-2
-1
3
3
1
3
1
1
1
1
1
2
2
1
0
3
3
1
-1
-1
0
2
1
2
1
3
2
-1
0
-1
-1
0
-1
0
-2
0
-2
-2
-1
-3
-1
0
-1
1
2
1
1
0
2
1
-2
-3
-1
-2
-1
-1
-2
-1
-1
0
0
0
2
1
0
-1
2
-1
1
1
-3
-2
0
-2
-2
3
1
4
3
1
-1
1
3
0
2
2
4
0
-1
-2
-1
0
2
0
-2
-3
-2
-1
-3
-3
-5
-4
-2
-3
-1
-1
1
2
0
1
-1
0
-1
-2
3
1
1
2
1
2
4
2
5
3
1
3
4
1
-1
2
-2
0
0
0
0
-1
0
0
2
0
-1
-2
-2
-1
0
0
-4
-2
-3
-2
-1
0
2
-2
0
-2
0
-1
0
-2
-1
2
2
4
3
1
1
1
4
2
-1
3
2
0
-2
0
-1
-2
-2
-2
1
0
1
0
-5
-2
-1
-2
1
1
0
2
1
3
0
-3
0
-2
-5
-2
-1
1
2
4
1
0
-1
1
-1
-1
4
1
-2
-1
-3
0
0
-1
-1
-3
-1
0
-1
2
1
0
1
1
3
3
0
-1
3
0
2
0
2
1
0
0
1
2
2
2
0
3
4
5
3
1
0
2
0
-3
-2
0
-2
-1
2
-1
-1
0
-1
0
-2
-5
-2
1
-1
-1
-1
3
-1
-2
-1
-4
-7
-6
-4
-4
-2
-1
0
-4
-1
-1
3
3
1
-2
-1
1
-3
-1
0
2
1
2
2
0
3
2
0
0
2
-1
-1
0
1
0
0
2
1
-1
0
-1
-1
-1
0
0
0
0
-2
3
0
-2
3
2
3
0
2
4
2
2
-1
1
1
3
4
1
-1
-1
-3
1
2
1
1
1
-2
-1
-1
-1
0
0
0
-2
0
1
1
1
1
-2
1
4
0
-2
0
1
2
1
1
0
0
1
0
-1
-2
0
0
1
1
-2
0
-1
2
1
-2
-2
-2
-2
-2
-2
-2
-3
-1
2
3
1
0
0
1
0
0
2
0
1
0
0
0
1
1
-1
0
2
-2
-2
2
0
1
0
-3
-2
-3
-1
1
-2
-2
-1
-3
-1
-1
-3
-3
-2
1
1
-1
1
-1
0
1
0
3
2
1
0
1
0
3
4
3
1
0
1
2
1
-1
2
1
2
1
-1
0
0
2
0
0
1
3
1
-3
0
-1
-2
0
-1
2
2
2
0
0
0
1
2
2
0
-1
-2
-1
0
-2
-2
1
2
0
3
2
-1
-1
-2
-3
-2
0
-1
2
2
3
1
-1
2
1
-3
0
1
-2
-2
-2
-2
-1
-1
-3
-2
0
-2
0
-2
-2
-2
-1
-2
0
0
-1
-1
1
1
-1
1
1
0
-1
1
-3
-3
0
0
2
4
2
3
0
1
2
-1
1
2
2
1
3
0
4
0
-3
0
-1
-3
-2
-1
-1
-1
-1
0
1
2
3
3
2
1
1
1
2
1
1
0
1
1
-1
2
1
-1
-2
-2
-3
-2
-3
-2
-1
0
-4
-3
0
0
2
1
-1
2
0
2
2
2
2
-2
0
2
0
-1
1
0
1
2
1
-2
-4
-2
-4
-4
-2
-2
-1
0
0
0
0
0
-2
0
0
1
1
3
3
2
2
1
-1
2
3
1
0
-2
0
0
-1
-2
-3
-1
-2
0
1
-1
0
-2
0
0
-1
-2
2
2
1
0
-1
1
-1
0
1
-1
0
0
1
1
1
0
1
-3
1
2
0
2
2
1
-1
0
1
2
0
0
1
1
2
1
3
0
0
-1
1
2
2
1
-2
-2
-1
-4
-2
-1
-1
-1
0
0
1
-1
0
2
0
-1
-1
-2
-3
0
-1
-3
0
0
1
2
2
-1
-3
-2
-3
1
1
4
2
0
2
2
-1
1
0
3
1
2
1
0
-1
-1
0
0
0
-2
-2
-1
-3
-1
-2
-5
-2
-2
-3
-2
0
1
1
1
1
3
1
0
3
2
3
2
4
2
0
1
0
2
0
-2
0
2
1
0
-3
-1
1
2
1
1
2
0
2
-2
-1
0
0
-3
-2
1
-3
-4
-2
-2
-3
-1
3
1
-2
0
0
0
1
-1
0
1
1
4
0
1
2
3
-2
-2
0
-1
1
0
-1
-3
-1
1
3
1
2
2
0
2
1
-1
2
-1
-1
0
1
2
0
0
0
-2
-4
-1
-1
1
-1
-2
-1
1
0
2
0
-3
-2
0
3
2
2
0
-1
1
3
1
0
1
0
1
1
0
1
3
-1
2
0
0
2
-1
-3
0
-1
-1
-2
-2
0
-2
-3
-2
-3
-3
0
-2
0
-1
0
-1
1
1
0
4
3
1
-1
1
-1
-2
-4
-1
-4
-2
1
-1
0
0
-1
1
2
1
1
0
2
-2
-1
1
0
0
0
4
4
1
0
0
1
-1
0
1
0
-1
0
3
2
3
1
1
0
-1
-1
-1
0
-2
3
1
-3
1
3
1
3
3
0
0
1
-1
0
-2
-2
-3
0
-1
-4
-3
-3
0
2
2
1
2
3
1
-3
0
1
1
-2
-1
0
3
0
0
0
-1
-2
-1
1
1
1
0
0
0
-2
-2
0
0
-1
-1
-4
-3
-1
-2
-4
-2
-1
1
3
3
3
3
-1
1
1
2
2
2
2
1
1
0
2
3
2
2
1
0
0
3
4
1
-1
1
1
-2
-1
-1
-3
-4
-3
-2
-4
-1
-2
-2
0
0
0
-1
-3
-3
-3
-1
-2
1
-3
-2
-4
-3
-1
-3
0
-3
0
2
0
2
1
3
4
3
2
2
1
3
0
0
3
1
4
2
1
4
3
3
4
4
1
0
1
0
-1
0
-1
0
-2
-1
-1
-2
2
-1
0
-2
-5
-3
0
0
-2
-2
1
0
1
-1
-1
1
0
3
1
2
0
2
1
2
1
1
-1
-1
-2
0
-1
-1
0
0
2
0
-1
-2
0
1
0
-1
-1
1
1
1
1
-2
-3
0
-2
0
1
0
-2
0
-2
-4
-3
-4
-4
-2
-3
-3
-1
-1
-1
-2
-2
-1
1
1
0
2
-1
1
3
2
3
0
2
2
1
2
2
3
5
5
7
4
3
1
-1
1
0
1
1
-3
-1
-3
-2
-2
-3
-2
-1
-1
-1
-2
-2
-2
-3
-2
-3
-1
-2
-2
0
0
0
1
0
3
4
2
5
4
2
0
-1
2
0
1
-2
1
2
1
0
1
0
0
0
-2
0
-2
-2
0
-1
-2
-1
1
0
-1
0
-2
-3
-1
-4
-2
1
-2
1
2
2
0
0
-1
0
0
0
-1
0
3
1
2
0
-2
0
-1
-1
-2
1
1
1
-2
-2
1
1
3
1
3
2
-1
0
0
-1
1
1
2
0
1
-1
-1
2
4
2
0
2
1
-1
0
1
3
1
0
0
-2
1
0
0
1
1
0
-1
3
2
-2
1
1
-2
-2
0
-1
0
0
1
1
-3
-2
-2
-1
-2
-4
-3
-2
-4
-2
1
4
0
-1
-3
-2
0
-4
0
-1
1
-1
-1
2
1
2
5
1
-2
2
2
1
1
-2
-1
0
0
1
1
-2
-1
-4
-4
0
0
2
-1
-3
-3
-3
0
0
3
2
4
0
0
2
3
1
1
0
-2
0
2
3
-1
1
2
5
3
3
5
5
3
-1
-1
-2
-1
0
-2
-2
-1
-1
0
0
-1
-2
-1
-1
-1
0
-2
-2
0
0
-1
-3
3
2
-1
0
-1
-2
-2
-1
0
0
-2
-2
2
1
-1
-2
-2
-2
-2
0
-1
0
0
0
-2
-1
1
1
1
1
2
2
0
-1
-2
-2
-2
1
3
1
3
1
-1
0
2
2
1
1
0
0
2
2
0
2
1
0
-2
0
0
-1
0
-1
-4
-3
0
-2
-1
1
1
1
-1
1
2
3
1
-3
-3
-3
-3
-2
-1
-3
-1
0
1
2
1
2
0
1
5
-1
-1
1
2
1
-1
0
0
0
1
-1
0
1
-4
0
1
0
0
-1
0
2
2
0
0
3
3
3
6
0
2
3
1
0
-1
-2
-2
-2
-4
-2
-2
1
1
-1
-1
0
0
-1
-1
-3
-4
-2
-3
-3
-1
1
2
1
3
-1
0
2
0
2
3
1
-1
1
2
-2
1
1
1
2
2
1
0
-2
-2
0
0
1
-2
-1
1
2
1
1
-1
-3
-1
0
-2
0
0
-3
-2
-2
-1
1
0
2
-3
-1
0
-2
0
0
0
-2
0
1
1
1
0
-1
-2
-3
-3
-2
-2
0
0
2
3
3
3
4
2
0
0
0
1
2
-1
-1
2
1
0
-1
0
-2
-1
0
1
-1
0
-2
-3
3
0
0
2
1
-2
3
2
2
0
0
0
0
4
0
1
4
3
1
2
3
-3
-2
-2
-3
1
2
-1
-2
-2
-5
-5
-3
-3
-4
-3
0
-1
-1
-2
-1
1
0
1
-1
1
2
1
-2
1
0
-4
0
2
2
-2
3
2
-2
2
3
-1
0
3
2
2
2
1
-1
-1
0
0
2
0
0
-2
0
0
-2
0
-1
1
-1
-1
-3
-1
1
0
-1
1
0
-1
-1
1
0
-1
2
-1
-5
-3
2
-2
-2
-2
-2
-1
-2
-2
1
-1
-2
1
0
0
3
0
0
3
2
4
2
1
2
1
1
2
1
2
3
0
3
3
1
3
3
0
0
-1
3
3
1
2
2
2
0
2
2
-2
0
-3
0
1
-2
0
-1
1
2
-1
-1
-1
-2
-1
-4
-5
-2
-3
-4
-2
-3
-5
-5
-2
0
-1
-3
-1
-1
-2
2
-1
-1
-1
-3
0
-1
2
3
3
3
0
1
0
2
1
1
-1
-3
-2
1
1
0
1
1
1
1
3
1
2
4
-1
2
3
2
3
2
1
-1
-1
-2
2
-1
0
-1
0
0
-1
3
0
1
2
2
2
0
1
1
0
0
0
-2
-4
-5
-3
0
-4
0
-1
0
1
-2
1
1
1
-1
-3
-3
0
0
2
0
-1
-3
-2
2
2
1
-1
1
-1
-2
0
0
1
-1
1
2
4
1
1
-1
0
2
2
0
0
-1
-3
-1
0
0
-1
-2
0
-1
1
2
1
0
2
1
-1
0
0
1
-2
-1
-2
-2
0
0
0
1
3
3
3
4
4
0
1
2
3
4
-1
-1
0
0
4
3
-1
-1
-2
-1
-1
-3
0
-2
-2
-1
-2
0
0
0
-2
-2
-2
-4
-4
-1
3
1
-2
-2
-2
-1
0
1
1
-1
2
3
0
1
2
1
4
2
-3
-1
3
-3
-6
-4
-2
-2
-4
1
-2
3
4
-1
1
7
5
2
1
0
2
4
0
1
4
0
2
-1
0
-2
-3
-1
-5
-3
-1
0
1
4
0
0
-2
-4
-2
-2
1
1
2
2
3
2
1
1
3
2
2
3
2
-2
-3
-2
-1
-2
-1
0
2
1
0
-2
-1
-2
-3
-2
-2
-2
-1
-1
-2
-3
-1
0
0
0
2
-2
1
1
-2
3
0
-1
2
0
2
1
0
2
3
2
2
2
1
0
1
1
-1
-2
0
0
-2
-3
-1
1
1
1
2
2
2
2
0
0
-2
2
3
2
-2
-1
-3
-5
-1
-2
-1
1
-3
-1
-2
-2
-1
-2
-2
-2
-2
-1
-2
-2
-1
-2
-2
-2
2
2
2
2
4
4
3
-1
0
2
2
-2
-2
1
0
-1
0
2
2
1
1
0
1
3
3
1
1
0
-2
-1
1
0
-2
-1
1
0
-2
-1
0
-2
-1
-3
-3
-3
3
2
-1
0
1
0
3
-1
-1
-1
-1
-1
-1
1
-1
-1
1
0
1
2
-1
0
-1
0
5
3
0
3
2
1
1
2
2
2
0
2
1
-3
-3
0
-1
-3
-1
-1
1
1
2
0
-1
-1
0
0
0
-1
-1
0
0
1
-1
-2
-1
-1
-2
-3
0
0
-2
0
-4
0
-1
-1
1
1
-1
-1
4
2
1
2
3
0
1
1
2
-1
1
-3
-1
-1
0
1
0
0
-2
-1
0
-1
-1
0
-2
-2
0
1
0
-2
-1
-2
0
1
1
4
3
0
1
2
0
-2
-1
0
0
1
-3
-2
1
2
1
3
0
-3
-3
1
0
-1
2
1
2
0
1
-1
-2
0
-1
-2
-4
0
2
2
1
-1
2
1
1
4
1
3
2
-2
-1
-3
-1
0
2
1
-1
2
0
-1
2
2
3
1
-3
0
0
-1
-3
0
0
0
1
-2
0
-2
0
2
-3
-4
-3
-1
-2
-1
0
0
1
2
2
2
0
-2
-2
-1
0
1
0
-2
0
0
1
-1
-1
0
-2
0
1
3
2
0
-1
1
0
1
1
-2
-2
-1
0
2
1
1
-3
0
-1
-4
-3
0
1
2
0
-4
2
4
6
3
1
0
-1
-2
1
0
-3
-2
-1
-1
-2
0
-2
1
-2
-1
0
0
1
3
3
2
4
2
2
1
0
-1
-4
1
1
2
2
0
1
3
-1
1
0
0
1
-1
2
1
0
-1
0
-3
0
-3
-4
-4
-3
-3
-5
-5
-2
0
1
0
-2
0
0
2
2
-1
-2
1
1
1
3
-1
-2
-1
-1
4
2
4
1
0
-1
-1
1
-1
2
1
0
-2
1
1
1
2
1
1
-1
-1
0
1
2
0
-1
0
-1
2
0
-3
0
1
-3
-2
-1
0
-1
-1
-1
1
3
-1
1
1
2
2
2
3
1
-4
-3
2
-1
0
1
0
2
1
3
2
4
4
1
0
-1
1
-2
-2
-3
-5
-5
-4
-3
0
2
2
0
1
0
-3
-3
-4
-1
1
0
-2
-3
-2
-1
-2
3
0
0
2
-1
-3
1
4
3
3
3
3
2
1
1
-1
0
-2
2
2
1
4
3
3
2
1
2
1
0
-2
-1
-2
1
1
0
1
0
-1
-3
-4
-2
-1
1
-1
0
-2
-3
-1
-3
-3
0
1
-1
1
0
0
1
-2
-2
-4
0
-2
-2
-2
-2
-1
-1
0
-5
-4
-4
-2
0
-2
-2
1
1
1
0
1
2
4
5
4
3
0
-1
3
5
3
-1
2
3
6
5
3
3
3
4
1
-1
0
1
2
1
-2
1
0
1
2
1
0
-4
1
0
-3
0
0
-4
0
1
0
-3
-2
0
-1
-1
-2
-2
0
-1
-2
0
2
1
-1
0
-3
1
0
-2
0
-3
-1
-1
-1
-5
-4
-4
-3
-2
0
-2
-5
-3
-2
-2
-4
0
0
-2
0
-1
-1
1
3
3
3
2
1
5
4
3
-2
-2
-1
0
4
2
2
2
1
2
2
1
4
0
3
3
2
3
0
1
0
0
-1
1
0
1
0
0
0
-1
3
0
2
2
0
-3
1
4
0
-1
1
-2
-4
-6
-1
0
-5
-3
-3
-5
-1
-1
-3
-3
-1
0
1
2
0
-1
0
1
2
0
-1
0
4
-1
-1
1
-1
0
0
1
2
2
1
0
0
-2
-2
-1
0
2
0
0
2
3
-2
1
2
-1
1
3
1
-2
-1
3
2
1
-1
-4
-3
0
-2
-4
-5
-4
-3
-2
0
-1
-3
3
3
1
3
0
0
3
1
3
2
0
3
0
2
3
1
4
3
1
-13
8
6
-6
-2
0
0
-2
0
-4
1
-1
-5
-3
-3
-3
-3
-2
1
0
2
2
-1
0
2
-1
-1
0
0
-3
-1
-2
-3
2
-2
1
2
-2
-2
2
2
3
4
5
4
0
-1
-2
-1
0
-1
1
-1
0
0
0
-1
-2
-2
0
-1
-2
2
3
1
0
4
5
1
2
2
1
1
-1
-2
-1
0
-3
-2
0
0
0
2
3
-1
1
2
1
-3
-2
2
-1
0
3
2
2
3
-1
-4
-5
-1
-2
3
1
-1
1
-1
-1
2
4
-1
-1
-1
0
1
-2
-1
0
-2
0
0
-1
-1
1
1
0
0
0
-2
0
-5
-4
-3
-4
-5
-4
-2
-2
-3
-2
3
6
1
-1
1
1
4
4
5
1
1
3
2
0
-2
2
5
0
-4
2
3
-4
-3
5
7
5
3
1
-5
-6
0
4
2
-1
1
1
-2
-4
-2
2
6
3
-6
-5
5
5
-3
-3
4
2
0
3
3
-3
-4
-1
-2
-5
-2
-5
-5
-1
-1
3
-1
-3
0
0
-1
3
6
2
1
0
-4
-3
2
7
7
-1
-4
-3
0
1
-2
-4
-3
-2
1
0
0
-4
-7
-5
-2
2
1
0
0
-1
-2
0
0
0
4
6
6
5
0
-2
1
3
6
5
1
-3
-2
4
4
3
3
2
-2
0
3
5
2
-2
-4
3
4
-2
0
-1
-3
-8
-2
1
5
-1
-5
-6
-5
3
0
-1
-3
-5
-4
-8
-3
1
2
-2
-5
0
1
-1
-1
1
-6
-5
3
6
2
-2
-2
2
3
-1
1
2
3
1
1
2
6
5
-2
3
5
1
-2
0
2
-1
0
1
0
3
1
-5
-3
2
3
0
-1
3
2
3
4
-1
-3
-3
-2
0
0
2
2
-1
-3
-3
-1
0
0
-1
-4
-2
3
4
1
-2
-2
1
5
4
0
-5
-5
-3
1
-1
0
1
-4
-3
0
1
4
2
-2
0
-1
1
6
2
-1
0
1
1
-2
0
2
-2
-7
1
3
2
-1
-4
0
1
1
-4
-2
-1
0
-4
-3
0
-1
2
-5
-2
4
-1
1
1
-1
1
0
2
-4
-2
0
-2
2
3
1
1
2
0
4
1
4
9
4
1
0
2
1
-1
1
-3
-4
-3
-1
-1
-1
-4
-1
-2
0
4
3
0
-2
2
6
4
1
-1
0
0
2
0
-3
-1
-1
-2
-1
-4
0
-1
0
2
-1
2
1
3
1
1
1
-1
-1
0
3
4
3
-3
0
3
2
-3
-4
5
2
-3
-2
3
4
3
2
1
5
3
-5
0
2
0
-3
-4
-1
-1
-4
-4
-1
-1
1
-3
-5
-1
0
-2
-2
-1
-2
-4
-5
0
0
-2
-3
2
1
-2
-3
-1
0
-3
2
1
-2
-1
-1
1
1
0
2
0
-3
-1
2
2
3
3
4
4
3
1
1
1
0
2
3
3
1
1
1
1
3
5
4
1
0
4
1
1
-1
1
0
-1
0
2
0
-2
0
-2
0
0
-2
0
2
1
-3
-1
1
-1
-3
-1
-5
-3
3
-1
-3
-4
-2
-2
-2
2
2
0
-3
-1
2
1
-3
-3
1
2
1
-3
-2
2
0
-7
-7
1
3
-1
-4
0
0
-3
-3
2
4
0
0
4
6
0
-4
1
3
1
-1
3
5
4
-1
0
2
-1
-1
1
-3
-1
-4
-4
2
3
2
2
2
0
3
0
2
2
0
-4
2
4
-1
-4
-3
-2
-1
-3
-1
-1
-3
-4
-3
1
3
4
1
3
6
2
2
4
2
-2
-1
-3
-3
-1
-3
-1
-2
-1
0
3
3
2
-1
-1
-1
-3
2
2
1
-2
-2
-2
0
0
-5
-4
-4
-1
-1
-1
-1
0
1
1
-1
3
5
1
0
5
4
2
2
0
2
2
1
-6
-4
0
-2
0
-4
-2
3
-2
0
1
-1
-1
-4
-4
2
5
4
6
3
2
2
0
1
2
-1
0
-1
-4
0
0
0
-2
0
1
1
0
-1
-2
1
2
-2
-1
1
3
-1
-4
0
0
-1
-3
0
2
0
-5
1
-1
0
-1
-2
0
1
0
-3
-2
1
6
0
-1
1
5
1
0
4
4
2
-3
2
4
-1
-4
-2
-2
-2
-1
-2
-3
0
0
0
0
1
1
-1
2
1
-1
0
1
-2
-4
-2
-1
0
1
-2
-3
-1
1
-1
-4
-4
-1
1
1
0
-1
0
-2
0
2
0
0
1
-1
3
3
2
-1
-2
1
2
1
3
1
2
2
-1
-1
2
3
4
7
3
1
1
3
1
0
1
0
-1
-1
-1
-1
1
-1
-3
-5
-2
0
1
-1
-3
-4
-1
2
3
-1
1
0
1
2
-1
1
1
-1
-1
3
1
1
2
0
-2
-1
0
-4
-3
0
-3
-4
2
-3
0
1
2
-1
-3
0
-1
-1
3
0
-3
-1
-1
1
1
2
-1
1
-1
-4
0
-1
0
-2
1
0
3
2
2
0
0
7
4
2
0
2
3
4
2
1
3
-1
0
-2
-1
-3
-1
1
2
-3
-3
2
-1
0
-1
0
0
-1
0
-2
1
-1
-2
-1
-1
-1
-3
-5
-2
0
-3
-2
0
3
2
-1
0
3
2
1
4
5
2
0
4
2
0
0
0
-3
-1
0
-1
-3
-2
1
-2
-2
-1
2
-1
0
2
0
0
-1
-2
-1
1
1
-1
3
3
2
0
1
3
3
2
2
5
2
-1
2
3
-1
-5
-3
-4
-4
-2
-5
-3
-3
-2
0
2
2
-2
-1
4
4
0
-1
-2
-1
0
-3
-2
-1
-1
-4
-4
-2
1
0
0
2
1
1
3
2
2
2
2
0
-2
4
2
0
2
1
0
6
4
2
0
2
3
4
2
-3
-2
3
1
-3
-2
-3
-2
-4
-2
-2
0
-3
-2
-2
-2
2
1
-2
-2
-3
-4
-5
-2
-1
-2
2
0
-2
-1
0
1
-4
-3
-1
0
0
3
3
2
-1
-2
0
4
4
1
1
1
2
1
1
0
0
-2
0
5
3
1
0
0
-1
2
1
3
1
1
2
1
2
2
2
1
2
1
-1
0
0
-3
-3
0
1
-3
0
1
-3
-3
1
-2
2
2
0
0
2
4
1
0
-2
0
1
-1
-1
-1
-3
-1
-3
-7
-4
-4
-3
1
-1
-1
-3
-1
4
0
-1
-1
0
1
0
-1
-4
-2
0
-4
-2
2
4
1
-1
0
1
-3
-1
1
4
7
4
2
-1
0
1
2
2
-1
-1
1
-2
-3
1
1
0
-1
-2
1
3
3
2
1
2
1
3
2
2
3
3
-1
-2
1
1
3
4
1
-1
4
4
-2
0
3
0
0
-3
0
1
0
-4
-2
-1
-3
-2
-1
-1
-3
-5
-1
-1
-2
1
-1
-3
-1
2
-2
-3
-2
-2
1
-2
-1
0
-2
-1
1
-2
-1
1
1
-2
1
2
0
-1
-1
-1
2
-1
-1
0
-1
-4
-1
0
-2
-2
0
2
0
-1
1
3
2
5
4
6
3
1
3
2
0
-1
1
2
0
0
2
0
3
0
-1
-2
0
1
1
2
0
-2
1
0
0
-3
-1
0
-4
-2
-3
-4
-2
0
2
0
2
3
2
1
-3
-3
-2
-4
-2
1
-2
-2
2
-2
-1
1
0
-1
-1
-1
1
0
-2
-1
-1
2
0
-2
4
3
1
0
-1
0
1
3
3
2
1
0
1
1
1
4
2
2
-1
-1
-2
-1
0
1
-1
0
2
-4
-2
-2
1
-3
-5
-3
0
2
0
0
-2
0
-1
-1
-1
-2
-1
3
2
5
1
2
2
0
2
3
0
-2
-1
0
3
1
0
-1
-1
0
1
0
0
1
3
-1
1
2
1
5
0
-4
-1
1
-2
0
0
-1
0
0
-1
0
1
1
1
-1
0
1
1
-2
-2
-1
-3
-1
1
2
1
1
0
-3
-3
-1
0
0
2
-2
-2
-2
-2
0
-1
0
0
0
1
1
0
-1
-1
1
0
-1
1
0
-3
1
1
0
1
-1
0
0
2
-1
1
1
2
3
4
2
0
5
1
2
-1
-2
0
0
2
-2
-2
-3
1
0
-2
-1
0
0
0
-1
-1
2
1
-1
-2
2
0
-1
0
-2
0
-1
-1
0
-1
-1
-1
0
-1
-3
2
0
2
3
0
2
1
0
3
0
1
5
1
1
1
-1
-1
0
1
1
1
1
1
3
-2
-2
2
1
-1
0
-1
0
-1
-2
-1
0
2
-1
-2
-1
-1
-2
-2
-5
-4
3
3
0
2
1
-1
-1
-3
-3
0
0
-2
0
2
3
2
3
-1
2
0
1
2
1
3
-1
1
1
-1
-1
-2
-2
-4
-3
0
-1
1
2
-1
2
2
-2
0
0
2
3
2
1
2
2
-1
1
0
0
0
0
-2
-3
-1
1
-1
-2
-3
-1
1
-3
0
1
-3
-1
0
-2
-3
-3
-1
1
1
-1
0
-3
0
-1
-1
2
1
2
0
-1
0
0
4
3
1
0
-1
-4
-4
-1
1
1
0
1
3
5
3
2
2
4
2
1
2
2
0
0
1
-1
-2
-1
1
0
-3
-2
1
1
1
0
-2
0
3
-1
0
0
2
-1
-4
1
0
1
-3
-2
-3
-3
-2
0
0
-1
-1
1
1
0
1
1
0
-2
0
0
0
1
2
3
3
-1
2
2
-1
0
1
-2
-4
-1
-1
-1
-4
-4
-4
-1
-2
-1
0
0
-3
-2
2
3
3
-2
0
-1
-1
0
-1
1
0
-1
-1
-1
3
0
0
0
0
1
2
3
1
2
0
0
2
3
-1
0
0
1
2
-1
0
0
1
0
2
0
-1
2
0
-3
-1
-2
-2
2
0
-1
-1
0
2
-1
-1
1
1
1
0
-1
-1
0
0
-2
1
2
1
2
3
2
3
3
3
3
0
0
-1
0
-2
-3
-3
-4
-3
-3
-1
-1
0
0
1
-2
-1
-2
0
3
1
2
2
3
0
1
0
0
1
2
2
3
1
1
2
2
-3
-4
0
-3
-3
-1
0
-3
0
-3
-4
-5
-2
-2
-1
-2
-2
2
2
1
2
1
1
0
-3
-1
-3
2
1
3
2
0
1
-1
2
0
1
-1
-1
0
-1
-1
1
0
-2
-1
1
1
1
4
6
3
2
3
2
0
-1
-1
-3
0
1
2
0
0
0
0
2
1
-1
-1
0
-2
-1
-2
2
0
0
-3
-2
-2
-3
-2
-4
-3
-1
-1
1
-1
1
-1
-3
-1
-1
0
-1
-2
2
-1
2
2
0
1
0
0
0
-1
2
-1
2
3
-1
3
4
1
2
2
0
2
2
5
3
0
-1
-2
2
-2
-1
1
2
2
4
2
0
2
-3
0
0
0
-1
0
2
-1
-3
-3
-3
-3
-1
-3
-1
0
-4
-2
-3
-2
-1
0
1
1
0
-1
0
0
-1
1
1
-1
0
1
0
-3
-2
-1
2
2
-1
-1
-1
-2
-2
-1
-1
-1
-1
-1
0
2
1
3
2
0
2
1
2
1
3
3
2
1
5
3
1
-1
-2
1
0
1
0
-2
-1
-2
0
-2
0
1
-3
-1
-1
-2
2
3
1
-1
3
3
1
1
3
1
-1
0
2
4
5
2
-1
-1
-2
-2
1
0
0
-1
-1
1
1
3
2
1
1
-2
-2
-2
-1
-3
-3
-1
0
0
-2
-5
-4
-1
0
2
1
-1
1
2
1
0
2
1
-1
-3
-2
-1
-4
1
1
-2
0
-1
0
1
-1
-2
-5
-11
-8
7
2
-10
-2
3
-5
-4
5
1
-3
2
6
2
5
10
6
3
4
6
1
2
2
1
0
-1
2
3
2
3
5
-2
-2
-1
0
-1
-3
2
-2
-3
0
2
0
-2
1
-2
-1
0
0
-2
-1
-1
0
-2
0
1
-1
0
2
1
-1
1
-1
-1
-3
-1
-1
-2
2
0
-3
-2
-2
-4
-5
0
0
-1
0
2
2
-1
0
1
0
0
2
4
0
2
1
1
-1
-1
0
-2
1
-1
-1
3
3
3
1
1
2
2
1
0
-2
-1
-1
-1
0
0
-2
-2
-2
-1
-2
-2
0
0
-3
-1
-2
-2
-2
-1
0
-2
2
-1
1
2
1
-1
0
-2
-1
1
-1
1
1
0
1
1
1
0
0
1
-1
0
2
0
-1
0
-1
2
3
1
-1
0
1
1
2
1
2
2
2
0
-1
2
-1
-1
-1
1
0
2
5
4
4
2
1
3
1
1
1
0
-1
-1
-2
1
2
-3
-3
-5
-4
-2
-1
-2
-1
1
0
1
2
2
-2
1
-1
-4
0
1
0
0
1
-3
-4
0
1
-2
-2
-3
0
2
1
-1
-3
0
0
-1
-1
2
3
0
0
0
3
1
0
-1
-3
0
-1
0
3
1
1
2
0
0
0
2
-1
-2
-1
0
2
2
2
0
2
2
2
1
2
0
-3
-2
0
1
3
2
3
5
1
0
-1
1
-1
0
0
0
1
1
0
1
-3
-2
-2
-2
-1
0
1
-1
-1
0
1
0
1
2
1
-2
-3
-1
-2
-2
-4
-3
-2
0
1
1
0
1
-1
2
2
-1
-1
-2
0
1
0
1
3
1
-1
1
1
-1
1
3
4
1
2
2
1
2
-1
-4
-1
-2
-2
-2
-3
-3
-2
0
2
1
0
-2
-3
-2
-2
0
-2
-2
-1
-3
-3
-3
-2
-2
0
1
0
2
3
1
-1
0
2
0
1
2
3
1
0
2
1
2
2
3
2
0
1
3
3
6
5
0
-1
2
2
3
2
-1
-2
0
0
0
-1
-1
2
1
1
0
1
1
2
1
2
-3
-4
-3
-2
-1
-3
-2
-3
-1
-3
-4
-1
-1
0
-2
-1
-1
-1
-1
-1
2
0
-1
2
0
1
1
-1
0
0
-1
-3
-2
1
-1
-2
-2
-1
2
1
-2
0
0
1
1
1
3
0
1
0
0
0
-1
1
1
0
-1
-3
2
-2
0
3
-1
0
3
-1
1
2
1
0
1
2
1
-1
0
1
0
1
-1
0
1
0
3
1
0
1
0
-1
-2
3
0
0
-1
-1
-2
-1
0
0
0
1
2
-1
-1
-3
0
1
-1
1
-1
-1
-2
-2
-1
6
1
-3
1
4
0
1
2
-1
3
5
-3
-6
1
0
-2
-4
-2
1
1
2
1
-2
0
1
-2
-2
0
1
1
1
-1
-1
0
-2
-3
2
-3
0
1
-2
-1
1
-2
-1
1
0
1
-2
0
-2
0
-2
0
0
-2
1
1
1
0
0
-2
0
1
-1
-1
1
-3
0
3
-1
-2
2
3
1
1
1
0
3
2
0
0
2
2
2
1
0
1
0
2
0
-1
1
0
2
0
1
-3
-2
-1
-1
-3
1
1
-1
1
1
0
-5
-1
-3
-1
0
-2
-2
-1
2
-1
0
3
3
3
3
2
-1
-1
-1
0
1
0
-1
-1
-1
1
2
0
2
2
0
-1
-1
-3
0
-1
-2
0
-1
1
-2
0
0
-2
0
2
2
1
-2
-3
-3
-4
-3
0
-1
-2
1
1
3
2
1
2
0
-1
0
4
0
1
-1
-2
-2
-2
-2
-4
-1
-3
-4
-2
-4
-2
-1
-1
-4
-1
2
2
1
-1
2
1
1
2
3
3
2
1
1
2
3
3
3
4
3
4
5
5
2
-1
-1
-1
-2
0
3
2
0
-2
2
2
0
-3
-1
1
0
3
2
-1
0
0
-1
-2
0
-1
-1
-4
-2
-2
1
-1
-2
0
-2
-1
-5
-3
-1
-4
-5
-4
-4
-1
-4
-3
-5
-3
-2
-3
1
0
-1
1
1
2
3
2
4
1
1
1
0
1
2
-1
0
0
3
4
5
6
2
2
1
2
0
0
-1
-2
-2
1
0
1
1
0
1
-1
0
-3
0
1
1
-1
1
1
2
2
-1
1
0
0
0
-1
-1
1
-1
-1
1
-1
-1
1
-1
-1
-2
-1
2
-2
-4
-7
-3
-1
-3
-1
1
1
-1
3
1
2
3
1
3
0
-2
-1
-1
0
-1
1
0
1
1
1
0
1
1
0
4
3
2
0
0
0
-1
-2
-2
-3
-3
-4
-2
-1
-1
1
0
2
0
1
0
0
-2
0
2
1
-1
2
3
2
-1
0
0
0
0
-2
-1
0
-1
1
-2
1
3
1
2
-2
1
-2
-1
0
-1
0
-1
-1
0
-1
0
0
0
-1
0
0
1
1
-2
-4
2
2
-2
0
-9
-6
11
-1
5
-6
0
9
-1
1
-1
-2
2
5
-5
-2
6
1
1
1
1
3
-3
0
-2
3
0
3
0
1
3
3
2
-2
-3
3
1
-4
-4
-3
-3
0
2
-6
-1
0
3
-5
-3
2
0
-3
-1
-3
1
5
-4
0
2
0
0
0
-3
-1
2
0
-1
5
1
0
4
1
-1
4
1
1
2
2
0
0
1
0
-1
-6
-3
-2
0
4
2
1
0
1
-2
-1
-1
2
-1
-1
-3
0
3
-1
1
2
0
-4
-2
0
0
-1
1
-1
-4
-1
1
-2
-1
-1
-1
0
-1
3
0
2
-1
-4
-1
-3
-1
0
1
1
0
2
1
1
0
2
2
-2
-2
1
1
0
-1
-1
2
1
1
-2
0
-1
-1
3
2
2
0
3
3
2
3
0
1
-1
-2
-1
-2
-1
0
-2
-2
0
-1
0
-2
1
-1
0
-2
0
3
0
2
3
3
2
3
-1
1
2
-1
-2
-3
-1
-1
-1
0
0
0
1
-2
-2
-3
0
-2
2
3
-1
1
1
0
-2
1
1
1
0
2
0
0
3
0
-2
-4
-3
-2
0
0
-1
0
0
0
1
-1
-2
-1
1
-1
0
-1
-5
-2
-1
-1
0
2
2
0
1
-1
1
-3
-4
-2
2
3
2
1
0
0
-2
-1
2
1
0
-1
0
1
-2
-1
0
1
0
-1
1
0
0
2
2
2
-2
1
3
-3
2
4
2
0
-1
0
1
1
1
1
-1
0
0
-1
0
0
1
-1
-3
1
4
3
1
-1
-2
-2
0
2
0
1
3
1
-2
-2
0
0
-1
-2
0
-3
-3
0
1
4
3
2
1
2
1
4
4
-2
-2
-3
-2
-1
-2
-2
0
0
0
1
-2
-2
-1
-4
-5
-2
0
-2
-3
-2
3
2
2
2
1
-2
-3
0
2
-1
-3
-2
-4
-2
0
1
5
1
-1
1
2
1
0
2
0
-1
0
-1
2
4
3
1
1
1
-1
0
2
-2
-1
-1
0
5
4
2
1
1
0
-1
3
3
0
0
0
1
2
1
1
1
1
0
-1
-2
-3
-3
-3
-4
-4
-1
-1
0
-2
-1
-2
-3
3
3
-1
-2
0
-5
-1
1
-1
-1
-2
-1
2
3
1
-2
-4
-3
-2
1
-1
1
0
-2
0
2
-2
-1
0
-1
-1
2
1
1
1
-3
-3
-2
-2
1
0
1
0
1
4
2
1
0
3
1
4
4
2
1
-2
-2
0
1
0
3
2
2
2
4
2
3
2
0
-1
-1
-1
-2
-2
-2
-3
-3
4
1
2
1
-1
1
3
2
-1
1
0
2
2
2
3
3
1
-2
-1
-1
-1
-1
-2
-4
-3
-5
-3
-1
-3
-1
-2
-2
-2
-3
-2
-2
1
1
-1
0
0
-2
-2
-1
0
-1
-2
-1
-3
-1
0
1
2
1
-1
-1
3
1
0
-1
3
4
3
-1
-2
1
2
1
2
1
1
3
1
1
2
2
-1
-2
2
3
2
2
1
4
3
0
1
1
0
1
0
-3
-2
-1
0
-2
-4
-3
-2
1
2
2
1
-2
0
-1
0
0
-1
0
3
1
0
0
0
-1
0
1
1
-1
-1
-3
1
4
-1
-1
-2
-3
-2
-2
-1
-1
0
3
1
2
3
2
6
1
0
0
-1
-1
-3
-1
-4
-1
3
-2
-2
-1
-1
-4
-1
-2
1
-2
-4
-3
-2
-1
-3
2
-4
-3
-1
-1
1
2
2
-1
1
2
0
-2
0
3
2
3
2
0
0
1
1
1
1
4
2
1
-1
-1
4
1
1
0
0
-1
2
0
-4
-6
0
2
0
3
2
-1
0
2
3
2
3
1
0
1
1
3
-2
-1
-2
-3
0
3
1
3
2
0
-1
-3
-3
-2
-3
0
0
2
-1
0
1
0
0
-2
-3
-6
0
1
-3
-2
-3
-2
0
5
4
3
0
0
2
-2
-4
-3
-1
0
4
5
2
2
0
-1
2
0
-1
2
-2
-4
-3
-1
1
-2
-5
-5
2
1
2
2
0
-2
-3
1
-1
1
0
-2
-1
-4
-3
-2
-2
-1
0
2
-1
-1
-1
2
5
5
4
3
5
1
-2
-1
0
0
-2
-3
-1
0
0
1
-2
1
1
4
1
1
1
2
1
1
-2
-1
-2
1
0
1
0
0
-1
0
1
-3
-2
0
2
2
3
0
2
2
4
2
0
-3
1
3
0
0
3
2
0
-3
0
-2
-3
-2
-1
0
-2
-1
-1
-3
-1
-1
1
0
-2
-4
-2
-1
-4
-2
1
2
0
3
3
-1
-4
-1
1
-2
-2
-3
-3
0
-3
0
-2
3
4
3
2
0
1
-2
2
0
-3
-4
-1
1
1
0
3
1
0
1
1
3
2
1
-3
-1
-3
-3
-2
2
-1
-1
2
-3
-1
2
1
0
1
1
1
-1
2
4
1
-1
-1
3
2
0
1
2
1
3
-1
-1
3
0
-2
-3
0
0
-2
0
4
1
1
0
0
-2
-2
0
2
4
0
1
3
0
-1
-2
-1
0
0
0
1
2
0
0
3
1
-1
-1
1
4
6
2
4
-1
0
1
-3
-2
-5
-2
-3
-3
-3
-2
-1
-2
-5
-8
-7
-3
0
-7
-8
-5
-3
-6
-2
-1
-3
-1
8
5
0
2
1
0
6
9
1
1
10
15
2
0
13
10
8
6
-1
12
14
-6
-2
5
1
6
4
-1
2
1
2
-2
-5
5
5
0
-14
-21
-8
-1
-3
10
12
-13
-8
4
-18
-35
-8
14
0
0
37
-12
-82
-29
46
24
-11
24
49
14
-30
-7
2
4
36
26
-18
-5
3
-22
-36
-8
15
-16
-29
3
2
-29
-8
15
9
-7
-28
-45
-37
-25
14
9
-30
3
42
21
29
59
65
47
-2
12
20
-26
-34
44
28
-40
-39
33
61
33
-2
-26
27
86
-10
-108
-37
-10
-62
-35
52
32
-32
-21
3
-53
-8
49
-36
-56
26
2
-69
-21
10
11
-20
12
58
90
74
10
-90
-69
-2
-11
-15
-27
62
128
1
-53
21
-43
-80
8
5
7
42
97
120
-37
-119
-57
-47
23
25
-79
-35
93
-2
-37
41
95
137
115
-34
-121
-126
-61
-43
-81
-44
27
46
9
81
176
95
-78
-52
-28
-92
-100
-60
34
79
63
67
-50
-31
128
-60
-186
70
166
-43
-43
82
-41
-157
13
141
-41
-59
82
24
-161
-55
162
92
-71
-52
-33
18
77
-68
-86
90
62
-104
-115
88
253
-42
-288
11
178
-68
-88
173
211
-25
-122
-58
-201
-48
258
8
-69
193
51
-224
-190
7
109
26
31
119
-24
-103
12
-26
-11
37
4
61
28
-43
1
-53
-19
47
-140
-58
199
-11
-140
66
92
-45
-44
43
123
34
-106
-83
-47
-40
3
-7
89
133
20
8
6
-52
33
6
-101
-19
-3
-4
125
99
-10
-58
-61
5
-20
-70
-13
-38
-67
-12
40
57
78
12
-60
-53
-26
38
29
39
72
-22
-74
-84
-66
40
84
99
119
55
-35
-19
-42
-116
-56
-18
-45
9
38
-22
-12
48
39
1
-41
-53
-19
41
33
-69
-12
44
33
72
4
-38
-13
52
52
15
4
-104
-84
-4
51
98
0
-84
-57
12
44
26
15
13
14
19
23
-90
-100
11
36
50
91
69
-51
25
-38
-225
-42
44
-70
-42
106
223
130
-27
-106
-79
-28
42
46
-46
108
100
-63
-25
-78
-58
42
88
73
-9
-67
-58
-72
-22
25
-123
74
-8
-148
128
35
-53
42
60
110
274
29
-261
-149
-30
-87
-109
76
214
76
-203
-172
124
112
120
115
-140
-75
-101
-224
-149
133
91
44
165
72
183
43
-217
-181
88
85
-13
-48
-119
47
58
-56
-13
104
103
-140
-126
59
24
-8
-67
37
-11
16
143
51
31
-96
-98
16
7
-24
130
24
-94
41
-26
-22
67
-23
-91
-5
91
-18
-14
79
-42
-41
-3
-14
-12
67
52
-27
-47
-54
-45
2
93
101
17
-17
25
5
-65
-83
-20
-73
-116
-36
69
89
119
100
-33
-36
32
24
-34
-62
-65
2
13
-13
10
56
81
76
-58
-105
-43
-2
14
-2
-27
-15
27
38
15
-14
45
51
-61
-55
49
15
-53
-45
-39
36
97
10
-47
-1
-33
-27
5
10
-6
-15
-6
45
72
37
0
-22
-5
-23
-11
47
6
-110
-128
-39
2
32
78
38
53
47
-73
-73
40
61
-32
-16
4
46
71
17
-29
2
0
-49
-25
59
25
-83
-60
46
56
-56
-89
-3
69
39
18
-4
37
3
-101
5
110
51
1
-11
6
-16
-46
-9
-20
-15
-46
-55
52
32
-53
-29
53
4
-55
-38
41
56
18
49
61
-11
-79
10
27
5
17
5
-5
0
1
-15
-78
-60
-56
-10
113
85
42
25
-61
-85
10
53
-7
-41
-30
1
27
53
-23
45
64
-106
-78
14
-11
26
41
-41
1
55
-16
-78
6
48
2
-40
19
23
-8
18
51
-1
-21
41
-12
-70
-66
-24
6
2
-27
23
78
69
41
13
-43
-56
-37
-32
33
17
-14
29
39
13
33
-7
-31
26
-29
-40
13
8
-7
14
9
-5
15
59
-30
-114
-7
59
-23
7
77
29
-5
-2
-34
-130
-30
107
2
-47
63
49
-53
-85
61
86
-94
-106
45
75
52
10
-50
-38
-86
-98
-17
88
109
-3
0
143
133
-70
-165
-4
107
-91
-222
-15
154
131
-22
-111
16
157
36
-161
-100
91
144
-42
-212
-18
124
-18
-54
30
132
160
-85
-281
-50
181
126
-72
-74
119
55
-92
-11
55
-26
-82
-68
-12
93
59
-61
-11
74
6
-68
-31
12
51
48
-25
-20
23
8
-14
-72
-121
-37
68
61
60
89
31
-54
-70
-31
17
23
-43
-72
43
126
25
-61
18
38
-81
-82
-25
4
54
26
-40
7
27
-46
-13
62
18
-21
-57
-52
35
15
-1
26
-20
-18
62
30
7
36
-53
-56
48
25
-56
-25
73
88
34
-38
-132
-136
-21
49
6
-38
-39
-21
-15
-25
-36
-15
35
-22
-77
11
29
-20
17
-2
-15
101
110
72
90
-9
-50
71
102
68
72
9
-64
-11
132
172
91
49
-1
-67
-77
-87
-42
13
18
43
17
-79
-57
23
19
-44
-61
-7
-54
-136
-90
-30
-12
54
15
-54
-17
13
-42
-82
-55
-47
-63
-64
-5
52
47
33
36
15
9
14
22
28
13
54
95
78
52
24
-1
11
-21
-9
44
22
-4
-13
-39
-44
-37
-16
7
-28
-61
-34
-14
-26
-10
17
5
5
23
21
-11
-7
18
22
5
10
24
16
-13
-12
15
13
18
32
38
20
16
10
-40
-53
26
31
-35
19
68
13
22
40
-31
-63
-33
-43
-7
21
4
-13
4
4
-43
-59
-3
-9
-39
-13
-15
-50
-24
-2
-17
-2
14
13
20
0
-48
5
33
37
52
24
16
-17
16
32
10
38
24
-7
-8
15
-40
-51
-20
-22
16
30
-3
10
0
-70
-72
25
9
55
55
84
71
11
5
-47
-21
-45
-21
41
38
0
27
24
52
-13
-81
-71
-110
-78
2
-25
34
56
-16
-14
-2
30
22
14
22
40
5
5
-23
-3
34
56
15
27
-3
-16
29
34
-46
-52
-20
-36
-46
-29
16
-16
-1
37
18
-26
-1
-29
-27
20
-10
-21
9
-6
22
15
-31
-12
20
26
-31
-57
-15
4
-6
-2
4
21
-7
-6
1
13
5
-7
15
-31
-38
-18
-10
50
54
7
-3
31
98
39
-28
63
85
-35
-68
27
89
31
17
29
-38
-9
32
10
-3
41
6
-113
-137
-33
36
19
-28
-71
-31
16
-8
-31
-55
-93
-34
27
66
151
136
-2
-90
-64
7
31
-31
-96
-71
32
76
49
-18
-60
-65
-21
55
128
103
-43
-71
15
-100
-122
131
152
-77
-100
77
96
-2
87
157
-24
-47
-63
-293
-207
131
81
-71
118
343
167
-109
-11
114
-73
-246
-114
126
11
-186
-52
43
65
149
-77
-293
-10
206
47
-50
90
182
-21
-291
-275
-50
134
104
-14
28
169
59
-250
-330
-32
163
-10
-272
-195
321
529
147
-86
5
77
125
-45
-189
58
205
-78
-155
113
113
-67
32
148
3
-59
-104
-249
-74
99
-144
-244
45
97
43
157
139
-45
-75
7
-176
-354
-122
101
-1
16
167
195
181
245
237
129
-47
-82
-56
-61
-97
-83
71
92
-27
1
129
-37
-128
-66
-103
-202
-285
-206
-45
110
97
135
289
344
99
-96
22
44
-45
-159
-86
-43
-33
-38
10
-55
-148
10
48
30
155
220
-13
-60
97
14
-210
-213
-72
-164
-141
36
51
-3
-67
-180
-161
136
143
-68
-85
18
-7
-45
88
144
84
-32
33
75
38
83
154
114
8
-16
13
46
-74
-60
91
67
-67
-54
116
118
-16
-200
-222
-87
70
-6
-45
130
142
16
-81
-68
114
297
43
-165
-183
-49
101
139
81
-20
-106
-97
-41
3
78
18
-76
-45
-82
-97
-74
-44
-53
64
153
14
30
111
52
-12
-13
-96
-12
-18
-41
77
71
-2
38
66
69
86
-5
-36
-19
-41
-3
14
-35
-111
-113
-18
70
33
-77
-135
-89
15
-21
-61
-84
-115
-109
-94
-51
17
8
19
42
41
163
229
158
180
148
46
50
116
118
44
32
7
0
-76
-120
-116
-155
-196
-90
55
119
94
56
78
-25
-90
-105
-169
-160
-97
-93
-77
-38
-44
-79
-22
17
13
64
153
210
159
54
38
49
92
111
50
-3
27
32
3
-100
-15
109
-31
-30
59
53
15
16
-29
-55
-77
-22
-80
-144
-167
-168
-144
-64
51
125
51
-12
9
-15
-5
-66
-88
-4
37
-16
18
152
187
76
-1
14
34
34
-17
19
87
-4
-96
-6
112
77
4
-106
-261
-295
-154
-78
-26
44
-71
-283
-315
-160
-54
8
130
192
163
226
308
274
215
209
184
59
-173
-324
-171
88
158
74
82
248
325
192
142
233
127
-129
-141
46
67
-95
-223
-177
-21
123
258
406
481
313
-62
-274
-135
66
14
-85
-23
34
-63
-172
-107
15
2
-54
-56
-5
109
87
-121
-146
44
-27
-300
-343
-207
-177
-251
-243
-142
-105
-141
-186
-260
-285
-209
-176
-229
-195
-95
-172
-319
-302
-207
-169
-126
-95
-111
-66
55
73
-44
-134
-157
-233
-310
-254
-137
-37
48
86
94
154
226
252
315
440
507
460
368
359
425
404
267
208
295
387
409
402
408
495
573
519
498
605
645
547
512
546
452
264
149
136
193
215
189
270
468
566
471
353
349
351
247
68
-58
-132
-251
-391
-461
-480
-491
-468
-458
-525
-528
-415
-348
-307
-211
-146
-189
-265
-366
-546
-738
-891
-1062
-1236
-1350
-1428
-1537
-1648
-1681
-1667
-1734
-1886
-1976
-1975
-1990
-2068
-2141
-2115
-1976
-1837
-1737
-1523
-1092
-631
-295
74
617
1179
1605
1954
2330
2705
3026
3272
3431
3521
3568
3518
3352
3172
3010
2802
2551
2322
2102
1875
1683
1515
1296
1064
862
611
288
15
-136
-262
-434
-616
-722
-716
-615
-492
-414
-343
-267
-270
-332
-309
-236
-265
-377
-422
-394
-373
-360
-370
-456
-574
-654
-719
-792
-848
-888
-912
-872
-800
-808
-878
-850
-709
-588
-504
-385
-282
-325
-459
-529
-573
-843
-1531
-2483
-3326
-3883
-4393
-5153
-5973
-6430
-6440
-6273
-5999
-5395
-4412
-3325
-2352
-1341
-43
1462
2780
3651
4268
4974
5751
6295
6491
6510
6489
6398
6222
6022
5860
5723
5514
5144
4690
4298
3944
3436
2651
1658
622
-323
-1199
-2123
-3107
-3964
-4555
-4928
-5142
-5128
-4832
-4329
-3748
-3087
-2254
-1231
-198
624
1225
1769
2300
2646
2731
2693
2664
2629
2527
2361
2201
2088
1935
1664
1326
1046
812
502
105
-293
-670
-1051
-1427
-1798
-2177
-2496
-2676
-2718
-2688
-2574
-2325
-1993
-1653
-1325
-960
-523
-72
306
609
904
1151
1240
1148
942
547
-225
-1348
-2491
-3413
-4280
-5338
-6472
-7298
-7625
-7618
-7487
-7165
-6476
-5432
-4267
-3093
-1781
-274
1178
2305
3171
4028
4940
5710
6164
6376
6549
6783
6983
7053
7035
7022
7004
6876
6603
6285
5996
5621
4951
3981
2946
1983
981
-164
-1364
-2537
-3727
-4852
-5607
-5896
-6097
-6424
-6516
-5989
-5065
-4167
-3289
-2178
-928
170
1094
2033
2980
3617
3780
3702
3673
3669
3474
3085
2689
2367
2069
1780
1510
1229
926
619
234
-248
-688
-980
-1276
-1772
-2308
-2594
-2643
-2744
-2980
-3104
-2935
-2616
-2361
-2088
-1599
-935
-353
61
456
850
1055
986
687
59
-972
-2144
-3116
-4004
-5174
-6506
-7436
-7724
-7707
-7676
-7399
-6539
-5288
-4124
-3060
-1652
146
1737
2741
3527
4487
5437
6008
6199
6266
6339
6386
6369
6347
6389
6482
6507
6420
6274
6128
5987
5737
5210
4366
3415
2562
1669
483
-919
-2216
-3289
-4264
-5172
-5868
-6249
-6393
-6379
-6117
-5508
-4623
-3622
-2591
-1488
-308
890
1984
2831
3398
3798
4129
4310
4226
3929
3600
3282
2908
2481
2090
1768
1409
958
518
188
-99
-465
-920
-1383
-1777
-2099
-2375
-2628
-2836
-2927
-2892
-2789
-2653
-2422
-2054
-1600
-1140
-693
-282
20
190
285
254
-120
-986
-2110
-3092
-3905
-4885
-6140
-7241
-7780
-7874
-7873
-7724
-7080
-5936
-4680
-3505
-2149
-411
1397
2801
3785
4706
5716
6535
6893
6908
6866
6860
6757
6522
6293
6171
6070
5866
5581
5363
5260
5119
4734
4086
3348
2641
1921
1042
-62
-1339
-2623
-3736
-4604
-5313
-5960
-6456
-6596
-6303
-5714
-4951
-3981
-2795
-1534
-334
866
2126
3261
4007
4374
4605
4792
4766
4411
3866
3315
2774
2200
1651
1216
878
546
209
-62
-251
-405
-602
-906
-1291
-1647
-1915
-2175
-2536
-2921
-3130
-3114
-2995
-2863
-2623
-2186
-1611
-1036
-520
-35
402
692
693
307
-427
-1331
-2257
-3262
-4483
-5860
-7052
-7797
-8161
-8331
-8295
-7841
-6909
-5706
-4393
-2891
-1125
698
2247
3477
4622
5780
6706
7173
7272
7260
7226
7078
6797
6500
6257
6012
5714
5418
5225
5123
4975
4649
4145
3549
2925
2229
1349
242
-1017
-2290
-3484
-4544
-5444
-6164
-6693
-6983
-6900
-6368
-5469
-4385
-3208
-1910
-480
995
2376
3564
4484
5087
5407
5519
5469
5196
4664
3962
3231
2563
1945
1370
852
388
-32
-386
-640
-825
-1030
-1313
-1637
-1927
-2180
-2428
-2709
-2992
-3215
-3350
-3376
-3259
-2972
-2559
-2076
-1549
-930
-201
527
1066
1254
1073
619
-14
-824
-1848
-3074
-4426
-5741
-6846
-7614
-8035
-8180
-8087
-7693
-6891
-5686
-4190
-2558
-925
635
2097
3455
4713
5783
6528
6900
6998
6980
6915
6763
6508
6190
5856
5546
5304
5180
5131
5024
4771
4410
4032
3610
3049
2294
1379
317
-888
-2160
-3347
-4364
-5280
-6129
-6750
-6936
-6681
-6142
-5411
-4428
-3188
-1808
-402
1002
2380
3605
4516
5091
5449
5643
5599
5235
4618
3932
3292
2667
2003
1339
764
303
-86
-424
-677
-859
-1066
-1351
-1640
-1849
-2030
-2280
-2609
-2900
-3081
-3179
-3212
-3134
-2878
-2483
-2032
-1542
-958
-261
420
854
892
588
113
-447
-1197
-2278
-3630
-4994
-6138
-7023
-7688
-8127
-8246
-7994
-7395
-6478
-5194
-3594
-1872
-238
1264
2757
4255
5587
6551
7113
7397
7509
7476
7278
6933
6502
6026
5555
5131
4813
4627
4484
4259
3926
3588
3307
2976
2447
1712
803
-255
-1383
-2422
-3362
-4368
-5443
-6298
-6669
-6665
-6499
-6105
-5311
-4200
-2982
-1657
-120
1483
2835
3840
4687
5449
5951
6028
5756
5314
4763
4087
3324
2556
1830
1154
554
55
-329
-601
-806
-1007
-1218
-1388
-1486
-1587
-1784
-2076
-2363
-2598
-2792
-2960
-3083
-3099
-2972
-2702
-2318
-1837
-1262
-621
-9
375
423
239
-1
-344
-1008
-2048
-3248
-4354
-5341
-6250
-7000
-7447
-7590
-7509
-7156
-6363
-5110
-3613
-2106
-635
861
2399
3899
5198
6166
6791
7165
7369
7390
7203
6869
6446
5956
5424
4938
4583
4339
4101
3789
3465
3229
3068
2825
2384
1771
1055
301
-456
-1337
-2555
-3982
-5086
-5598
-5966
-6605
-7081
-6737
-5746
-4784
-3905
-2604
-843
808
2069
3261
4611
5769
6275
6212
6037
5927
5593
4787
3707
2742
2010
1340
604
-90
-565
-800
-987
-1231
-1376
-1298
-1207
-1386
-1728
-1903
-1891
-2010
-2417
-2873
-3092
-3091
-3075
-3086
-2939
-2538
-2016
-1498
-919
-242
304
412
145
-177
-445
-894
-1751
-2921
-4109
-5095
-5855
-6473
-6946
-7167
-7057
-6615
-5843
-4710
-3262
-1685
-155
1270
2700
4177
5537
6516
7042
7297
7420
7396
7162
6753
6223
5587
4924
4359
3962
3668
3370
3051
2724
2470
2326
2210
1945
1413
739
45
-735
-1693
-2709
-3561
-4311
-5124
-5843
-6109
-5840
-5392
-4932
-4233
-3101
-1667
-231
1115
2381
3547
4523
5217
5650
5840
5775
5419
4768
3985
3201
2462
1710
905
146
-430
-764
-987
-1204
-1376
-1455
-1462
-1513
-1590
-1634
-1687
-1843
-2121
-2385
-2539
-2628
-2738
-2861
-2882
-2719
-2397
-2023
-1609
-1100
-542
-145
-89
-264
-409
-524
-925
-1805
-2881
-3734
-4343
-4970
-5665
-6144
-6225
-6030
-5694
-5081
-4022
-2667
-1351
-164
1101
2562
4007
5132
5888
6416
6808
7019
6992
6754
6359
5843
5237
4599
4016
3553
3194
2862
2507
2175
1981
1927
1825
1497
995
493
-3
-670
-1536
-2366
-3023
-3648
-4361
-4926
-5045
-4785
-4454
-4100
-3464
-2418
-1196
-67
993
2112
3211
4065
4603
4950
5174
5152
4780
4160
3502
2900
2266
1513
720
81
-321
-619
-943
-1239
-1367
-1359
-1394
-1509
-1582
-1569
-1603
-1789
-2032
-2217
-2350
-2491
-2628
-2686
-2626
-2455
-2206
-1915
-1574
-1140
-689
-448
-539
-771
-887
-990
-1457
-2353
-3268
-3868
-4301
-4842
-5381
-5605
-5472
-5213
-4851
-4138
-2998
-1732
-614
435
1638
2983
4214
5135
5744
6151
6414
6536
6488
6238
5803
5256
4678
4099
3561
3122
2797
2479
2097
1760
1619
1625
1506
1110
598
202
-136
-691
-1525
-2347
-2900
-3316
-3822
-4326
-4477
-4204
-3788
-3394
-2816
-1840
-650
406
1286
2219
3256
4116
4551
4666
4708
4693
4415
3802
3056
2398
1804
1141
414
-214
-639
-913
-1167
-1408
-1522
-1483
-1422
-1472
-1570
-1574
-1514
-1575
-1811
-2058
-2183
-2238
-2304
-2352
-2293
-2128
-1924
-1695
-1396
-1010
-608
-343
-346
-584
-862
-1061
-1343
-1969
-2900
-3762
-4311
-4702
-5151
-5534
-5552
-5202
-4749
-4242
-3431
-2193
-832
312
1298
2399
3655
4759
5466
5850
6113
6288
6276
6028
5620
5143
4637
4103
3570
3119
2804
2557
2270
1955
1766
1755
1725
1477
1051
636
270
-187
-819
-1527
-2199
-2837
-3454
-3932
-4142
-4126
-4003
-3753
-3249
-2450
-1469
-467
507
1462
2379
3204
3853
4275
4451
4395
4153
3767
3261
2664
2012
1325
647
52
-398
-705
-943
-1163
-1333
-1398
-1367
-1314
-1297
-1327
-1380
-1445
-1546
-1700
-1871
-2023
-2160
-2272
-2309
-2226
-2063
-1884
-1667
-1351
-934
-530
-244
-119
-165
-386
-728
-1102
-1544
-2193
-3061
-3908
-4485
-4822
-5092
-5302
-5275
-4932
-4376
-3672
-2745
-1584
-370
717
1705
2751
3828
4728
5311
5617
5793
5877
5815
5598
5268
4859
4397
3933
3532
3223
2985
2766
2538
2315
2151
2059
1947
1688
1260
769
273
-311
-1043
-1797
-2435
-3001
-3581
-4051
-4204
-4050
-3788
-3475
-2957
-2150
-1198
-289
550
1389
2206
2872
3313
3568
3691
3641
3364
2922
2435
1965
1480
949
422
-5
-290
-500
-699
-862
-942
-962
-1011
-1089
-1150
-1206
-1324
-1504
-1667
-1780
-1885
-2024
-2131
-2150
-2105
-2031
-1906
-1689
-1422
-1165
-917
-636
-359
-224
-328
-624
-994
-1368
-1788
-2370
-3103
-3781
-4194
-4398
-4568
-4671
-4521
-4071
-3474
-2814
-1968
-872
266
1219
2025
2887
3817
4549
4929
5080
5200
5247
5113
4824
4500
4182
3846
3481
3145
2922
2818
2724
2543
2328
2201
2141
1972
1630
1189
746
258
-354
-1055
-1701
-2239
-2758
-3268
-3615
-3661
-3494
-3244
-2905
-2386
-1690
-895
-107
619
1290
1908
2409
2709
2820
2829
2754
2526
2142
1721
1366
1052
709
331
30
-143
-252
-379
-517
-600
-646
-711
-836
-987
-1130
-1250
-1378
-1542
-1702
-1778
-1778
-1791
-1826
-1785
-1637
-1474
-1318
-1096
-823
-615
-492
-350
-220
-315
-698
-1147
-1507
-1927
-2603
-3393
-3993
-4352
-4691
-5040
-5136
-4838
-4381
-3965
-3388
-2419
-1250
-217
663
1608
2643
3568
4262
4769
5137
5354
5434
5408
5296
5107
4841
4529
4243
4009
3805
3615
3462
3284
3030
2761
2569
2373
2007
1453
851
301
-247
-882
-1603
-2300
-2899
-3427
-3903
-4204
-4236
-4121
-3986
-3718
-3152
-2365
-1572
-837
-94
665
1377
1984
2471
2822
3002
3006
2877
2695
2492
2214
1835
1426
1073
788
554
345
104
-151
-349
-481
-619
-798
-972
-1134
-1325
-1547
-1728
-1823
-1889
-2007
-2178
-2276
-2228
-2113
-2042
-1983
-1816
-1551
-1302
-1098
-863
-577
-380
-405
-627
-906
-1152
-1421
-1848
-2447
-3028
-3399
-3564
-3650
-3703
-3616
-3296
-2814
-2265
-1625
-799
149
997
1638
2240
2964
3677
4138
4307
4358
4416
4441
4355
4180
3989
3793
3560
3324
3173
3128
3080
2932
2718
2525
2380
2204
1910
1477
971
441
-129
-757
-1395
-1973
-2507
-3030
-3473
-3691
-3650
-3470
-3264
-2959
-2421
-1698
-965
-307
340
998
1571
1971
2249
2465
2587
2538
2332
2083
1863
1641
1366
1044
752
525
338
149
-44
-206
-355
-525
-719
-891
-1033
-1193
-1406
-1621
-1780
-1896
-2005
-2137
-2253
-2298
-2256
-2137
-1978
-1806
-1615
-1354
-1017
-697
-478
-298
-143
-202
-544
-943
-1204
-1504
-2103
-2867
-3441
-3697
-3831
-3998
-4039
-3768
-3277
-2778
-2232
-1394
-323
623
1295
1939
2748
3539
4104
4415
4574
4640
4651
4632
4537
4365
4162
3958
3761
3604
3517
3461
3355
3180
2926
2657
2474
2300
1902
1236
574
75
-433
-1141
-1972
-2692
-3196
-3591
-3988
-4305
-4307
-4007
-3681
-3379
-2844
-1974
-1093
-431
149
845
1588
2141
2405
2503
2617
2738
2671
2366
2060
1877
1669
1329
981
741
571
382
136
-140
-342
-429
-571
-874
-1175
-1331
-1458
-1708
-1988
-2160
-2255
-2349
-2449
-2513
-2468
-2305
-2110
-1936
-1703
-1360
-1016
-744
-490
-233
-74
-82
-215
-439
-753
-1114
-1503
-1952
-2441
-2841
-3046
-3101
-3083
-2979
-2710
-2245
-1662
-1076
-470
259
1033
1651
2081
2521
3032
3423
3555
3562
3603
3674
3663
3556
3455
3435
3459
3423
3342
3317
3351
3336
3192
2953
2662
2327
1925
1420
801
114
-578
-1240
-1863
-2449
-2972
-3385
-3628
-3699
-3638
-3451
-3095
-2577
-1997
-1406
-767
-74
557
1049
1438
1783
2053
2177
2171
2103
2010
1884
1718
1523
1320
1142
976
811
636
457
277
88
-117
-351
-598
-837
-1070
-1328
-1594
-1829
-2024
-2191
-2319
-2392
-2444
-2490
-2458
-2314
-2108
-1886
-1629
-1321
-1023
-771
-516
-234
-36
-86
-378
-696
-914
-1146
-1573
-2132
-2587
-2842
-2979
-3040
-2948
-2670
-2298
-1914
-1450
-800
-10
716
1247
1654
2087
2559
2947
3176
3268
3293
3311
3349
3395
3434
3484
3528
3543
3540
3584
3664
3682
3558
3303
2978
2641
2284
1832
1226
531
-131
-727
-1308
-1890
-2444
-2925
-3272
-3486
-3608
-3627
-3468
-3148
-2792
-2435
-1936
-1263
-606
-96
345
842
1356
1749
1959
2066
2175
2260
2203
2033
1880
1759
1562
1300
1083
930
758
537
290
45
-168
-355
-617
-969
-1284
-1507
-1736
-2030
-2288
-2424
-2480
-2507
-2529
-2529
-2428
-2179
-1895
-1688
-1437
-1024
-604
-332
-99
238
591
759
646
313
-19
-214
-504
-1145
-1895
-2349
-2600
-2953
-3312
-3364
-3129
-2873
-2689
-2404
-1819
-978
-225
251
711
1382
2056
2498
2819
3160
3457
3641
3774
3880
3993
4175
4343
4342
4219
4193
4265
4225
3984
3625
3231
2826
2386
1839
1170
488
-136
-774
-1467
-2157
-2795
-3315
-3682
-4002
-4363
-4533
-4272
-3849
-3639
-3396
-2705
-1782
-1091
-574
109
926
1608
2030
2302
2577
2879
3005
2825
2566
2470
2388
2100
1719
1442
1240
1011
736
397
55
-164
-359
-745
-1208
-1490
-1686
-2060
-2501
-2738
-2849
-2981
-3058
-3005
-2847
-2575
-2227
-1911
-1573
-1056
-493
-107
164
494
811
979
991
833
526
166
-248
-817
-1430
-1889
-2262
-2708
-3087
-3175
-3043
-2871
-2649
-2303
-1832
-1275
-681
-125
382
896
1356
1709
2037
2385
2662
2868
3103
3367
3568
3763
4017
4239
4334
4357
4393
4379
4215
3907
3517
3082
2559
1897
1157
448
-213
-927
-1683
-2321
-2780
-3181
-3586
-3871
-3929
-3828
-3689
-3476
-3092
-2567
-2005
-1445
-848
-229
374
929
1394
1773
2111
2402
2572
2622
2626
2614
2521
2350
2147
1910
1639
1352
1046
704
350
-5
-391
-793
-1158
-1474
-1799
-2142
-2427
-2622
-2742
-2805
-2814
-2741
-2568
-2334
-2099
-1848
-1525
-1145
-799
-526
-268
40
343
529
593
637
683
594
274
-154
-541
-913
-1355
-1867
-2347
-2705
-2927
-3045
-3094
-3024
-2787
-2455
-2095
-1668
-1129
-512
93
630
1100
1576
2129
2683
3103
3392
3683
4015
4305
4510
4657
4749
4756
4669
4493
4269
4014
3659
3147
2524
1908
1336
745
89
-596
-1257
-1837
-2306
-2693
-3045
-3357
-3609
-3777
-3826
-3731
-3535
-3282
-2955
-2501
-1933
-1287
-565
166
808
1382
1960
2489
2883
3128
3238
3227
3106
2889
2603
2264
1904
1500
1054
645
329
47
-278
-636
-974
-1261
-1501
-1724
-1983
-2251
-2447
-2558
-2623
-2656
-2623
-2519
-2380
-2194
-1938
-1606
-1252
-921
-632
-337
-3
316
568
749
876
938
936
871
705
385
-63
-566
-1058
-1534
-2017
-2509
-2957
-3281
-3441
-3464
-3363
-3139
-2820
-2432
-1944
-1328
-628
72
712
1295
1869
2461
3037
3539
3937
4249
4500
4708
4880
5004
5039
4966
4783
4517
4192
3821
3389
2860
2240
1581
938
328
-278
-901
-1509
-2049
-2514
-2946
-3351
-3676
-3881
-3980
-4004
-3941
-3716
-3320
-2813
-2239
-1583
-807
30
813
1479
2059
2611
3073
3329
3358
3260
3117
2902
2554
2124
1705
1332
960
548
166
-106
-319
-569
-884
-1178
-1396
-1599
-1849
-2129
-2376
-2561
-2703
-2813
-2845
-2764
-2594
-2376
-2097
-1721
-1286
-858
-468
-98
261
573
821
1004
1131
1185
1161
1077
951
759
456
17
-511
-1047
-1573
-2096
-2614
-3093
-3490
-3753
-3848
-3768
-3531
-3169
-2716
-2197
-1590
-875
-95
675
1363
1970
2544
3109
3654
4113
4448
4690
4888
5037
5122
5140
5088
4965
4746
4415
3999
3547
3071
2505
1810
1049
315
-353
-1017
-1717
-2401
-2948
-3315
-3612
-3919
-4164
-4213
-4073
-3874
-3662
-3325
-2773
-2088
-1430
-795
-47
811
1572
2101
2501
2909
3257
3383
3275
3077
2879
2613
2210
1736
1320
989
652
260
-118
-401
-629
-909
-1263
-1611
-1899
-2141
-2417
-2719
-2947
-3024
-2988
-2918
-2803
-2555
-2159
-1701
-1254
-795
-280
233
622
854
1019
1183
1274
1190
1005
866
816
748
585
385
186
-89
-524
-1066
-1579
-2047
-2571
-3156
-3672
-4006
-4156
-4166
-4023
-3707
-3235
-2637
-1914
-1082
-192
686
1502
2238
2901
3493
4024
4487
4838
5059
5189
5302
5403
5432
5364
5217
4994
4659
4219
3704
3123
2425
1585
682
-177
-956
-1681
-2336
-2876
-3305
-3671
-3925
-3970
-3831
-3688
-3650
-3594
-3340
-2910
-2464
-2057
-1583
-965
-277
396
1094
1857
2578
3079
3340
3499
3631
3630
3369
2879
2288
1712
1160
608
75
-392
-780
-1126
-1443
-1671
-1772
-1835
-1988
-2237
-2439
-2488
-2478
-2534
-2615
-2564
-2358
-2107
-1851
-1474
-937
-402
-8
333
754
1180
1424
1470
1440
1410
1321
1127
908
729
562
356
103
-209
-604
-1030
-1457
-1980
-2690
-3385
-3814
-4054
-4351
-4630
-4558
-4101
-3553
-3046
-2357
-1339
-230
674
1419
2269
3226
3973
4382
4692
5097
5430
5521
5486
5527
5592
5502
5240
4907
4556
4147
3599
2885
2049
1190
347
-489
-1315
-2098
-2748
-3202
-3534
-3885
-4177
-4149
-3852
-3711
-3810
-3678
-3066
-2415
-2066
-1669
-855
80
720
1210
1894
2686
3176
3258
3207
3258
3273
2984
2427
1901
1507
1058
504
30
-294
-583
-894
-1192
-1463
-1672
-1786
-1933
-2232
-2514
-2579
-2538
-2582
-2600
-2410
-2083
-1767
-1452
-1070
-614
-141
236
465
680
1000
1243
1218
1089
1081
1079
918
730
682
684
595
428
247
86
-99
-513
-1272
-2153
-2860
-3470
-4183
-4818
-5100
-5111
-5021
-4694
-3970
-2990
-1987
-1013
-62
855
1758
2605
3275
3747
4111
4419
4685
4974
5296
5571
5792
5975
6022
5872
5645
5342
4773
3892
2905
1915
874
-173
-1101
-1866
-2531
-3082
-3456
-3595
-3490
-3259
-3055
-2884
-2651
-2400
-2288
-2297
-2208
-2011
-2028
-2297
-2239
-1462
-501
9
426
1385
2525
3064
3173
3481
3794
3458
2547
1717
1218
756
91
-652
-1176
-1353
-1347
-1348
-1303
-1134
-1003
-1075
-1290
-1486
-1613
-1696
-1828
-2092
-2269
-2070
-1617
-1269
-995
-472
173
567
745
1015
1344
1460
1346
1181
1043
921
779
565
329
234
260
182
1
-77
-57
-172
-470
-821
-1245
-1834
-2541
-3228
-3813
-4240
-4480
-4553
-4414
-3979
-3320
-2581
-1745
-790
96
776
1392
2045
2575
2922
3271
3685
4013
4256
4594
5031
5381
5564
5635
5590
5338
4834
4147
3401
2633
1735
693
-266
-966
-1521
-2034
-2370
-2473
-2529
-2634
-2638
-2521
-2465
-2465
-2451
-2621
-3049
-3224
-2748
-2133
-1941
-1677
-700
493
1132
1515
2287
3082
3139
2601
2196
2067
1804
1216
561
142
-28
-149
-337
-414
-265
-179
-452
-889
-1167
-1335
-1580
-1917
-2253
-2443
-2319
-1985
-1729
-1494
-968
-322
-12
70
369
801
949
823
731
744
761
749
684
633
729
868
789
563
477
442
201
-171
-486
-783
-1068
-1229
-1352
-1577
-1768
-1830
-1983
-2335
-2654
-2825
-2963
-3052
-3007
-2906
-2698
-2175
-1417
-757
-182
591
1462
2078
2432
2819
3287
3626
3736
3745
3835
4066
4260
4263
4216
4268
4215
3813
3247
2755
2221
1484
672
-62
-733
-1299
-1673
-1921
-2126
-2220
-2143
-2043
-2017
-1976
-1833
-1724
-1825
-2090
-2217
-2017
-1763
-1735
-1630
-1009
-140
386
700
1297
1996
2230
2015
1818
1711
1443
972
487
146
-25
-122
-281
-426
-376
-248
-314
-542
-716
-822
-1007
-1250
-1433
-1494
-1431
-1276
-1098
-873
-508
-77
225
380
531
679
702
608
498
404
351
340
295
220
269
415
379
136
1
30
-108
-463
-725
-822
-960
-1162
-1271
-1252
-1249
-1418
-1723
-1969
-2082
-2326
-2776
-2987
-2698
-2386
-2387
-2188
-1386
-463
55
439
1074
1780
2185
2315
2460
2817
3260
3473
3460
3624
4049
4275
4129
3980
3959
3677
3016
2317
1715
1057
388
-124
-567
-1029
-1326
-1378
-1407
-1520
-1591
-1575
-1617
-1767
-1967
-2114
-2051
-1806
-1773
-2114
-2243
-1677
-924
-647
-482
188
987
1213
1116
1355
1790
1833
1432
1035
872
803
625
321
95
71
67
-141
-439
-552
-524
-601
-843
-1070
-1127
-1041
-947
-913
-823
-537
-192
-74
-137
-46
241
388
259
137
209
321
313
261
309
468
574
468
241
132
133
-28
-395
-671
-731
-783
-916
-974
-899
-779
-695
-690
-802
-1030
-1364
-1831
-2341
-2734
-2967
-3077
-3001
-2687
-2266
-1811
-1205
-477
116
495
866
1261
1524
1657
1889
2292
2732
3121
3501
3898
4259
4489
4485
4288
3996
3585
2943
2136
1420
899
439
-19
-376
-588
-748
-920
-1105
-1299
-1508
-1735
-1950
-2148
-2327
-2410
-2331
-2249
-2370
-2414
-1842
-838
-226
-119
269
1120
1617
1444
1328
1638
1769
1349
900
897
1080
1043
751
453
324
294
108
-315
-672
-751
-799
-1053
-1299
-1248
-1023
-895
-835
-695
-473
-255
-116
-124
-194
-132
35
82
26
131
401
567
542
502
529
485
283
-26
-304
-457
-536
-707
-919
-924
-726
-644
-753
-762
-601
-557
-725
-847
-874
-1089
-1610
-2171
-2519
-2683
-2763
-2730
-2515
-2138
-1724
-1358
-985
-499
25
359
518
762
1167
1521
1786
2206
2806
3299
3595
3898
4205
4268
4090
3898
3658
3179
2551
2046
1671
1265
863
558
288
-5
-309
-630
-982
-1308
-1595
-1877
-2104
-2179
-2136
-2019
-1848
-1794
-1951
-1921
-1367
-789
-769
-833
-231
604
819
724
1140
1794
1832
1381
1201
1331
1237
847
492
262
112
54
-20
-231
-366
-251
-170
-372
-601
-602
-581
-731
-883
-876
-778
-632
-474
-408
-374
-191
48
41
-136
-154
-14
41
-18
-62
-82
-95
-115
-197
-304
-284
-198
-277
-472
-471
-311
-316
-487
-510
-355
-327
-486
-586
-567
-819
-1595
-2485
-2885
-2897
-3143
-3634
-3653
-2979
-2329
-2188
-2006
-1209
-258
99
38
343
1164
1888
2200
2529
3270
4143
4661
4834
5034
5316
5359
4962
4335
3763
3272
2727
2095
1520
1100
764
373
-93
-562
-1016
-1477
-1921
-2305
-2625
-2853
-2922
-2804
-2544
-2302
-2254
-2315
-2129
-1600
-1138
-948
-615
117
793
1026
1216
1747
2217
2171
1868
1716
1625
1382
1081
789
467
252
238
163
-152
-383
-323
-369
-768
-1136
-1139
-1087
-1249
-1362
-1189
-926
-775
-666
-555
-494
-428
-295
-202
-244
-293
-187
-10
70
42
45
140
209
128
-19
-68
-54
-123
-252
-273
-175
-153
-268
-375
-371
-355
-470
-659
-784
-905
-1295
-2046
-2783
-3094
-3096
-3222
-3494
-3439
-2870
-2229
-1912
-1648
-1030
-241
217
362
680
1381
2134
2670
3130
3729
4428
4949
5157
5158
5121
5039
4727
4153
3537
3056
2609
2080
1558
1150
766
288
-230
-727
-1251
-1789
-2180
-2410
-2629
-2817
-2783
-2519
-2223
-2029
-1982
-2169
-2383
-2108
-1302
-618
-430
-177
608
1376
1563
1533
1840
2154
1887
1341
1128
1208
1141
874
688
566
378
166
-9
-242
-594
-896
-1071
-1246
-1430
-1502
-1418
-1239
-1044
-865
-755
-680
-592
-564
-633
-640
-434
-195
-151
-157
34
324
469
464
459
438
309
148
58
-13
-146
-248
-252
-263
-350
-428
-441
-459
-566
-711
-813
-871
-974
-1282
-1904
-2668
-3178
-3287
-3302
-3447
-3427
-2931
-2216
-1759
-1480
-958
-186
387
596
823
1368
2086
2698
3181
3701
4328
4913
5225
5200
5023
4879
4666
4212
3613
3133
2787
2373
1871
1449
1097
638
55
-513
-1036
-1611
-2159
-2491
-2606
-2649
-2669
-2696
-2833
-3031
-2969
-2490
-1897
-1510
-1201
-719
-190
155
412
802
1227
1439
1459
1505
1605
1602
1460
1300
1143
912
604
327
126
-83
-321
-517
-639
-763
-946
-1122
-1210
-1220
-1208
-1177
-1094
-977
-899
-881
-850
-727
-528
-348
-226
-138
-22
110
191
211
204
213
241
279
305
270
186
124
105
55
-74
-224
-347
-447
-531
-564
-558
-570
-594
-595
-586
-661
-890
-1343
-2000
-2666
-3072
-3145
-3057
-2901
-2546
-1947
-1377
-1052
-826
-462
-38
210
346
667
1254
1918
2532
3136
3751
4285
4628
4738
4644
4423
4152
3862
3556
3277
3058
2848
2576
2229
1824
1343
753
101
-530
-1105
-1615
-2001
-2207
-2265
-2242
-2185
-2230
-2580
-3148
-3427
-3075
-2381
-1848
-1488
-1003
-403
16
246
548
920
1098
1039
1012
1124
1192
1134
1115
1183
1158
959
737
578
352
-20
-376
-555
-622
-717
-820
-872
-905
-953
-996
-1020
-1057
-1117
-1184
-1219
-1182
-1037
-800
-561
-373
-191
1
128
134
72
43
93
196
313
383
389
403
457
488
432
322
203
71
-75
-175
-194
-195
-238
-283
-305
-395
-682
-1199
-1850
-2468
-2875
-3012
-2960
-2766
-2394
-1881
-1440
-1197
-1031
-801
-540
-346
-132
247
785
1382
2014
2686
3310
3777
4067
4220
4223
4086
3892
3718
3564
3422
3314
3210
3004
2661
2233
1739
1137
475
-119
-615
-1063
-1461
-1713
-1819
-1881
-2039
-2404
-2978
-3504
-3627
-3304
-2824
-2398
-1923
-1348
-880
-640
-441
-127
163
318
485
779
1047
1128
1164
1306
1437
1369
1181
1052
941
689
339
95
11
-46
-165
-318
-480
-669
-872
-1039
-1151
-1227
-1281
-1283
-1213
-1078
-945
-821
-663
-457
-274
-192
-179
-158
-110
-82
-29
99
278
429
519
570
559
467
341
244
167
75
-13
-47
-20
21
37
12
-56
-158
-274
-407
-595
-864
-1177
-1478
-1713
-1847
-1851
-1745
-1602
-1476
-1369
-1254
-1127
-996
-837
-614
-332
-15
338
732
1166
1591
1968
2307
2605
2834
2975
3045
3115
3192
3239
3245
3207
3098
2892
2605
2279
1921
1508
1085
711
380
54
-285
-669
-1181
-1811
-2381
-2654
-2627
-2509
-2439
-2380
-2275
-2185
-2151
-2081
-1842
-1465
-1088
-756
-398
-10
303
495
642
790
900
943
981
1057
1107
1062
972
913
857
721
533
352
169
-50
-289
-484
-612
-696
-782
-876
-952
-987
-1000
-1015
-982
-879
-758
-690
-647
-570
-487
-443
-412
-327
-202
-102
-35
44
142
188
172
164
213
286
332
328
296
268
249
245
246
233
191
145
114
87
35
-17
-61
-137
-296
-517
-727
-911
-1078
-1212
-1256
-1209
-1134
-1065
-999
-929
-870
-805
-688
-500
-279
-37
239
553
869
1169
1454
1720
1933
2073
2156
2217
2268
2295
2292
2264
2220
2135
2004
1828
1601
1332
1030
728
442
161
-118
-382
-613
-803
-950
-1044
-1107
-1172
-1259
-1345
-1392
-1383
-1309
-1168
-968
-758
-578
-437
-310
-191
-103
-35
37
118
196
258
319
377
395
356
277
193
98
2
-74
-130
-189
-271
-349
-396
-433
-490
-570
-633
-676
-720
-770
-797
-784
-751
-720
-676
-593
-499
-443
-432
-434
-410
-343
-257
-170
-84
-15
28
47
72
131
209
271
305
327
358
390
409
415
409
380
318
245
188
148
93
5
-105
-232
-382
-542
-672
-755
-809
-842
-843
-804
-739
-665
-575
-455
-319
-180
-34
128
312
495
682
879
1082
1276
1442
1574
1676
1750
1788
1792
1779
1749
1693
1598
1477
1349
1202
1035
836
625
415
208
13
-162
-303
-424
-532
-630
-715
-788
-847
-890
-907
-885
-838
-771
-693
-607
-529
-458
-379
-297
-205
-120
-49
-1
16
11
-8
-31
-46
-56
-68
-90
-135
-191
-251
-303
-353
-404
-457
-514
-588
-673
-744
-781
-791
-792
-796
-803
-814
-833
-841
-819
-750
-643
-527
-421
-321
-231
-142
-56
34
131
223
289
340
388
443
508
579
638
678
679
650
601
549
515
490
467
430
364
275
158
21
-122
-263
-398
-532
-651
-739
-773
-760
-713
-641
-548
-457
-378
-301
-216
-115
13
158
330
521
712
894
1054
1188
1289
1358
1396
1406
1389
1353
1309
1258
1212
1158
1094
1007
888
737
562
377
196
37
-98
-206
-293
-372
-437
-495
-544
-586
-626
-660
-672
-667
-643
-593
-517
-418
-315
-217
-134
-75
-40
-33
-49
-62
-67
-70
-89
-125
-185
-259
-346
-433
-503
-548
-579
-604
-625
-647
-678
-723
-767
-790
-788
-789
-788
-767
-727
-684
-658
-619
-539
-433
-328
-245
-158
-43
72
166
245
324
410
473
498
495
493
489
490
486
486
491
488
472
437
388
319
240
157
94
44
0
-31
-41
-34
-43
-75
-114
-156
-203
-260
-309
-333
-328
-292
-237
-154
-54
38
109
153
188
220
253
290
350
427
523
612
690
758
820
856
852
829
787
741
692
652
624
605
576
532
476
416
344
268
194
120
57
-8
-55
-84
-106
-125
-150
-181
-221
-256
-288
-314
-325
-324
-314
-304
-297
-291
-283
-276
-278
-300
-338
-374
-417
-468
-512
-541
-542
-539
-545
-562
-574
-586
-603
-633
-664
-671
-655
-627
-608
-580
-549
-509
-473
-438
-389
-316
-227
-145
-81
-24
40
128
214
272
300
314
325
333
340
359
393
429
445
413
354
295
252
220
189
153
110
76
59
55
60
79
101
111
95
59
27
17
34
56
72
75
59
34
12
1
9
20
31
33
29
29
40
62
95
128
149
163
169
179
207
250
296
335
359
382
404
426
451
483
519
552
573
578
565
550
534
502
453
394
339
283
234
189
146
108
71
21
-48
-127
-196
-246
-290
-335
-367
-385
-398
-415
-447
-482
-506
-526
-549
-574
-596
-600
-583
-561
-551
-549
-545
-533
-525
-524
-516
-499
-471
-439
-409
-373
-331
-279
-235
-200
-172
-147
-118
-101
-101
-104
-94
-68
-26
23
69
113
152
180
192
188
176
160
149
152
173
211
247
269
263
229
183
133
95
75
77
97
131
163
184
192
182
157
127
101
97
120
157
206
251
279
278
252
210
164
133
123
129
136
136
116
81
29
-31
-84
-125
-138
-128
-111
-85
-58
-41
-27
-15
13
60
125
206
290
361
415
442
451
455
459
471
485
500
502
485
449
394
328
258
195
141
97
56
15
-34
-93
-156
-220
-282
-332
-362
-384
-398
-417
-446
-489
-537
-581
-605
-598
-565
-505
-442
-383
-355
-360
-393
-435
-470
-483
-457
-393
-293
-187
-96
-43
-31
-60
-114
-166
-189
-178
-135
-78
-20
36
77
103
106
83
42
-14
-71
-119
-142
-136
-105
-61
-14
31
55
65
48
19
-17
-38
-33
0
71
157
250
322
363
366
347
311
287
290
318
377
438
499
536
540
505
437
352
265
197
146
119
102
85
57
10
-44
-105
-168
-215
-248
-263
-255
-226
-189
-145
-104
-65
-29
8
51
97
147
199
249
284
310
320
322
316
306
293
281
271
255
236
206
166
117
61
-2
-60
-107
-141
-161
-167
-165
-161
-158
-160
-174
-196
-222
-251
-272
-276
-266
-248
-224
-204
-193
-189
-195
-212
-232
-257
-277
-289
-288
-271
-247
-222
-206
-201
-205
-219
-235
-251
-262
-264
-257
-240
-215
-185
-161
-147
-144
-149
-155
-159
-156
-151
-137
-120
-103
-75
-38
10
60
104
142
174
193
214
228
245
269
304
350
400
454
494
508
496
464
415
361
311
274
246
219
197
177
147
114
85
52
22
-4
-22
-37
-50
-58
-61
-57
-42
-18
9
38
59
66
59
41
21
4
-6
-6
6
21
35
41
36
20
-2
-28
-48
-61
-61
-54
-39
-18
-5
4
-3
-17
-33
-54
-67
-71
-62
-43
-21
-1
15
18
12
3
-14
-20
-20
-7
16
46
73
91
96
87
66
34
2
-27
-50
-65
-82
-99
-123
-161
-207
-259
-312
-353
-378
-387
-384
-372
-354
-337
-332
-330
-329
-326
-312
-283
-241
-184
-123
-60
-1
44
82
111
139
161
186
209
236
251
260
264
264
262
261
260
254
240
212
177
139
103
70
48
39
40
47
55
62
62
57
54
47
47
51
64
82
99
112
121
121
122
120
117
118
113
107
94
76
52
26
1
-23
-36
-35
-24
-12
-2
0
-12
-33
-60
-86
-106
-114
-108
-93
-71
-54
-51
-49
-53
-68
-86
-103
-112
-106
-89
-52
-11
35
68
78
70
47
9
-31
-57
-67
-60
-45
-16
21
60
86
89
58
-14
-116
-221
-297
-320
-288
-216
-134
-65
-25
-25
-43
-61
-75
-85
-89
-84
-69
-47
-14
26
57
72
71
58
47
49
67
101
139
173
202
222
239
255
264
267
252
217
165
117
80
67
67
72
72
61
36
9
-18
-39
-60
-83
-110
-133
-140
-137
-122
-101
-78
-66
-63
-63
-73
-81
-87
-85
-78
-75
-67
-57
-52
-51
-55
-64
-78
-97
-107
-115
-107
-87
-59
-29
-10
-7
-18
-41
-62
-78
-89
-86
-73
-47
-12
27
63
90
95
82
59
36
21
22
36
56
84
104
113
112
97
72
46
20
2
-2
5
17
29
46
54
60
56
45
41
39
33
35
32
29
32
35
40
50
59
56
56
48
36
27
23
20
16
19
22
27
33
39
44
47
45
42
37
36
39
42
44
44
39
31
21
7
-7
-20
-28
-34
-32
-28
-28
-25
-26
-33
-45
-64
-82
-98
-107
-110
-109
-103
-92
-79
-72
-70
-69
-72
-76
-77
-79
-76
-72
-66
-59
-50
-38
-27
-20
-23
-26
-33
-42
-48
-47
-41
-33
-22
-17
-15
-17
-25
-34
-38
-41
-32
-18
-4
11
23
24
26
24
27
29
35
40
45
51
47
42
37
35
37
45
54
63
71
70
60
50
34
25
18
16
22
31
42
47
43
29
15
-2
-14
-20
-20
-13
-4
8
17
20
18
13
13
13
22
37
49
59
69
79
84
88
97
104
112
117
120
120
116
111
101
87
73
61
53
45
35
28
15
1
-11
-30
-52
-70
-87
-102
-112
-118
-116
-115
-115
-116
-111
-105
-102
-95
-88
-82
-78
-74
-71
-59
-48
-43
-38
-38
-37
-40
-43
-47
-55
-58
-59
-58
-53
-53
-53
-53
-55
-56
-61
-66
-65
-65
-64
-61
-53
-42
-36
-24
-13
-10
-10
-4
-5
-8
-7
-8
2
15
27
40
52
58
61
65
64
61
62
65
69
75
79
81
79
76
64
49
35
17
5
-2
-9
-10
-12
-10
-13
-11
-9
-8
-4
3
10
25
38
53
65
78
88
93
94
87
82
75
65
55
49
43
38
29
25
18
6
0
-2
-1
3
10
19
27
35
39
39
36
30
20
8
-2
-12
-19
-27
-31
-33
-36
-41
-44
-47
-56
-62
-63
-64
-57
-52
-36
-21
-7
2
9
9
4
-2
-14
-25
-34
-39
-44
-48
-50
-52
-59
-70
-84
-98
-109
-114
-115
-112
-100
-87
-74
-59
-49
-48
-48
-48
-51
-52
-50
-46
-36
-21
-7
8
21
26
27
22
17
6
-3
-8
-11
-8
-3
3
11
17
22
24
21
19
12
7
0
0
6
15
32
46
61
76
88
98
104
107
111
117
123
132
140
151
156
157
157
152
141
131
117
102
90
81
72
67
63
57
46
37
25
11
-2
-14
-22
-33
-41
-46
-47
-43
-39
-39
-40
-41
-43
-50
-57
-62
-69
-74
-75
-76
-69
-67
-63
-60
-54
-50
-47
-42
-39
-33
-28
-20
-11
-5
2
6
8
6
4
1
-3
-14
-22
-32
-43
-53
-64
-76
-82
-92
-103
-108
-110
-109
-108
-104
-98
-92
-79
-65
-49
-31
-16
3
20
36
46
52
57
57
58
58
52
49
40
29
19
7
-4
-19
-33
-42
-48
-53
-53
-52
-47
-39
-35
-28
-19
0
7
22
36
50
61
71
82
90
95
99
102
104
101
100
94
96
89
82
76
69
64
58
54
47
42
41
37
37
31
26
22
19
17
9
4
3
1
-5
-11
-12
-18
-21
-25
-26
-27
-27
-27
-26
-24
-20
-17
-12
-7
0
1
7
12
17
20
20
21
17
13
8
1
-3
-6
-12
-20
-25
-31
-40
-44
-50
-56
-58
-57
-55
-53
-56
-55
-57
-57
-54
-54
-51
-47
-44
-39
-35
-30
-27
-23
-18
-17
-15
-12
-14
-11
-11
-14
-16
-15
-16
-18
-16
-19
-24
-27
-28
-28
-32
-28
-29
-29
-25
-25
-20
-16
-15
-11
-6
-4
-3
4
5
10
13
21
25
27
31
36
41
44
45
45
50
53
57
57
56
58
57
61
60
59
55
55
53
52
49
47
44
39
37
33
33
29
25
23
21
17
17
17
15
12
12
13
12
12
7
5
4
-1
2
2
-2
-4
-8
-10
-13
-13
-18
-19
-20
-22
-27
-27
-29
-33
-35
-39
-43
-43
-44
-43
-44
-47
-50
-47
-45
-45
-44
-41
-36
-31
-28
-26
-24
-20
-16
-16
-14
-11
-8
-10
-8
-5
-4
-4
-2
-3
-2
-4
-3
-2
0
-1
0
-1
1
0
0
1
1
2
1
0
0
-4
0
-2
-4
-4
-6
-5
-5
-5
-6
-5
-2
0
1
6
14
16
20
26
32
37
41
45
46
47
48
47
46
43
41
38
34
27
23
19
13
9
8
0
-4
-7
-16
-17
-21
-22
-23
-24
-23
-22
-22
-18
-14
-13
-10
-10
-7
-5
-3
1
3
4
3
4
5
3
3
3
1
2
2
0
-3
-5
-5
-7
-8
-12
-12
-16
-14
-14
-14
-12
-13
-11
-10
-14
-11
-11
-9
-10
-14
-9
-9
-9
-8
-5
-7
-3
-3
-1
-1
0
1
1
5
5
6
3
4
4
0
3
1
0
-1
-3
-3
-3
-2
-5
-6
-4
-4
-3
-6
-2
-2
-1
-1
3
0
2
2
2
6
5
10
12
13
12
11
14
14
13
14
16
15
16
15
13
16
14
12
8
10
7
6
6
2
1
2
-3
-6
-5
-3
-7
-8
-8
-9
-8
-11
-11
-11
-12
-9
-7
-7
-7
-9
-8
-6
-5
-3
-3
-2
2
2
-1
-1
-1
0
2
1
0
2
2
1
2
1
1
-1
-3
1
0
-2
-3
-7
-6
-4
-1
-4
-1
2
0
-1
-5
-4
-3
-1
1
2
0
4
2
2
2
2
4
4
3
3
3
4
4
6
4
3
4
1
3
1
1
-1
1
0
-1
-2
-4
1
-1
-3
-4
-5
-4
-2
-2
-3
1
0
-1
1
3
3
2
2
1
1
4
4
4
5
3
2
1
4
2
3
0
2
-2
-2
0
-2
1
-2
-4
-1
-2
-1
-4
1
-1
-1
0
-2
-3
-2
2
-3
-2
-4
-1
-2
-4
-4
-5
-3
-1
-1
0
-2
0
0
1
2
1
0
0
0
-1
4
4
4
4
-1
0
-1
3
0
0
1
1
3
3
3
2
1
2
3
1
0
0
0
0
2
0
1
2
2
4
3
3
2
2
4
-1
-1
1
-1
0
-3
-3
-2
-3
0
0
1
0
-1
-1
0
0
-1
-1
0
1
-2
1
-1
1
3
0
2
2
1
3
0
-2
-3
1
-1
-1
-1
-3
-2
0
3
-2
-1
0
-1
-2
-2
1
-1
-1
-3
-1
0
-4
-3
-1
-4
-1
-2
-2
-1
-1
0
-1
-1
-2
-1
1
2
0
0
0
0
1
2
1
-1
2
4
2
0
-1
-1
1
0
0
0
0
0
0
0
1
1
0
3
4
2
3
2
1
2
4
4
3
4
5
4
6
2
1
2
2
3
1
3
3
1
5
2
1
2
4
3
2
-3
-2
1
1
2
-1
-1
-3
-1
1
0
-1
-4
-2
-3
-2
-2
-2
-2
-4
-3
-4
-3
-1
-2
-3
-1
0
-2
-1
-2
0
-3
-3
-3
-2
-1
-2
-1
-4
-2
-1
-3
-1
0
-1
-2
-1
-1
-1
0
-4
-2
1
0
-1
0
2
-1
-2
-2
1
3
3
2
2
3
-1
2
0
1
0
-1
0
1
3
2
2
0
3
0
2
6
5
4
2
4
5
5
6
6
3
6
3
4
3
3
1
4
2
1
0
0
-2
-1
-2
-1
1
1
1
-3
-4
-3
-1
-3
-5
-5
-5
-4
-4
-2
-2
-4
-3
1
-2
0
1
1
0
0
0
1
-1
-1
0
2
3
3
3
2
1
1
1
-1
0
1
2
4
1
-2
2
1
2
2
1
-2
-2
0
1
-1
-1
-1
1
0
-3
-1
0
1
-1
2
0
1
3
-1
-4
-4
-3
-3
-2
-2
-1
-2
-2
-3
-1
1
-2
0
-2
-4
0
0
0
2
-2
-2
-4
-2
-4
-3
-2
-4
-1
-1
0
0
1
1
-1
1
1
2
1
0
3
2
3
2
5
1
4
3
2
4
4
4
1
3
2
1
5
2
-2
0
-1
-2
1
0
-1
-2
-4
-3
-3
-2
-2
0
0
-2
-2
-1
-1
0
-1
1
2
4
3
3
4
2
3
4
1
2
4
3
3
3
4
2
3
2
2
-1
-2
-1
-4
-3
-3
-1
-4
-1
0
-3
0
1
-2
-4
-3
-4
-3
-4
-3
-2
-1
-1
-1
1
0
-1
-2
-2
-3
0
-1
-3
-4
-2
0
-2
-1
1
1
0
1
-1
1
1
0
-2
-1
-2
0
-2
-3
-1
-3
-2
0
-2
0
-1
1
2
4
1
4
4
5
0
4
5
0
2
2
2
2
1
-1
-1
-2
-1
-2
1
-1
-2
-1
0
0
-1
1
2
2
0
2
3
3
3
3
3
2
3
2
2
0
1
1
5
3
3
4
1
2
1
1
2
-1
0
1
-1
0
0
0
-3
1
0
0
-1
1
-3
-2
1
-3
-2
-1
-1
-1
-1
-4
-3
-3
-3
-3
-3
-3
-2
-3
-4
-2
-2
-3
-1
-1
-4
-1
1
-2
-3
0
-1
-3
-2
-2
1
-2
-3
-2
0
-1
-2
0
2
2
2
5
0
2
4
1
2
3
3
2
4
4
3
4
1
0
0
2
0
0
0
-1
-1
-2
-1
-1
-3
-4
-1
-1
-1
-2
-2
-5
-5
-5
-3
-3
-2
2
1
2
0
4
1
1
5
5
6
4
2
6
3
2
2
1
3
3
4
4
6
4
5
5
2
0
3
2
2
3
-1
1
-2
1
1
2
1
-3
-3
-2
-3
-1
2
-2
-4
-1
-3
-3
-3
-5
-4
-3
-3
-3
-5
-4
-2
-4
-6
-4
-4
-4
-2
-2
-4
0
-3
0
0
-2
-3
-4
-4
-4
-2
1
-1
-3
-2
-2
-4
-2
-1
-2
-1
-3
-1
1
1
2
4
-1
2
3
3
5
3
3
1
1
4
3
5
1
1
1
1
3
2
2
2
3
2
4
3
2
1
0
2
3
2
2
0
1
1
1
4
2
2
2
1
4
5
4
2
-1
-2
-1
1
1
-3
1
0
-1
-2
-2
-2
-1
0
1
-1
1
-1
-2
-1
-1
-2
0
1
-2
-5
-4
-2
-3
-1
-2
0
-3
-1
-2
1
-1
1
-1
-1
2
0
0
-1
1
-1
-1
-3
-1
-3
-2
-4
-5
-1
-2
-1
2
-2
-1
-1
-3
-3
0
1
0
1
0
-1
-1
0
-1
-1
0
1
1
-1
-1
-3
-3
-1
-3
-2
0
1
2
2
4
2
3
0
1
3
4
0
0
4
3
2
1
0
1
2
1
0
-2
1
0
-2
1
3
3
1
1
4
3
1
2
4
2
4
4
4
5
3
3
3
3
3
2
4
3
0
1
1
-1
-1
-6
-3
-3
-1
0
-1
0
0
-1
0
1
2
-2
-3
-2
0
0
-3
-2
2
2
1
3
0
-3
-1
-3
-2
-1
-3
-5
-2
0
-3
-3
-4
-2
-3
1
0
-2
-2
0
-2
-3
1
0
-1
0
1
-3
-2
0
1
-1
-2
-2
0
0
-1
-2
-3
-1
-2
-2
-1
0
-2
-2
-2
-2
0
-2
-2
-1
0
1
0
-1
0
2
2
3
3
4
1
3
1
2
2
-1
0
0
0
-1
0
-1
0
2
3
2
3
7
4
6
6
4
4
1
1
2
3
2
0
2
3
6
1
-1
0
-4
0
0
-1
1
3
2
-1
1
-1
-5
-3
0
-3
-2
-1
1
-2
0
-1
-2
-1
0
0
-2
0
-1
1
-1
0
0
-1
0
-2
-1
-1
-2
-3
-3
-2
1
-1
-2
-1
-3
-2
-2
-4
-3
-1
-2
-3
2
0
-3
-2
-1
0
-3
0
-1
-1
3
1
0
-1
-1
1
3
3
1
1
3
0
-1
0
1
-1
-3
-1
-2
-2
-4
-1
3
3
6
2
1
1
0
2
1
2
1
1
3
3
3
1
4
4
2
2
3
5
2
3
3
2
0
-1
0
1
1
1
-1
-4
-1
1
1
0
-1
-3
0
-1
-1
-3
-4
-4
-6
-3
-3
-2
-3
0
1
0
0
0
2
2
3
0
2
3
2
2
2
-2
-1
1
1
1
-3
1
1
0
-1
0
1
2
1
-1
2
1
4
0
0
0
1
0
-2
-2
-3
-2
-2
-1
-2
-2
-4
-1
-3
-1
-1
-1
-2
0
1
1
1
0
2
0
0
0
3
1
4
3
0
-3
-2
1
2
1
1
0
-1
0
-2
-1
-3
-1
-3
-2
-5
-2
2
-2
1
-3
0
2
5
1
1
3
1
0
4
1
1
3
0
3
3
0
0
0
2
3
3
2
-1
3
-1
-1
-1
0
-2
-2
0
0
-1
0
1
2
1
1
-3
-1
1
-2
0
-1
-3
-2
-2
-2
-1
0
-2
-3
-1
-1
-1
1
2
2
1
2
2
-1
2
3
2
0
0
1
0
2
2
-1
0
0
-1
3
3
2
0
2
-1
-1
-1
0
-1
-3
-3
-4
-1
-1
-3
-5
-6
-2
0
1
2
0
-2
-3
-1
0
-1
-2
0
-2
-3
1
0
2
0
1
0
1
0
-1
1
2
1
-1
-2
-2
1
1
0
-1
0
2
0
0
1
1
4
0
0
4
3
2
1
2
2
3
1
2
0
0
0
0
-1
-1
0
2
0
-1
-3
-2
-1
-3
-2
-1
0
0
0
-1
-3
-1
-1
0
-1
-4
-2
-2
-2
-1
0
-1
1
-2
-1
-1
2
4
3
0
0
4
3
3
2
-1
0
3
1
1
3
3
1
0
-1
0
1
-1
-1
-2
-2
-4
-2
4
0
0
-1
0
0
1
3
-1
0
0
-2
-1
1
-2
-1
1
-2
-2
2
4
1
0
-1
-1
0
0
-2
0
-2
-2
1
-2
-1
0
2
-2
-4
-1
0
-2
-3
-3
-4
-1
-1
0
-1
1
1
1
2
1
2
0
0
2
3
4
-1
1
-1
3
2
0
2
1
3
1
4
2
0
0
-1
0
-1
-2
1
-1
-2
-3
-3
-1
0
-4
-3
-2
-4
-4
-4
1
1
-1
-2
0
0
5
1
1
1
1
1
0
3
1
3
1
0
3
3
4
3
3
4
-3
1
1
1
2
1
-2
-2
0
-1
-2
-2
-2
-3
-2
-1
-1
1
0
-2
1
0
-3
-3
-3
-1
-1
-1
2
1
0
1
2
1
-1
0
2
-1
3
3
3
2
2
0
-3
-2
-3
-2
0
1
1
-1
-2
0
1
0
-1
-2
-1
-1
0
0
-1
-1
0
-2
1
1
-1
0
0
2
0
-2
-4
-1
0
-1
-1
2
1
-2
0
0
1
1
0
0
1
0
0
-2
2
0
0
1
0
3
4
2
1
1
0
1
-1
0
-2
-1
-1
-4
1
0
-1
0
0
0
0
1
-1
1
-1
-2
0
1
0
-2
0
1
0
1
4
3
1
2
1
2
2
-1
4
1
-1
3
-1
-1
0
0
0
-2
-1
-3
-4
-2
-2
-3
-2
-3
-1
-2
-1
0
1
1
1
0
1
3
2
1
0
-1
0
1
1
1
0
2
3
1
3
0
-1
-5
-2
2
-1
-2
-1
2
-1
0
2
1
-1
0
1
-3
1
0
-1
-2
-2
-4
-1
0
1
2
1
2
0
-1
1
0
-1
-2
-2
2
0
-1
-1
-1
-1
-2
-2
-1
0
-2
-4
-3
-3
-1
0
0
-2
-4
1
1
2
2
3
0
1
3
1
2
-1
0
2
2
3
2
0
1
1
1
4
4
4
4
4
3
-1
1
1
0
3
2
0
-1
1
2
1
0
-3
-1
0
2
3
1
0
-2
-1
-3
-3
0
-1
0
-3
0
0
0
-3
-3
-1
-2
-2
-1
-1
-1
-1
2
-1
-2
0
1
1
-1
0
0
0
-1
2
0
0
1
0
0
-4
1
-2
0
0
2
0
-3
-2
-4
-1
1
0
3
-1
-2
0
0
-1
-4
0
1
-1
-1
1
0
0
0
0
2
1
3
2
0
2
2
3
1
0
6
2
0
0
0
1
-1
2
3
2
1
0
1
2
2
0
1
1
1
-2
1
2
-3
0
-2
0
1
0
-1
0
1
2
3
0
0
0
1
1
-2
-1
-2
0
0
-3
-3
-4
0
-1
-3
-2
-2
-3
-1
-4
-1
1
0
1
1
2
0
0
0
-1
3
6
2
0
2
2
3
1
-2
-1
-2
-4
-2
-3
-3
-4
-1
-1
-5
-1
0
1
1
2
-1
-1
0
-2
-1
-1
1
1
1
0
1
2
-1
0
2
4
3
1
-1
0
1
2
1
0
2
3
-1
0
-1
0
0
-1
0
-1
-1
-1
-2
-1
-1
-1
-1
0
2
0
0
3
0
-2
0
-2
2
0
1
3
3
3
2
-2
0
0
-1
0
-2
0
-1
-2
-1
1
2
3
0
-1
-3
-1
-2
-3
0
-2
0
-1
2
-1
-3
-2
-1
3
3
3
3
1
1
2
1
5
5
3
4
1
4
3
3
4
1
1
-1
-1
-3
-2
0
-2
-5
-3
-4
-3
-5
-4
-4
-2
0
0
-2
-1
-2
-3
-2
-2
2
2
1
-1
1
3
1
0
0
1
0
0
-3
-1
0
0
1
2
3
4
1
0
2
1
2
-2
0
0
-1
2
-1
-2
-1
-3
-3
-1
-2
-1
-1
-2
2
1
2
3
1
0
1
2
2
1
4
2
2
1
0
1
1
0
0
2
1
4
2
3
-1
1
1
2
4
2
0
-2
1
-1
0
-1
-2
-2
-3
-2
-4
-3
-1
-3
-2
-2
-2
0
2
3
3
1
3
5
1
0
-1
0
-3
0
-2
-2
-3
-2
-3
-1
-1
0
-3
-1
1
-2
0
1
1
-3
1
0
4
-2
0
-2
-2
2
-1
-3
-3
-1
0
1
-1
-1
-2
-1
1
2
1
1
4
2
-2
0
-2
0
2
2
1
-2
0
1
0
-2
-1
0
0
2
0
2
2
0
0
0
0
2
2
3
1
-1
0
-1
0
1
0
0
1
0
1
-1
-1
-1
0
2
1
1
-1
-1
-3
-3
-4
-4
-1
3
4
0
3
1
4
4
2
0
2
4
0
-1
0
-2
-1
1
0
4
2
1
0
0
1
-2
-4
-1
-1
-1
-1
-2
0
-1
1
-3
-2
-2
2
3
-2
-1
-1
-1
-3
-4
-2
-1
-2
-3
-1
2
2
3
2
1
-2
-3
-3
-2
-1
-1
2
1
0
-1
-2
-1
-2
-2
-3
0
0
5
2
0
2
0
2
4
3
3
1
3
3
1
-1
0
-1
1
2
-2
0
0
-1
-3
-1
-2
-2
0
-1
2
2
0
2
2
1
0
2
1
0
4
4
5
1
-2
-1
0
-2
-1
0
-3
-3
-3
-1
2
0
-1
-2
-4
-2
-3
1
-3
-2
1
0
3
1
-3
-2
-2
1
0
-1
0
0
1
0
0
2
0
2
3
-2
1
0
-1
-1
-1
1
-2
-1
3
3
0
-2
-1
3
-2
-2
-3
-2
-1
-2
0
-4
1
2
2
1
1
1
3
1
1
1
0
0
1
5
0
1
1
1
0
1
-1
0
4
2
1
2
2
2
0
0
-3
-1
-2
-2
-4
-6
-6
-6
-4
0
0
-3
-2
-2
0
0
-3
-1
0
-1
0
0
0
3
2
1
2
2
2
2
3
2
1
3
1
2
3
2
1
1
1
3
2
3
1
0
0
1
2
-1
-1
0
1
-2
-1
-3
0
2
0
-1
-2
-4
-4
-3
-4
-2
-4
-3
-1
-2
-1
-2
-2
1
3
2
1
2
-1
-2
-3
-1
0
-1
0
0
0
1
1
1
2
2
0
0
-1
0
0
-1
-2
0
-1
1
3
-1
-1
2
0
3
1
-1
-2
-2
-3
1
1
-2
-3
-4
-1
0
2
0
1
3
1
0
1
2
2
3
3
3
4
2
4
6
3
3
5
6
3
2
1
1
2
2
-1
-1
-2
-1
-3
-4
-3
-4
-4
-1
0
0
-3
-1
-1
-4
-2
-2
-1
-2
1
-1
-1
-2
-3
-3
-3
-1
-1
0
-2
-3
-3
-1
-1
-3
-4
-3
1
1
-1
-1
-2
1
0
-1
0
0
2
-1
1
-1
0
1
3
2
1
1
0
2
3
2
4
1
3
0
1
3
1
2
3
2
3
2
5
4
1
4
3
1
-2
-1
2
0
-1
1
-1
1
1
0
1
1
2
-2
1
0
-1
-2
-4
-3
-4
-2
-3
-3
-4
-1
-1
-1
-1
-1
1
-1
1
-1
-3
-2
-3
-3
-1
-1
-2
-2
-1
0
-1
0
2
-1
-1
-1
-1
1
0
0
3
4
0
0
2
2
1
1
-1
1
1
0
-2
-2
1
2
1
-2
0
-1
-1
-1
0
4
3
0
1
1
-1
-1
1
1
3
2
2
4
3
3
2
2
-2
-1
-1
-1
-2
-2
-1
-1
1
1
-1
-3
-1
-2
-1
0
0
0
-2
0
0
-1
-2
-2
-4
0
0
-1
1
1
-1
0
-2
0
1
2
1
-1
0
1
1
-1
-2
-1
3
2
0
-1
-1
1
-1
-2
-1
-1
1
3
2
1
-2
2
3
3
3
6
7
4
3
2
4
0
1
4
1
-1
-2
0
0
0
-3
-4
-2
-3
-4
-1
1
-3
-1
0
-1
-1
-2
-5
-4
-3
-2
-1
-1
-1
-3
2
2
-1
-1
-2
-2
-2
1
1
-1
-2
-2
1
-1
-2
1
0
0
-1
1
3
2
4
6
4
1
4
3
4
2
-1
-2
1
-1
-2
0
-3
-1
2
0
-4
1
-2
0
2
-1
0
0
2
0
-2
0
1
1
0
-2
-1
-2
1
-1
-1
0
-1
-2
1
3
0
0
2
1
0
2
3
3
3
1
-2
-2
2
2
-3
-2
-1
2
1
-1
0
1
0
0
-1
3
4
2
-1
-1
-1
-2
1
-2
-1
0
-3
-2
-1
2
1
-1
0
0
-2
0
0
-1
0
1
0
1
2
2
1
-1
-1
1
-2
-1
-1
-3
-5
-1
-1
-2
-1
-1
-1
-4
-4
-1
1
2
0
-1
-1
-1
1
1
3
1
0
2
1
2
2
1
1
0
1
1
1
2
0
0
0
0
1
2
-1
-1
-2
-3
0
0
1
1
-2
0
0
2
-1
-1
-5
-4
1
0
-1
-3
-2
-2
-1
3
-1
-3
1
5
0
-1
1
3
0
2
3
2
4
4
2
3
3
2
1
-1
-2
0
0
2
-1
0
-3
3
3
-3
3
0
1
1
0
-4
-4
1
-1
2
2
-2
-3
-1
0
0
2
0
-1
-2
0
1
-1
-3
-2
-1
0
1
2
-1
-3
-3
-2
-3
0
-2
-2
-3
0
-1
0
3
0
-2
-2
-1
-1
-4
-2
-2
0
2
0
-1
-1
1
2
4
2
-2
-1
0
0
6
4
2
3
1
0
2
0
-1
0
3
2
0
2
5
2
0
-1
-2
2
2
-1
-1
-2
-3
0
-1
0
-1
-2
-1
-2
-1
-1
-3
0
0
-2
-1
-1
1
2
-1
-2
0
1
1
-2
0
1
3
3
1
1
2
2
1
3
2
-1
-3
-1
-1
0
3
1
-2
-1
1
0
0
-2
-2
-1
-2
0
2
1
1
-1
-2
1
3
1
-2
0
1
-1
3
1
0
1
-2
-3
2
2
-1
-1
-1
-3
0
-2
-6
0
-1
0
-1
1
0
-2
-2
-4
-2
1
-4
-4
-3
-4
-2
-2
1
1
2
4
6
0
2
2
2
3
3
0
0
0
0
0
-3
-2
0
-1
1
0
0
0
1
4
1
-1
1
1
2
0
-2
-1
-4
-3
-1
3
-3
-2
-1
-2
1
5
4
4
5
5
5
4
3
0
1
-3
-3
-3
2
-1
-1
-2
-2
-4
-3
2
5
3
0
4
2
1
-1
1
-1
-2
1
-1
0
-2
-4
-4
-2
0
3
3
0
0
3
2
0
-2
-1
0
1
2
-1
-3
-4
-5
-4
-2
-2
-1
-2
-1
-2
-2
-1
3
3
1
1
1
2
3
2
2
0
2
2
3
3
0
-1
1
2
3
2
-2
2
-3
0
-2
-1
2
-3
-5
-1
0
-4
-6
-3
-5
0
-1
0
2
1
-1
0
-2
-1
0
-1
0
4
5
3
-2
-2
4
2
-1
-4
-3
5
10
0
-1
3
4
1
-4
1
3
-2
-5
-4
-2
2
1
3
5
1
-2
2
-1
-3
-1
3
1
0
-4
-5
1
4
4
1
-1
-2
5
0
-6
6
7
0
-5
-2
7
2
-4
-4
-2
1
1
-6
-5
2
4
2
-1
1
2
0
2
0
-3
-1
2
-2
-5
0
2
2
-5
-4
2
5
3
-1
-4
-1
3
2
-4
-2
3
0
-3
-7
-6
-2
-4
-2
-2
1
4
1
1
-1
0
-2
4
5
1
0
1
0
-3
-3
0
-3
-3
0
1
2
1
-3
2
4
4
7
8
4
-1
0
-3
-4
-2
-1
0
3
2
-5
-6
1
2
-1
-3
-3
5
4
1
1
3
3
2
5
4
7
6
0
3
5
-1
-5
-3
1
-2
-2
-2
-4
-2
-2
-4
-2
1
-1
0
-4
-1
2
-4
-4
1
0
-3
0
3
6
5
0
-8
-4
6
-1
-7
0
1
-6
-4
-3
2
-1
-4
-3
1
4
6
2
-2
-1
5
3
3
4
1
-6
-3
1
-3
-5
-4
-3
-3
-1
-1
2
5
5
1
5
5
1
-1
-3
0
3
2
2
-2
0
1
-5
-4
-2
-1
-2
-2
-1
-1
8
3
-2
0
3
6
2
-2
4
3
2
1
-1
0
2
2
-1
-2
0
3
2
2
-2
-2
3
1
-3
-7
-2
0
1
-1
-3
-1
0
2
-2
-3
0
-1
-1
-5
-3
2
1
1
0
-2
5
5
-1
0
3
2
3
0
-3
-2
-4
-5
-3
-3
0
-2
-4
-4
-1
2
-1
-4
-2
0
2
2
4
2
-1
1
3
1
2
2
-1
-1
0
-2
-1
-1
-3
0
0
1
2
2
1
3
2
-2
-2
0
-1
1
-3
-2
-2
-2
-3
0
-1
1
3
-2
1
3
-1
0
1
-2
3
6
4
3
4
2
5
7
6
5
1
6
1
-2
-1
-1
-1
1
-1
-1
-3
-3
-3
-9
-2
0
0
-2
1
3
4
1
-2
0
2
0
-2
-2
1
-1
-2
-2
-4
-5
-4
-3
-4
0
-1
-3
-4
2
4
1
4
3
4
3
2
0
0
0
-3
-1
-1
4
4
-3
-1
-1
0
-1
0
1
1
0
-2
-2
2
4
0
-1
-4
-2
-2
-2
-1
0
-2
-2
1
3
0
-6
-5
2
-4
-3
-2
2
4
1
0
-1
0
2
2
1
5
7
3
-3
0
3
2
2
0
2
-1
-1
1
1
1
2
0
-1
2
0
2
4
0
2
3
-1
-1
1
-1
-4
-1
-1
-2
-5
0
3
0
3
4
3
-1
2
2
0
-2
3
-2
-4
-1
-3
-7
-7
-1
-2
-2
-5
2
2
-1
0
-1
-2
0
3
-2
-3
-1
-3
-4
-2
3
3
-1
-3
3
3
1
2
2
2
0
4
3
3
2
1
2
5
5
-1
-2
0
-1
0
-1
-3
1
2
0
-2
-1
-1
-2
-3
0
1
-1
2
1
2
4
4
-1
1
3
3
1
-3
1
2
2
-3
-2
-2
-5
-4
-6
-5
-2
-5
-7
-9
-2
0
-3
-3
-1
1
0
0
1
3
-1
-3
3
2
2
-2
-5
0
4
6
2
-4
-4
3
5
6
0
-3
-3
3
1
-1
3
3
0
2
5
0
-4
2
4
2
2
0
-2
-1
2
0
1
1
0
5
7
7
3
-1
-4
3
7
2
3
-4
-2
0
-1
1
2
0
-3
-5
-3
2
3
-2
-5
-2
-1
-2
-1
-3
-2
3
2
-6
-7
-1
1
-1
-1
5
6
-1
-1
1
-2
-3
-4
-1
-4
-2
-3
-1
1
1
-5
-7
0
2
-1
-1
-1
-5
-8
-3
2
4
1
-3
-5
1
6
3
1
3
1
3
4
2
-1
0
3
0
0
6
6
3
2
3
-2
1
4
-1
0
5
2
-1
-3
-1
2
3
2
0
1
-3
1
1
2
3
0
1
-2
-2
1
1
-1
1
5
4
1
0
0
-2
-3
-4
-3
0
-3
-2
-3
-2
-3
-2
1
-1
0
0
-1
-1
2
5
2
0
2
2
1
1
1
4
0
-1
0
-3
-3
-4
-2
-6
-6
-2
1
0
-2
-2
-3
0
3
0
-3
-2
1
1
-1
-1
-1
-1
1
1
-1
-3
-2
0
3
1
-1
0
0
0
0
2
4
5
3
5
3
4
6
1
3
3
3
1
-1
1
4
0
-1
1
-1
-5
-2
1
-1
-1
1
0
0
-2
-4
-2
1
3
2
0
0
-1
0
0
-4
-4
0
1
1
3
2
2
0
2
-1
-3
-1
-2
-1
-1
-4
-2
-2
-3
-2
-1
1
0
-1
1
3
0
-3
-5
0
3
3
2
-2
0
3
2
0
-1
-1
-3
-1
1
2
3
5
0
-1
1
1
2
-1
-4
0
5
1
-1
-1
1
1
2
-3
-3
-1
-1
1
-1
-1
-1
0
-2
-2
1
2
1
-5
-3
-1
1
1
0
-4
-4
2
2
-2
2
1
-2
0
3
1
0
1
-2
0
3
4
1
3
6
1
0
4
1
0
1
-2
-4
0
2
1
-3
-4
-1
-1
0
2
0
-1
-2
2
0
0
-3
-5
-1
-1
-1
-2
0
-1
-5
0
0
2
0
-3
-2
0
2
3
0
-2
0
0
2
3
3
3
0
-1
1
2
3
5
5
1
0
0
0
-1
1
-1
-2
-2
-2
0
-1
-1
-1
-1
-1
-1
1
1
0
0
1
1
3
-2
-2
2
3
0
-2
-1
1
-1
0
-2
-1
-2
-3
-5
-1
0
-1
-1
0
-1
1
1
0
0
2
3
2
2
1
1
-1
-2
0
2
-1
-2
2
-1
-1
0
0
0
-1
-2
0
-2
0
-3
-2
-1
0
0
-5
-3
-1
1
-3
-2
2
-2
-5
1
3
1
1
4
1
-1
0
1
5
6
4
3
-1
0
3
0
1
0
1
0
-5
-5
1
1
0
-1
-1
-1
1
2
1
3
3
3
1
1
2
1
-1
1
4
-1
-1
0
-3
-4
-3
-1
-2
1
0
-2
0
0
0
2
3
-2
-1
3
-2
-3
0
-1
-5
-3
-1
-3
0
1
0
-2
-3
-1
-2
-1
1
-1
2
1
0
1
2
2
3
1
0
0
3
0
-4
0
0
-1
-1
0
0
0
1
2
0
0
1
-1
1
-3
0
2
2
1
-1
3
5
2
-3
-2
2
4
1
0
0
2
-2
-5
-2
2
3
-3
0
-4
0
2
1
1
-1
-3
0
1
0
1
-1
2
1
2
0
-1
-2
-3
-1
-1
-3
-4
-3
-3
-1
-2
-2
-3
0
-1
-3
0
0
1
0
0
3
1
2
4
2
1
2
3
3
1
-1
1
-1
-2
-1
-1
-1
0
-4
-2
2
3
-2
-1
5
3
-1
1
1
2
2
-1
2
0
0
1
-2
0
1
-2
0
2
1
2
0
1
2
0
0
-1
2
0
0
0
0
0
0
-1
-2
0
3
2
-3
-4
-2
3
0
-1
0
-2
1
3
0
2
1
-1
-1
1
1
0
-1
-2
-1
-2
2
-1
0
-1
1
-4
-4
4
2
1
-4
0
0
-2
-2
-2
-1
-3
-1
0
-1
-1
0
-2
-3
0
0
-1
2
2
0
1
5
2
2
-1
0
-2
2
1
2
5
2
2
-1
-1
-1
1
-1
-1
0
-2
2
1
2
-1
1
0
1
3
1
3
1
1
2
3
1
1
-1
-3
0
-4
1
0
1
1
-3
-1
-1
-4
0
2
0
-2
-1
1
-3
0
0
-1
-1
-3
-2
0
1
0
-4
-3
-2
0
1
1
-2
-1
-1
-1
-1
0
1
-2
-1
-1
2
2
0
0
0
1
1
2
0
4
3
0
0
3
3
1
1
-1
-2
0
-2
-1
-2
-1
-2
0
0
0
-1
0
-1
3
4
4
1
0
3
2
-1
1
4
2
2
1
1
-1
0
0
-2
-2
1
1
1
4
3
1
2
0
1
2
2
-2
-2
-6
-4
-3
-3
1
0
1
-1
-2
-4
-2
-1
-1
0
0
0
-2
-3
-2
-3
-2
-1
-3
0
0
-3
-2
1
-1
2
0
0
0
-1
1
0
0
1
3
2
0
2
1
0
1
-2
0
3
3
5
0
1
3
4
1
0
0
1
0
-3
-2
1
0
1
0
1
1
-1
0
0
1
-1
1
3
1
0
1
0
-2
-2
0
0
-1
0
-1
-1
2
1
-2
-2
0
-1
-2
1
1
-3
-3
1
-1
-1
1
0
-1
1
-3
-3
-1
-1
0
0
2
3
1
-1
0
-1
0
3
2
2
2
0
0
-2
2
1
0
-1
-2
0
1
0
-1
1
2
-2
-3
-2
-2
-3
-1
1
0
0
2
1
-1
1
-1
-2
-2
1
1
-3
0
-1
1
3
1
2
0
3
3
0
-1
0
0
-3
0
0
-1
-1
-2
-2
-3
-2
0
1
-1
-1
2
2
2
1
1
2
2
3
2
2
0
-2
2
2
0
1
1
1
-2
-1
2
1
-1
3
3
2
-1
0
0
-1
1
1
2
3
2
-1
2
3
3
1
-1
2
1
-3
-1
0
0
-2
-1
1
-3
-4
-1
-2
-5
-2
-1
-2
-2
-2
-3
-1
-1
-2
0
-3
-5
-2
1
0
-1
0
2
1
2
2
3
4
-1
1
2
1
-2
0
3
0
-1
-3
-3
-1
2
1
2
3
-1
0
0
-1
1
-1
1
1
0
2
1
2
1
2
0
2
2
-2
0
-1
-3
-2
-2
0
1
-1
0
0
1
1
-1
0
0
-3
0
0
1
1
1
3
1
2
0
0
1
0
0
1
2
2
1
1
0
-1
-1
-1
3
1
-2
3
3
-1
-2
0
0
-1
0
0
4
2
-2
-1
2
1
1
0
0
1
-1
-3
-2
-3
-2
-1
-2
-1
-2
-5
-2
-3
-3
-2
-1
0
1
1
2
-1
-1
-2
-6
-1
1
0
-1
-4
0
-2
-1
2
2
-3
-1
3
3
1
3
4
6
4
0
3
-1
1
0
-1
0
1
-1
-1
0
-2
2
0
-1
-1
1
-1
1
3
2
1
1
0
-2
1
0
-2
1
0
-1
-1
1
3
0
-1
0
1
3
2
-1
-1
0
0
-2
1
3
1
0
0
-2
-1
-1
-3
-1
-3
-4
-3
-2
-1
2
-1
-3
-2
-2
-1
2
1
2
2
0
2
-1
0
2
3
1
-1
0
3
3
3
0
-1
1
1
1
1
0
-2
0
1
0
-1
0
-2
-3
-1
-1
1
-2
1
1
-1
0
-2
-2
-2
-3
-1
-1
-3
-2
-1
-2
-1
-1
-1
0
-2
-1
-2
-2
-1
2
1
-1
0
-1
0
2
4
2
1
3
1
2
4
2
1
2
3
3
0
0
-1
-1
-1
-2
-2
0
-3
-3
-1
1
1
-2
-1
0
0
1
1
-1
-2
-1
-1
0
0
0
1
1
-1
0
3
5
4
5
2
4
4
1
0
2
1
1
-2
-4
-3
0
0
-2
-1
-2
-1
-2
0
0
-1
-2
0
-1
2
-1
-2
1
0
0
1
-1
-3
-3
0
-2
-1
-3
0
-1
0
1
-1
1
3
2
-1
-2
-1
0
0
2
-1
0
-1
-1
1
2
3
2
3
0
2
3
1
0
0
0
0
0
0
-2
-2
1
-2
-1
-1
-1
-1
-2
-3
-4
-1
1
-2
-1
2
1
0
3
-1
0
1
1
4
0
-1
0
-1
1
0
0
2
0
-1
0
3
2
2
0
1
-2
-1
-1
-4
-1
-2
-2
-2
2
-1
-4
-1
-1
-1
0
1
-1
-1
-1
1
3
3
3
0
1
3
2
1
0
3
0
-1
2
1
1
0
2
3
3
2
1
2
1
1
-1
0
0
-1
-1
0
-2
-1
-1
-1
-3
-4
-5
-1
0
-1
-1
-1
0
0
0
1
-2
1
2
0
0
0
-1
0
-2
-1
0
-1
0
0
1
1
0
1
1
-1
0
0
-2
-2
0
0
-2
-1
-1
0
1
0
-3
0
2
-1
-1
0
0
0
1
-2
0
1
1
0
0
0
2
3
2
3
1
3
3
0
-2
-3
0
0
1
0
0
0
-2
0
0
0
0
-2
-2
1
0
-4
0
1
0
1
-1
-1
0
1
-1
-2
0
0
2
1
-1
-1
4
1
3
1
-1
0
1
3
3
-1
2
2
-1
3
-1
-1
0
-2
-4
-1
-1
1
0
1
-1
1
-1
-1
0
-1
1
0
-2
-1
2
0
-2
0
-1
-2
0
0
-1
0
-4
-1
0
0
2
3
3
3
2
3
3
-2
-2
-3
-2
0
0
1
0
2
3
4
4
1
1
2
0
0
0
2
2
0
1
0
0
-3
1
0
-3
-1
-4
-2
-3
-4
-3
-3
-1
-2
-1
2
-1
2
0
0
-1
-2
-1
-1
-1
-2
0
0
2
0
2
1
2
4
2
1
1
1
-4
1
0
2
1
1
1
2
1
-1
1
2
-1
-1
2
-1
0
2
1
-2
1
-1
-3
-3
0
0
0
-1
-1
-1
-1
-3
-1
0
2
2
2
2
-2
1
3
3
2
1
-1
1
2
0
-2
-1
-4
-3
-3
-3
-2
0
-1
-2
-3
-4
-2
-2
2
0
1
2
2
2
3
3
-1
2
3
2
0
-1
0
1
-1
-3
-1
0
1
0
2
1
2
4
1
1
-1
0
-1
-1
-1
0
-1
0
1
-1
2
3
0
1
2
1
2
-1
1
0
2
-1
-3
2
4
4
3
0
2
-1
-1
0
-2
-1
-2
-1
-1
-1
-2
-3
-3
-3
-3
-1
0
1
-1
0
-1
-2
-1
0
0
0
0
2
-2
-1
-2
-4
-4
-5
-7
-4
-3
-5
-2
0
-3
-1
2
1
3
2
2
3
2
1
1
3
2
5
2
1
2
3
3
4
7
1
5
0
-3
-2
-1
0
0
4
4
1
-1
2
4
0
-1
-1
1
2
2
2
-2
0
2
1
1
1
-2
-4
-3
-1
2
3
5
1
-2
-4
-4
0
-2
-2
-4
-2
-2
-1
0
1
-1
0
-1
-1
2
1
1
-1
-2
-1
2
0
0
1
1
1
0
0
1
0
-3
-2
-2
0
1
-1
-1
-1
-1
0
3
4
0
0
2
-1
-1
0
2
1
3
0
0
1
0
1
-1
-1
-3
-3
-2
0
2
3
1
0
-1
-2
1
-2
-1
1
1
2
3
-1
-4
-1
1
2
1
0
0
2
2
2
0
0
0
2
2
-1
0
-1
2
1
3
2
-1
-2
1
-1
-4
-3
-3
0
1
1
-1
-1
-4
-2
0
0
-2
-2
3
-1
-2
-2
2
1
-1
0
2
0
0
2
-1
2
2
1
0
0
0
-2
-2
0
-1
-1
1
0
-2
0
0
-1
-1
-4
-2
-2
-2
0
1
0
-1
0
2
0
1
2
1
1
-1
1
0
1
0
0
3
1
2
0
-1
4
3
0
2
0
2
-1
0
3
0
-1
-1
0
0
-1
0
1
1
1
1
0
-2
-3
1
2
-2
-1
-1
-2
-1
-1
0
-3
-2
-1
-3
-4
-1
1
2
1
0
1
-2
1
2
-3
-2
-2
-1
0
0
-1
-3
-2
-2
-3
-1
2
-1
2
1
2
1
2
1
2
4
2
1
2
2
0
2
-2
-3
-2
-1
0
0
-1
1
3
2
2
3
2
0
-1
2
2
-1
-1
0
-1
0
2
2
1
3
3
0
-1
-1
-2
1
-2
-1
-1
-2
-3
-4
-2
-3
-3
-2
-3
-1
-2
-4
-1
1
3
3
2
-1
-1
1
0
0
-2
0
-1
-1
-1
1
3
0
0
-1
-1
1
2
-1
-1
-2
0
3
1
1
0
0
-1
0
0
0
1
1
2
1
2
1
0
0
1
1
-2
-3
-1
-4
-2
0
2
4
1
0
0
-1
1
2
1
1
0
0
2
3
3
2
0
2
3
-1
-1
-2
0
3
0
-2
-1
1
3
-2
-2
-2
-3
-4
-4
-4
-2
-4
-4
1
-3
1
0
1
2
1
3
1
0
0
0
2
-1
-3
0
-2
-1
1
2
1
3
-1
0
-3
1
3
0
-1
-2
-2
-2
-3
-2
-2
-1
0
0
2
2
2
2
1
-2
0
0
-1
2
4
2
2
3
2
0
1
3
2
2
2
1
0
0
0
1
-2
-3
-1
1
0
-1
-1
-2
0
2
3
1
0
0
3
0
-1
-1
-4
-3
-2
1
1
-2
0
1
-1
-3
-2
0
0
2
-1
-3
-2
-2
1
-2
-1
0
0
0
-2
-1
-3
-1
-4
-3
0
0
0
-3
-1
2
-2
-1
0
0
2
1
1
3
3
2
0
1
0
0
1
1
2
-1
0
2
2
0
4
4
3
4
0
0
-1
-2
0
0
1
1
4
1
2
1
-1
2
0
1
0
-1
-1
-2
0
-2
0
-1
-2
0
0
0
-1
1
-2
0
-2
2
0
2
1
0
0
0
1
-1
-2
0
-1
-3
-3
-4
-2
0
1
-3
-2
-5
-2
-1
-1
0
-2
0
0
1
-1
0
-1
-2
-1
-1
1
3
2
2
1
1
2
0
2
4
4
1
3
3
4
2
-2
-2
1
1
2
2
1
0
-2
-1
-2
-1
-3
-2
-2
-3
-2
-2
-1
0
-1
-1
1
0
2
2
2
1
0
0
0
2
3
-1
-3
0
-1
0
-3
-2
1
-1
-1
0
-2
-5
-3
-1
0
-2
2
4
4
2
2
2
1
0
1
-1
-2
1
1
3
3
4
2
1
1
1
-1
-2
-1
0
0
-1
0
0
-1
1
2
1
3
-1
-2
-2
-1
-2
-2
1
1
-1
1
1
0
-1
2
-1
0
1
0
-1
0
0
-2
1
0
0
1
1
3
1
-6
-2
-1
-1
-2
-5
-3
-3
-4
-2
-1
-2
0
-1
-2
0
1
2
3
1
-1
4
0
3
3
0
1
1
1
-2
0
3
-1
0
2
0
1
2
2
-1
1
2
0
0
0
2
1
3
1
0
-1
0
0
-1
0
0
1
2
1
1
1
0
-1
-1
1
-2
0
3
0
-2
-1
-1
1
0
0
-2
-1
3
2
3
0
-1
0
0
-1
0
0
-1
-1
-4
0
-1
-1
-2
-3
1
2
0
0
-2
1
0
2
1
1
0
0
0
-1
-2
-2
-1
-3
1
0
-1
0
0
-2
-3
-3
-1
-1
-3
-2
1
0
-1
0
2
1
-1
-1
2
1
1
2
0
0
4
0
2
3
2
0
-2
1
1
2
0
2
2
1
0
0
-1
0
-3
-4
-3
-5
-2
-1
1
1
1
1
1
2
3
2
0
1
3
2
0
2
2
1
0
0
1
1
0
-2
0
-1
0
-2
-3
-2
0
-2
-1
0
1
-1
-4
-2
-1
0
-1
1
-4
0
1
0
-1
-1
1
0
-1
0
-1
1
1
0
2
-2
-2
-3
-2
1
0
-3
-2
0
-1
-1
1
1
0
0
3
1
1
5
3
2
2
4
4
2
1
4
4
2
5
5
-1
1
-2
-4
-1
-1
-3
-3
-4
-1
0
-3
0
-1
-3
-1
-1
-3
-3
-3
0
-1
-2
-1
-5
-4
-2
0
2
0
-1
0
1
1
1
3
3
3
3
2
0
1
-3
-2
0
-2
2
4
3
4
2
0
-1
1
-1
0
1
-1
-5
-1
-1
-2
-1
0
1
0
1
1
0
0
-1
-2
1
1
0
0
-2
1
0
0
0
-2
2
0
1
1
0
1
2
2
2
1
-1
-1
2
-2
-1
-1
0
-1
-2
0
-1
1
0
-1
0
-2
-2
0
-2
-2
0
-2
-2
0
0
-1
0
0
0
1
0
2
2
0
2
0
2
0
0
0
-2
2
-1
0
1
-2
0
0
-1
1
-2
2
-2
-2
2
0
0
1
1
1
0
1
-1
1
3
0
1
1
1
0
0
1
2
3
3
1
1
2
1
-1
-6
-2
-1
-4
1
-2
-3
-2
-3
-2
1
-2
-3
-1
-1
-1
-3
-2
-1
-1
-2
-1
0
-3
-1
0
1
0
3
0
2
0
-1
4
2
1
0
1
0
-1
0
0
0
2
-1
2
5
2
4
1
0
0
0
0
0
2
0
1
3
3
2
-1
0
-3
-2
0
-1
-3
-2
-1
-2
1
1
0
1
-1
0
0
0
3
-2
-2
-2
1
0
-1
-2
0
1
-1
2
1
-1
-1
-3
-1
-2
-2
0
1
1
2
3
-2
-2
-2
0
4
-2
-2
-3
-4
-3
-2
-1
-1
-2
-3
-3
-1
2
-1
0
0
-2
-3
-1
3
2
1
2
3
4
4
4
5
5
3
1
-2
0
0
1
3
2
3
3
2
2
0
0
2
-1
0
-4
-2
-1
-1
0
0
0
-2
1
0
2
1
-2
1
1
0
3
3
1
1
1
0
0
1
2
-1
0
1
-1
0
-3
-1
0
-3
0
1
0
1
1
2
2
1
-1
0
-2
-6
-3
-3
-1
-2
-3
-1
-4
-5
-3
-1
-4
0
-4
-1
1
0
0
0
-1
0
-3
-1
-2
-1
0
2
-1
-1
-1
1
2
3
3
3
5
1
3
3
4
2
0
3
1
0
0
2
2
4
3
2
3
0
0
0
1
4
1
1
1
0
-3
0
0
1
-2
-1
0
-2
1
-1
0
-4
-1
-3
-6
-2
1
0
1
4
0
0
-2
-1
2
1
1
-1
-2
-2
-2
0
0
-1
-2
-2
-1
-2
-1
3
3
0
-2
0
0
-2
1
0
-1
-1
0
-1
-3
0
0
-1
-1
-1
1
2
1
3
3
1
4
0
2
3
1
2
-2
0
1
-1
0
2
1
-1
1
0
1
1
2
-1
-2
-4
-5
-2
-3
-2
-3
-3
0
0
2
0
0
-2
-2
1
-1
-4
-1
0
1
5
4
4
2
2
2
0
0
-1
0
-1
0
-1
1
0
1
4
3
1
-1
-1
-3
-3
-2
-1
-1
1
2
-3
0
3
2
2
1
0
0
-3
-2
1
1
1
-1
0
1
-3
-2
-3
-2
0
-2
-2
0
0
1
0
-2
-4
-4
-1
0
0
0
-1
-1
-1
0
1
1
1
2
0
-1
0
0
-2
1
1
-2
-1
2
0
-1
3
1
1
1
1
5
5
6
3
3
4
1
0
-2
-1
-1
-1
-1
-1
1
2
2
1
2
0
1
-1
-1
-1
-3
-4
-5
-3
-4
-1
-3
-3
-4
-4
-3
-4
0
2
-1
-3
-5
-2
-2
1
0
-4
-2
0
0
3
5
3
5
4
4
5
7
5
2
2
1
-2
-1
1
0
1
-2
2
2
2
-1
-1
0
-4
-2
0
1
2
-2
0
1
-1
2
-2
-4
-3
-1
0
-1
0
-2
-3
-1
-2
-3
-2
0
-1
-3
-3
-2
1
-1
-1
-3
1
1
1
0
2
2
1
3
2
1
2
2
0
1
-3
3
3
0
3
2
2
1
2
4
3
2
-1
-1
1
1
1
4
1
2
1
1
0
0
-1
-4
-2
-2
-1
-2
-3
-1
-1
-3
-2
-1
0
0
-4
-4
-5
-3
0
0
-1
1
2
4
2
1
-1
-3
-3
-2
0
1
0
0
3
2
0
2
3
4
4
2
1
1
2
-1
0
0
0
-2
-6
2
-2
-2
1
-1
0
0
1
0
-1
-1
-1
0
2
2
0
-1
0
-1
3
3
2
2
1
1
-1
-2
-1
-2
-2
0
0
1
2
2
1
0
1
1
-3
-3
-6
-1
-1
0
0
0
1
1
-1
-1
-4
-2
-1
0
0
-2
1
2
-1
0
2
4
0
0
1
-1
0
-1
-1
-1
1
0
0
2
0
0
0
0
-1
0
1
-2
-2
-2
-2
-1
-2
-2
-1
2
0
0
1
0
0
1
2
-1
1
4
1
3
1
1
3
2
1
1
0
2
1
-2
-3
-2
2
1
3
0
0
0
1
1
2
1
-1
-2
0
0
3
1
2
2
-2
-2
-2
-2
-2
-3
-2
1
0
1
0
-1
-1
1
1
2
3
0
-4
-5
-3
-3
-3
-1
-1
0
0
-1
-2
2
0
1
0
1
2
2
2
1
3
0
2
-2
0
1
0
-3
-3
-1
-4
-1
1
-1
-1
-1
-2
-2
-2
-2
-5
-2
1
3
1
-1
4
2
1
0
2
2
0
-3
1
1
0
2
2
4
3
3
4
3
3
3
1
-1
-4
1
0
-2
-2
1
3
2
0
0
-2
-5
-4
0
-1
1
-2
-2
0
1
1
-1
1
2
-1
0
1
-2
-1
-2
0
-1
-1
0
0
1
0
1
1
0
0
1
-1
-2
0
3
1
-1
2
4
2
1
1
0
-1
-2
0
2
1
-2
-2
0
0
-2
1
0
-3
-1
0
1
0
-1
-3
-2
-2
-4
-4
-2
0
-1
-1
2
2
3
0
1
2
-1
1
2
0
-1
0
1
3
3
1
3
4
2
-2
3
3
2
1
1
0
-2
-2
-2
0
2
1
1
0
-1
-2
0
0
1
3
3
4
0
2
3
0
2
2
1
2
-2
-1
-1
-2
-2
-5
-4
-1
0
1
-1
-3
-2
-2
-2
-3
-6
-3
-4
-1
3
3
1
3
0
1
2
1
3
0
-2
-2
0
0
0
1
2
2
-2
1
-1
1
0
-1
-1
-1
-1
-1
2
-1
1
0
1
3
2
-2
-2
0
-1
-2
0
2
1
2
3
3
1
2
-1
0
1
0
-1
1
1
0
2
2
0
2
-1
-2
-2
-2
-1
0
2
3
0
1
3
1
0
0
0
-1
-3
0
-2
0
-1
0
0
1
-1
-1
1
-2
0
-1
2
2
0
1
-2
-2
-1
-4
-4
-4
-2
1
1
-1
0
0
0
0
1
0
2
4
3
2
1
-2
-3
1
1
1
0
1
2
1
1
1
0
0
-2
-3
-3
-3
-3
-1
-2
-4
-1
-2
-2
-1
-1
-2
2
2
3
3
0
1
0
0
0
-1
-1
0
-3
-2
0
-4
3
3
-1
1
2
0
3
3
1
2
0
0
2
1
2
4
2
1
3
1
3
1
1
2
0
-2
-3
1
-3
-2
-2
-1
-2
-2
-1
-1
0
-4
0
1
-3
1
1
-1
-1
-1
-1
-1
-2
-1
-1
0
2
0
0
-1
-1
-2
0
3
1
-1
-1
2
2
4
3
0
0
0
0
2
2
1
0
2
-1
-1
2
1
0
-1
1
-2
-2
2
2
1
0
2
4
2
-2
1
2
-2
-1
-2
-1
-2
-6
-3
-3
-2
1
-2
-2
0
-2
-4
-1
1
2
2
1
1
1
1
2
1
3
1
1
1
1
-2
-2
-2
1
-2
-2
-2
1
2
1
-1
0
1
0
1
0
0
-3
-2
1
3
3
-1
2
3
2
0
2
2
-2
-2
-1
1
0
0
2
1
2
0
-2
-4
-3
-2
-2
-1
-2
-2
-1
-2
1
0
-3
-1
3
-1
-6
-5
-3
-2
0
-1
0
3
3
3
-1
0
0
-1
3
4
2
3
3
2
3
1
-1
0
0
-1
0
-4
-2
-2
-1
-2
-2
0
-1
1
1
3
2
2
1
1
2
2
0
2
1
0
2
1
2
1
-1
-2
0
2
2
0
2
-1
-1
2
1
0
1
1
0
0
0
0
2
0
1
-1
1
1
0
0
3
1
-1
-2
-1
-3
-3
-1
-2
-1
-3
-2
0
-4
-2
0
0
-3
-3
-2
-3
-4
-1
-1
-2
-1
-1
-2
1
0
3
2
1
1
-1
0
-1
1
2
0
0
3
0
1
0
2
1
2
6
2
3
-1
1
0
0
3
4
5
3
4
1
1
1
1
1
-1
-2
-2
-2
-3
-3
-3
-2
-2
-3
-2
-1
-2
0
-1
-1
1
0
-1
-2
-2
1
2
1
-3
1
-1
0
1
1
0
2
1
2
-1
-1
1
1
-1
-1
-2
-2
-1
-2
-2
0
4
-1
1
3
2
2
2
2
-1
0
0
0
2
-1
2
1
-2
0
1
-1
0
2
2
-1
0
1
-1
1
0
-2
-2
3
0
0
1
-1
-1
-4
-2
-1
0
0
-2
0
-3
-2
1
1
0
1
1
-3
-1
0
-2
2
2
2
1
3
2
0
1
-1
-3
-4
-1
-4
-1
0
-2
-4
-1
-2
-1
0
-1
0
1
-2
4
4
1
-1
-1
0
-1
0
1
1
1
3
3
3
2
1
0
2
2
0
-3
-3
-1
3
0
-1
3
4
2
1
-2
1
2
1
0
1
0
-1
0
0
-1
0
0
0
1
0
0
0
0
-2
-3
-3
-4
1
0
3
-1
-2
-1
-2
-3
-3
-1
-2
-1
1
-1
2
1
-2
-1
0
2
0
3
2
2
3
3
3
3
1
0
1
-3
-3
-1
-3
0
-2
0
-2
-2
0
-2
0
-3
-1
-1
-2
-1
1
-1
0
-1
1
2
0
1
2
0
0
1
-2
0
-1
1
0
2
3
0
0
1
1
1
3
2
-1
-1
3
3
2
3
0
3
2
-4
1
2
-1
-2
-2
0
-3
-3
-1
-1
2
0
0
-2
0
1
-1
1
0
0
-1
-1
-1
-1
-1
0
3
3
1
1
0
2
0
-2
0
-1
-1
-1
-1
-2
2
2
0
0
0
-1
0
0
1
-1
0
0
-3
1
0
1
0
0
1
-1
0
-2
-1
0
0
-1
-2
-1
1
1
2
1
2
3
1
-3
-2
-1
0
-1
1
-1
1
0
-1
-3
-1
0
0
0
-1
1
1
0
3
1
2
-1
-1
-2
2
3
0
4
0
-1
-2
3
-1
0
3
1
0
2
3
1
-1
-1
0
-1
-1
0
-2
-1
-3
0
2
0
0
-1
-2
-2
1
0
1
0
0
-1
0
-1
-1
-1
0
0
-2
-1
1
0
0
-1
0
0
0
-1
0
-3
-2
0
-2
-2
-3
-3
-1
3
1
-1
-1
1
-2
-3
-1
1
0
1
-1
3
1
1
1
2
0
3
4
0
4
1
-1
-2
-2
2
5
0
1
1
3
4
3
3
4
1
0
-1
1
0
-1
0
-1
-2
-1
0
-1
-2
-2
1
-1
0
-3
-1
-2
-2
1
0
0
0
1
0
-1
1
-1
-2
2
3
-1
-1
0
0
-4
-2
0
-1
-4
-4
0
-1
3
2
1
-2
0
4
1
2
1
1
0
-1
1
2
0
4
1
0
1
1
2
1
1
1
2
0
0
-2
0
0
3
3
2
