1
-4
-1
6
7
12
2
2
5
5
2
-4
-3
4
8
9
12
8
10
12
15
10
-3
-17
-21
-13
-5
-9
-22
-29
-20
-10
-13
-17
-16
-5
-1
-4
-10
-9
1
0
-1
-4
1
9
20
29
36
35
21
13
3
1
0
1
18
32
32
-2
-39
-56
-53
-62
-99
-118
-112
-114
-191
-331
-356
-149
188
387
296
4
-222
-130
242
602
635
300
-119
-160
203
535
454
49
-223
-129
94
97
-132
-314
-267
-106
-56
-148
-245
-256
-190
-95
-14
5
-67
-180
-190
-27
167
190
25
-118
-78
73
154
83
-26
-34
32
57
-7
-74
-55
35
95
72
14
-6
21
57
85
109
121
94
31
-24
-6
67
114
67
-43
-102
-69
0
11
-47
-106
-104
-59
-25
-24
-36
-33
-16
1
21
39
37
22
9
8
27
31
15
-2
-14
-23
-35
-36
-22
-18
-41
-58
-47
-15
-2
-18
-30
-7
30
39
24
15
29
44
39
28
29
34
21
-6
-16
-3
6
-3
-19
-31
-23
-13
-8
-8
-7
-10
-13
-13
-4
1
4
3
-3
-2
-5
-5
7
21
20
4
-11
-3
11
12
0
2
15
17
8
-2
5
19
19
9
7
15
22
11
0
6
19
19
5
-10
-11
-6
-6
-15
-22
-21
-22
-32
-32
-28
-20
-5
-4
-8
-8
-8
3
12
14
6
-4
0
7
8
-1
-6
-5
1
-1
-9
-3
6
8
2
2
11
24
22
13
11
20
21
11
-1
-1
12
11
-11
-27
-24
-9
-3
-13
-22
-19
-9
-7
-6
-3
6
6
0
-3
1
14
16
3
-10
-7
4
12
9
3
-2
-11
-8
-5
1
1
-5
-6
-5
2
-2
0
0
3
8
5
3
1
2
2
1
0
0
4
1
-1
-5
-5
-6
-1
3
4
-2
-9
-10
-9
-1
1
5
5
3
-5
-5
1
4
3
1
1
-3
-2
-1
1
2
3
2
-2
1
1
5
2
2
0
-2
1
4
7
7
5
2
-2
-2
4
6
0
-5
-7
-6
-2
-1
-2
-5
-3
1
3
2
1
-1
-2
-1
3
3
2
2
2
1
-1
1
4
0
-4
-5
-8
-6
-1
4
2
-1
0
2
5
8
9
7
1
-1
0
-1
-4
-5
-2
0
-4
-4
-3
-6
-4
-2
-2
-4
-6
-5
-2
-1
-1
-2
-3
1
6
8
8
2
2
3
1
2
-4
-5
-6
-3
1
2
3
2
1
3
3
1
-1
-3
-1
-3
1
-1
-1
1
3
4
2
1
-2
0
-2
-4
-4
-4
-2
0
1
3
4
4
4
3
2
1
3
3
1
-5
-2
0
0
2
2
2
1
-2
0
1
0
0
-4
-1
-1
2
1
1
2
1
1
-2
-3
-4
0
0
0
1
-3
2
-1
0
3
0
0
-4
-4
-4
-6
-4
-5
-6
-4
-2
-1
0
3
2
1
-2
-1
3
2
-1
1
4
2
6
5
0
3
3
1
0
0
0
0
1
-2
-2
0
2
0
0
-1
0
2
1
-1
0
0
1
-3
-1
2
0
2
2
-1
0
-1
1
0
-2
-2
-3
0
2
0
0
2
0
-1
2
0
-2
-2
-2
0
0
-1
-3
1
3
0
0
1
-2
-3
-4
-7
-3
0
1
1
2
-1
-1
-2
0
0
-1
1
0
-1
1
4
2
2
1
1
3
1
2
1
0
2
3
3
2
2
3
1
-1
0
-1
0
-1
-2
-2
-4
-3
-3
-2
-2
-2
-1
0
-1
-1
1
0
0
0
3
0
-1
-1
0
2
0
-1
-1
1
0
-3
1
-1
-2
-3
-1
0
-1
2
1
1
0
0
3
3
1
0
-2
1
1
-2
-1
-2
-2
-5
-2
-2
2
1
2
1
-1
-1
0
3
3
2
0
3
5
3
1
1
2
0
-1
0
0
-2
0
-1
1
2
-2
-1
0
2
-2
0
3
0
-3
-1
0
1
1
1
-2
1
-1
-2
-3
-4
-1
2
0
1
0
1
-1
-4
1
0
-2
-3
-2
-4
-1
-2
-2
-2
-2
1
2
1
2
5
2
-1
1
1
-1
-2
-1
1
0
-1
1
1
0
1
-4
-2
-1
0
1
-1
1
-1
-2
-1
2
-1
-4
-1
-3
1
0
-1
1
-1
1
2
4
4
3
1
2
0
2
3
3
3
-1
2
4
5
5
2
2
0
1
-2
-4
-2
0
0
1
-1
-1
1
1
0
-3
-1
-1
-1
-3
-1
-2
0
-1
-1
-1
-2
-3
-3
-3
-6
-5
-3
-3
-4
-2
0
0
0
0
0
-1
-1
1
5
1
2
2
4
2
3
4
2
1
-2
0
-1
-1
2
0
1
1
-1
-3
-1
1
4
4
-1
2
2
1
-2
0
6
3
0
-1
3
4
1
-2
-1
-1
1
3
-2
-3
-1
3
0
-6
-1
6
2
-2
-4
-1
-1
-4
-2
4
4
-2
-2
-3
-1
0
-5
0
-1
0
0
0
-1
-1
0
1
3
2
-4
-2
-3
-2
0
-2
-5
-2
0
0
-1
3
2
-2
0
-5
-2
1
2
2
1
0
1
5
5
5
4
4
-2
-3
1
1
0
-2
-1
3
1
-5
-1
1
2
-4
-4
-2
0
2
-1
0
1
2
2
2
2
1
3
3
1
1
2
-3
-3
1
4
3
-2
-2
0
5
1
0
0
-2
3
3
2
1
1
-1
-3
0
4
1
1
-3
-2
-1
-4
-3
-5
-2
0
-2
-3
-3
-1
-3
-1
-1
-3
-1
1
1
-1
-1
-1
-2
0
1
0
-2
-2
1
-1
1
0
1
-2
-1
4
5
4
1
0
0
0
-2
-2
1
3
1
0
-1
0
0
-1
-1
0
2
-1
2
3
2
2
0
0
-1
3
5
3
4
4
0
3
3
3
4
2
3
1
4
3
-3
-3
0
0
1
-3
-2
-1
-3
-2
-2
-1
-4
-6
-5
-3
-5
-5
-3
-2
-2
0
-2
-4
1
1
-1
0
0
-1
0
1
1
-3
-2
-1
-3
-2
0
-2
-4
0
1
-1
2
1
1
5
7
4
5
3
-2
0
3
3
0
4
5
3
3
2
0
0
-1
0
-1
-1
-1
-1
0
-2
-1
0
0
1
0
1
2
0
1
0
1
4
6
4
-2
-3
0
-1
0
3
0
-1
0
1
-1
-3
0
-3
-4
-3
0
-2
-4
-4
-2
-6
-4
-1
-1
-1
-1
0
-1
-1
0
1
-2
-6
-3
-5
-1
3
2
0
0
1
4
4
2
3
3
3
2
2
3
-1
-4
-4
-4
0
0
2
3
-1
0
-1
0
2
1
-1
-4
-2
-4
-5
-2
-6
-1
1
-3
3
6
5
1
0
2
1
-2
0
2
1
2
1
5
5
5
1
1
0
-1
3
3
1
1
3
3
-1
1
1
-1
-1
-2
1
-1
-2
-1
-5
-5
-5
-2
0
-1
-2
-2
-2
-2
-3
-2
-3
-3
1
1
1
1
3
3
0
1
0
2
0
-2
3
2
1
0
2
1
-3
-1
-2
0
-3
-2
-1
-1
1
-1
0
-1
1
0
-1
1
2
0
1
1
1
0
2
1
1
2
-1
-2
0
-1
-1
0
3
1
-1
0
1
4
0
2
2
1
0
2
5
2
3
5
1
-2
3
4
-1
-4
-2
0
0
-3
-2
-1
-1
-1
-3
-3
-1
3
0
-2
1
4
1
-3
1
6
-1
-6
-3
3
1
1
3
2
-5
-4
1
-2
-3
-5
1
2
-3
-4
0
-1
-1
0
4
3
0
-6
-4
2
-5
-9
0
10
4
-4
1
6
3
-1
0
5
8
1
-6
-7
-3
2
-3
-8
-1
5
7
4
-5
-3
3
3
2
-1
5
4
2
1
1
2
0
0
2
3
-1
-7
-8
-5
-1
0
0
5
3
-2
-4
0
1
-2
-1
2
1
4
1
-4
1
3
0
0
5
5
2
-3
0
1
-1
0
7
6
2
1
-2
-4
-3
-2
-5
-3
3
3
-2
-3
-4
-2
2
-2
-3
-1
2
2
0
-5
-4
-1
-3
3
2
0
1
-2
-3
2
3
-2
-1
-4
0
2
1
-5
-4
1
0
7
5
2
0
-1
-2
-1
0
-2
3
4
1
1
0
6
3
-1
2
2
-2
-3
1
0
-1
-3
-6
-4
-1
-2
-4
0
1
-2
-1
-1
-1
2
2
1
2
1
1
3
2
1
3
2
-3
0
5
4
1
-1
-4
0
3
1
0
1
3
0
-2
0
-2
1
2
-3
-2
-1
3
-1
-4
-3
-1
1
-2
-3
-2
6
6
-3
-1
1
2
-2
0
1
-2
0
1
-1
-1
1
3
4
0
1
-2
1
2
0
-1
0
2
1
-2
2
1
-1
-4
-3
2
2
-1
0
-1
-4
-4
-3
-4
-4
1
1
-1
-6
-7
2
2
1
1
3
3
5
0
1
1
-1
-1
-3
0
4
4
0
-1
3
4
1
0
2
1
1
2
-1
-2
-1
3
3
1
0
0
4
0
0
0
2
-1
-2
-3
-3
-3
-1
-4
-6
0
1
0
-7
-8
-3
1
-1
-3
-4
2
2
-1
-1
-1
-2
0
0
-2
-2
1
1
1
3
2
2
-1
1
0
3
4
2
3
4
2
2
3
0
-1
0
1
1
2
6
3
1
-2
2
2
3
0
1
1
0
-3
-1
2
-1
1
3
1
1
-2
1
0
-5
-4
2
-1
-6
-5
2
0
-2
-2
0
5
0
-3
-3
-3
0
3
0
-1
2
0
-3
-3
-2
-1
1
-1
-3
-1
3
1
-5
-5
-3
1
2
2
-1
-2
-1
-3
-3
-3
1
3
2
-1
0
-2
-3
-3
-4
1
3
4
1
-3
-1
1
0
1
-2
0
3
4
-2
-4
-1
2
5
1
3
1
4
6
5
1
-1
2
3
2
3
3
1
-2
-2
3
4
1
-1
0
3
1
-4
-5
-2
-3
-1
5
4
2
-1
-1
2
-1
-2
0
0
-1
-2
-1
-2
0
1
-1
1
1
2
0
-2
-1
-1
-3
-6
-4
-2
-1
-3
-4
0
-1
-2
-2
1
-3
-4
-2
-2
-5
3
4
0
-1
1
3
3
2
1
3
0
1
1
3
2
1
8
8
5
3
0
-1
0
-2
-2
-1
-1
-1
-1
-3
-7
-2
3
5
1
-4
1
2
-2
-1
2
2
2
-2
-3
0
0
1
1
0
2
0
0
2
-4
-4
-2
-1
0
1
3
1
1
-3
-6
-2
3
-1
-1
3
5
2
-1
0
1
0
-3
-3
-2
3
1
-2
-2
-4
-1
0
1
2
0
-2
-4
-1
2
1
-1
-1
1
0
1
2
-3
-3
2
-1
-5
-3
-3
2
3
2
2
0
-3
-1
3
3
2
1
0
-3
0
2
1
3
7
6
0
-3
-2
2
5
5
1
0
1
0
-3
1
-1
-4
-4
2
3
-1
3
0
0
-1
-3
-2
0
2
0
0
1
1
-1
0
-1
0
-1
2
3
2
0
-3
2
1
0
-2
0
2
2
-3
-5
-3
-1
-1
-1
3
-1
-5
-2
-1
-2
-1
3
2
-4
-3
0
-1
0
1
3
-1
-2
1
-5
-1
-1
-1
0
2
3
1
-1
-5
-4
0
2
-1
2
5
0
-2
1
3
3
-2
0
1
1
1
-1
-1
-2
1
3
3
3
3
-2
2
1
1
2
0
-3
2
4
1
1
-1
1
0
0
0
3
4
3
0
-3
-3
-3
4
3
0
-2
-1
-3
0
3
-1
-3
0
1
2
5
2
-3
-3
-4
-5
-4
-1
0
-2
-1
0
1
-4
-3
-1
-2
0
1
1
0
-1
-1
-1
1
1
0
-2
1
0
1
2
3
4
1
-3
-1
2
1
-2
0
-2
-4
-3
-2
-3
-3
-1
-1
-1
-1
0
-2
1
1
-1
0
3
3
2
0
0
0
2
2
5
2
1
4
3
3
3
2
2
2
4
4
1
0
2
4
0
-2
-2
-4
-1
1
-2
-5
-2
-3
-5
-3
-1
-2
-4
-3
-5
-5
0
1
-3
-3
0
2
3
1
0
1
2
2
-1
0
4
4
4
3
3
2
3
4
0
-1
1
0
-3
-5
-3
-3
1
2
0
-1
-4
-3
-1
-1
0
0
5
1
-1
-1
-1
-1
0
1
-2
1
3
-1
-1
2
1
0
-3
1
2
0
0
-3
-2
1
3
0
0
1
-2
-1
-2
-3
0
-1
0
1
1
2
1
2
-1
-3
0
-1
2
-3
-3
1
3
2
-1
-1
2
3
4
0
-1
0
-1
2
2
-2
-3
0
2
-4
-2
1
2
1
-2
0
0
-1
1
3
1
1
1
3
0
-1
2
1
0
1
0
-2
-1
0
-2
-2
-3
-5
-4
-4
2
5
2
-4
-3
1
0
-1
-3
3
3
1
2
4
3
-2
1
0
4
-1
-8
-3
2
6
-2
-5
-2
6
7
-1
-4
0
1
2
-1
-2
2
2
4
-1
-3
3
6
1
-3
-4
0
3
0
-1
0
1
2
0
-3
-1
0
3
3
0
-2
-2
1
-3
-3
-1
1
1
-1
-3
-4
0
0
-3
-3
-1
-1
0
1
-1
1
0
0
1
1
4
1
1
-1
0
0
1
-2
-3
-1
1
0
-1
2
1
2
-3
-2
0
-2
-1
-2
1
-4
-4
-3
-3
1
2
1
1
2
3
1
-2
-1
-2
0
2
3
1
1
3
1
2
0
2
2
2
4
2
0
1
1
-1
-1
-3
-2
-1
-2
0
1
-2
-4
-4
-5
-1
-1
0
-1
1
1
0
-2
-1
1
-1
0
1
0
1
4
3
5
5
6
4
5
4
4
1
3
2
0
0
0
2
-2
0
-2
-2
-1
-4
-1
-1
-1
-2
-2
0
-1
-3
-4
0
0
-4
-4
0
-2
-2
1
-3
-1
-5
-1
0
3
0
0
0
0
2
-1
0
0
3
2
-1
0
0
1
-3
-3
-3
-4
-4
-5
-2
1
0
0
0
1
2
5
7
3
2
3
5
1
2
1
1
3
2
3
0
1
1
0
-2
2
2
-1
0
-5
-2
-1
-1
-2
-4
-1
-2
-1
-2
-2
-2
-1
-1
-1
1
0
3
4
4
6
4
5
4
6
2
3
5
3
5
3
1
-2
-3
-1
0
2
-1
-2
-4
-2
-1
-2
-3
0
0
-2
-1
-3
-3
-4
-6
-5
-2
-2
-1
0
-1
2
0
1
-4
0
3
-1
-3
0
1
1
0
-3
-1
-2
1
1
-2
0
1
1
-3
-2
-3
-2
1
2
2
1
1
0
-1
2
3
1
2
3
1
3
3
1
2
0
1
0
-2
-1
-4
-2
-1
0
1
1
2
1
1
0
4
1
2
-1
-1
-1
0
0
-6
-5
-2
1
1
2
5
6
4
4
2
-1
-1
-1
-3
-2
-1
2
2
-1
-1
-2
2
-4
-2
-3
-1
-1
-2
-2
0
1
3
-1
0
3
2
2
1
1
1
1
1
3
3
1
3
0
-2
-2
3
1
-1
-1
0
0
-2
2
2
-1
0
1
3
2
2
-2
-5
-4
-5
-3
-2
-1
-2
-1
-2
-2
0
-1
-1
1
-1
-4
-3
-1
-4
-2
-2
-2
0
-2
-1
-1
1
-1
0
1
-1
0
0
2
2
1
-1
0
1
2
3
2
3
3
3
1
4
3
2
0
-2
1
3
2
-2
-1
2
2
0
-1
2
1
-2
-2
-2
-3
0
1
1
3
1
0
3
-1
1
1
1
-4
-2
0
-4
-3
-2
0
-1
-1
2
1
0
0
-2
-1
-3
-1
-2
0
2
1
2
1
0
-2
0
1
0
1
0
1
1
-1
-2
-2
2
1
0
0
2
2
0
0
2
1
-1
-1
-2
0
0
-2
0
-1
-3
-4
-2
1
1
2
-1
1
3
2
0
-1
0
-1
-2
-4
-1
-3
-5
-1
-3
-2
-2
0
1
1
1
1
-2
-2
3
3
-1
1
3
1
0
1
3
2
4
2
-1
2
3
0
-1
0
-1
0
0
1
-1
0
3
2
2
2
0
-2
-1
-2
-3
-3
-1
-2
-1
0
-2
0
1
-2
-2
1
-2
-2
1
1
0
-1
-1
0
-1
0
1
2
3
3
2
3
0
-2
1
2
1
2
0
-2
1
0
2
3
1
0
-1
-2
0
1
1
1
0
-1
-2
-2
0
-1
0
-1
-1
-1
1
2
-1
0
-4
-3
-4
-1
1
-2
-3
-3
-1
0
0
0
0
-2
1
5
1
1
-3
2
4
0
0
-1
5
1
0
1
2
1
0
1
2
2
-2
0
-4
-3
2
-1
0
-2
-1
1
2
1
-1
1
2
1
-1
2
0
1
0
0
1
-1
-1
-2
-2
-3
0
2
1
-4
-1
-2
-2
-1
-2
-1
-1
0
-1
-1
1
3
1
1
0
1
3
-2
-1
-1
0
-2
0
2
1
3
0
3
2
7
4
-1
-1
-2
2
-2
0
-2
-3
-2
-2
-1
-1
1
-3
-1
2
0
1
0
0
-2
-3
0
-1
1
1
2
0
0
3
5
2
2
0
-1
-1
-1
1
1
-1
-1
1
2
1
3
1
-1
-2
-3
0
1
-2
0
0
0
-2
0
1
2
2
1
0
-4
2
-1
-1
1
-1
-3
-4
-1
2
0
0
-1
0
3
2
-2
0
0
-3
-1
1
1
-1
-1
-1
0
0
0
-2
-3
0
-2
1
-3
-1
1
2
2
4
2
-2
0
2
2
0
-1
-3
-1
-1
0
-3
-2
-1
0
-1
-2
1
1
0
-2
0
-1
-2
-1
4
2
2
3
4
4
1
2
4
4
-1
-1
-1
0
0
-1
0
0
1
-3
1
0
-3
-3
-1
4
2
0
-2
-4
-1
-1
-2
0
0
-1
-2
-4
-1
-2
1
0
1
2
0
0
1
1
-1
3
1
0
1
1
0
0
2
0
2
1
-1
3
3
0
3
4
2
-1
-1
-1
-3
-1
-2
-3
0
1
-1
-3
-3
-1
2
1
-1
0
-1
0
-1
0
1
-1
2
1
0
-2
0
-1
-1
1
-1
-2
-1
1
0
1
2
2
5
2
0
3
2
1
0
-2
1
-1
-1
1
1
2
1
0
1
-1
0
1
0
-2
0
1
0
1
0
-4
0
0
0
2
0
-2
-5
-1
1
-1
-1
0
0
-1
-1
-1
-2
-1
2
0
3
3
3
5
3
3
1
-1
-1
1
-2
0
-1
0
0
2
2
0
-1
1
-2
-2
1
-1
0
0
0
-1
-1
-2
-2
3
3
1
-1
1
-1
-1
0
-1
0
0
1
0
-2
0
1
2
1
0
-2
0
-1
4
3
0
0
1
1
0
6
0
1
0
-3
1
1
0
-2
1
-3
-2
-1
1
-1
0
-1
-2
-2
-1
-1
2
2
-4
-1
-1
-1
0
-1
-1
-2
0
-1
0
-1
1
1
1
-3
-2
0
0
1
1
0
-1
0
0
1
2
1
0
2
0
1
3
-2
-1
2
1
2
0
0
1
0
1
5
1
1
2
2
1
2
2
-4
-2
-3
-3
-2
-1
0
-1
-2
0
-1
1
-2
0
0
1
0
-1
2
-1
1
-1
-1
-3
1
-1
2
3
0
0
-1
0
1
3
1
2
0
-3
-2
-3
-3
-3
1
0
-2
1
1
2
0
0
-2
1
4
3
0
-1
0
-2
1
-1
-2
-1
1
-2
-1
0
-2
1
2
3
-1
-3
-1
-2
-2
0
0
1
2
2
2
3
4
2
2
3
1
-1
-1
0
0
1
3
3
0
-1
-3
-3
1
-1
-3
-2
-4
-1
1
0
-1
-2
-1
0
-1
-2
-1
0
0
-1
-2
-1
0
0
-2
-3
-2
-3
-1
2
0
1
4
5
2
3
5
3
3
3
0
2
3
2
-1
1
-1
1
0
-2
-2
0
1
-3
2
1
0
-1
0
-1
-2
-1
0
1
-1
-3
-2
1
-1
0
1
-2
-2
-1
1
1
3
2
0
2
1
0
-1
0
0
-2
-1
0
1
0
-1
0
1
0
0
-1
-1
2
0
1
1
0
1
0
1
1
0
0
2
-1
0
-1
-1
1
1
-1
-1
-1
-2
-3
-3
0
2
1
1
0
0
1
1
0
-1
-3
-3
-2
1
-2
1
0
-1
1
2
0
0
2
1
2
-2
0
0
-4
-1
0
-1
-1
-1
0
1
-2
-1
2
2
1
1
2
6
4
0
1
0
-1
-2
0
0
-2
-2
1
1
-1
2
3
3
1
1
0
-2
-1
-2
-2
-2
0
0
2
-1
-3
-1
-2
0
-2
0
1
1
1
1
3
4
1
2
3
1
1
1
-3
-2
0
0
1
0
-2
2
-1
-2
0
0
1
3
1
2
1
-1
2
-1
0
0
-2
-2
0
0
0
2
-1
-1
-1
0
1
0
-2
-3
1
1
0
0
-2
0
-2
-1
-1
-1
-1
0
-1
0
1
-1
4
0
-1
-1
-2
-2
-3
-1
-1
0
0
-1
-2
-1
2
1
0
2
1
2
1
1
1
1
0
3
2
1
3
0
1
1
1
0
0
0
1
2
3
0
-1
3
1
1
-1
0
3
0
-2
-3
-1
-1
-1
0
0
-1
-1
-1
1
0
0
0
-1
-3
-1
-1
-2
-1
-1
0
2
-1
-4
-2
0
-1
-3
-3
-2
-2
-5
1
-2
0
2
1
0
-2
0
-3
-1
-1
-1
1
1
1
0
4
3
3
3
4
1
0
1
3
1
1
4
1
-2
1
0
0
1
1
-2
-1
-1
0
0
0
4
1
3
3
2
3
1
1
0
-1
1
-4
-3
2
0
-1
-1
0
-1
-1
-4
-3
-1
-2
-1
-1
-1
-1
-3
-1
-1
-1
1
0
0
1
1
1
2
1
0
0
-2
3
3
0
-2
0
0
-1
1
-1
1
0
-1
2
-2
-2
-2
-2
1
1
-3
2
-2
-2
2
0
0
0
-2
0
0
0
1
2
1
2
2
-3
-5
-1
1
0
1
1
1
0
-1
1
2
3
0
-2
0
3
-1
0
0
-3
0
1
1
1
2
0
0
-1
1
4
4
0
0
2
0
0
0
-3
-3
-2
-3
1
1
0
0
-1
1
1
-2
-1
1
3
-1
3
2
0
3
0
-1
0
1
1
1
0
-1
2
2
0
-3
1
-2
-3
-2
-1
1
-2
-3
-3
-3
-3
0
0
2
1
-2
-2
0
1
0
3
3
2
3
2
1
1
3
1
0
-1
2
2
0
1
2
3
0
2
0
0
0
1
-1
1
0
-1
-1
-2
-2
-1
-1
-1
-3
-4
0
0
1
-1
-1
-2
-2
-1
-2
0
0
3
2
-1
-1
0
-2
-2
-1
0
1
0
2
1
2
-1
0
3
0
-1
-2
0
1
-1
0
-1
-1
1
2
2
1
1
2
0
0
3
-2
-1
1
-2
-2
1
-1
-2
1
1
1
-1
-1
0
-1
0
-2
0
-1
-4
-1
0
1
-2
-2
-1
0
0
-3
0
1
-5
-1
2
1
2
2
2
2
0
4
3
4
5
2
2
3
3
3
1
-1
-2
0
2
1
0
-2
0
-3
-2
-1
0
-1
-2
-1
-2
-1
-3
-3
-2
-1
-3
-3
-2
0
1
0
0
-2
-1
1
2
4
2
4
1
-1
-2
-4
-1
-1
-3
0
-1
-4
-2
-4
-1
-2
1
1
0
0
0
2
1
3
3
1
0
1
2
2
3
4
4
3
0
0
3
3
0
-1
1
1
3
1
-1
0
3
1
0
0
-1
1
1
-1
-1
1
1
-2
-2
-2
0
0
0
2
-2
-1
-1
1
-2
-2
-2
-1
-3
-3
-4
0
-1
-2
0
0
4
1
2
1
-1
-2
-1
-2
-5
0
0
-3
1
-1
1
0
2
4
0
1
1
2
2
1
3
0
-3
-1
2
3
1
-1
0
1
2
-1
0
0
0
1
2
3
3
1
0
0
1
0
-1
-1
-1
0
-1
-2
-3
-1
0
0
-2
-1
1
-2
-2
-2
-4
-3
-1
-1
0
1
-2
0
-1
-1
0
1
0
1
-1
-2
0
0
0
0
0
0
4
2
3
3
2
2
3
4
2
1
1
1
2
1
0
2
1
-1
1
2
0
2
2
0
-2
-1
-1
-2
-2
-2
-4
-2
-1
-2
-3
-1
-1
1
1
3
-2
-2
-1
0
0
1
1
1
0
-2
0
-1
-3
0
2
-1
-1
-1
1
1
-3
-2
-2
-1
0
0
2
0
-1
-1
-2
0
-1
-2
0
1
0
1
1
4
2
3
4
0
-1
2
2
-1
-3
1
1
-2
0
0
-1
-2
-1
0
0
3
2
1
0
-1
-2
-1
1
0
0
2
2
2
-1
-1
1
-2
3
3
3
0
1
-1
-4
-2
-1
-1
0
-2
-3
-3
-1
-1
0
1
-1
-1
1
0
-1
0
2
-1
-1
-2
-2
2
0
0
0
-1
-1
1
1
0
0
2
2
3
5
0
0
2
0
1
-1
0
0
0
1
3
4
0
1
-1
2
2
-1
-1
0
1
2
1
0
0
-4
-1
-1
-1
-1
-2
-2
-3
-1
-2
-1
0
-2
-2
1
1
-2
-2
0
-1
-2
-1
0
1
-3
3
6
2
1
2
-2
-1
0
1
0
1
-1
-1
-2
-3
-3
-3
0
-2
-1
2
4
1
0
0
1
2
-1
0
1
0
0
0
1
3
2
0
4
3
1
4
4
1
1
3
2
4
0
1
2
1
1
-3
-3
-3
-3
-2
-3
-4
-2
0
-2
-4
-2
-4
1
-2
-3
-3
0
1
1
1
0
-1
-3
-1
-2
0
0
-1
0
0
-2
-1
0
2
4
0
1
2
-2
2
3
0
-2
0
1
-1
-2
0
4
3
1
1
0
-2
1
1
-1
1
1
2
1
0
0
1
1
3
0
0
2
1
-1
-1
-3
-2
1
0
-1
-1
1
1
1
1
-2
-1
2
-1
3
4
2
0
0
-2
0
0
-2
-1
-1
-1
1
1
0
-2
0
2
1
0
1
-1
-2
-1
-1
0
0
0
-1
-3
-1
-1
-4
0
-2
-3
0
-1
-1
0
-4
-2
0
-1
2
0
2
1
0
0
2
1
-1
-2
0
1
1
-1
0
3
0
0
0
-2
1
1
1
-1
1
0
1
2
4
-3
-1
2
2
1
2
3
2
3
3
0
-1
1
0
-1
0
0
-1
0
1
1
0
2
-1
0
2
-2
-1
4
3
0
0
3
0
-2
-4
-2
-2
-3
-1
2
-4
-3
-4
-6
-2
-4
-2
-3
-1
2
-1
0
1
1
-1
1
2
-1
0
1
-1
-1
1
-1
-2
-1
-1
0
-1
-1
0
2
0
2
-1
-1
2
2
1
0
0
-1
-1
1
0
-1
1
1
1
1
2
1
1
1
-1
0
0
1
2
1
3
1
1
2
1
-2
0
2
1
0
-2
-1
1
-1
0
-2
1
2
-1
0
2
1
0
-3
-1
-1
-2
1
0
-1
-2
-3
-2
-4
-3
-3
-4
-2
1
2
3
2
0
2
4
3
4
0
1
1
2
0
0
1
1
1
1
2
2
3
4
4
2
-1
-1
1
1
1
1
1
-1
0
-1
-2
-2
-3
-3
-4
-3
-2
-1
0
-1
-3
-4
-1
0
-1
-1
-3
-2
1
2
3
3
2
2
0
1
0
1
-2
0
1
-1
1
-2
-3
-3
-2
-3
-2
-1
-1
0
2
2
-1
0
2
0
-3
-1
-1
-1
-1
-3
0
1
3
3
2
0
2
2
0
1
1
4
2
0
0
-1
1
2
0
-1
0
0
-2
0
-1
4
3
0
3
0
1
3
0
0
0
0
1
0
1
-1
-1
2
1
1
-2
0
1
-2
-3
-2
-4
-3
-2
-2
-3
-2
0
1
4
1
0
0
2
2
1
1
2
2
3
2
2
0
-1
0
-2
1
-2
-3
1
1
1
-1
0
-3
-1
-2
-1
-2
-1
-2
-2
-1
-3
-4
-4
-1
-3
0
1
0
-1
-1
1
-1
0
0
-2
-1
-2
1
-1
-3
-1
-1
1
1
0
4
3
2
3
1
-2
2
0
-2
1
-1
-1
-1
-1
-1
0
-1
0
3
2
3
1
3
2
2
3
4
3
2
4
1
1
2
3
5
1
0
4
4
0
-3
-2
0
-1
-1
-2
-1
-1
0
-1
0
1
-1
0
1
2
-1
0
-1
-1
-4
-4
-3
-2
-1
-1
0
-3
-2
-1
-3
-6
0
-1
0
0
0
-1
-4
0
-1
-1
2
3
3
2
0
-2
-2
-1
0
2
1
0
-1
-2
-2
0
0
1
1
2
-1
0
2
0
0
1
1
2
1
-1
-1
0
2
2
3
1
0
1
2
1
-1
1
2
0
1
2
2
4
4
3
0
2
0
2
0
0
2
1
1
-3
-2
-1
0
-2
0
1
-1
-1
1
2
0
1
-1
-1
-1
-3
-3
-2
-5
-2
-2
-2
-2
-3
-2
-1
-1
2
1
1
-1
0
-3
-2
-2
1
-2
-1
0
-1
1
1
2
-2
4
1
0
0
0
0
0
0
3
0
2
1
0
1
1
1
0
2
3
0
1
4
1
2
1
0
1
-1
-1
-1
-2
-2
-1
-1
-1
-1
-4
0
0
-2
0
2
2
2
-1
-3
-2
1
0
2
1
2
1
3
3
1
1
0
-1
-2
-1
-2
-1
0
-2
-2
-2
-1
-1
1
1
0
-1
-2
-1
2
3
-1
0
-2
2
2
2
1
2
0
0
2
-1
1
0
-2
-1
-3
0
-1
-3
2
0
1
1
0
-1
-1
-2
0
1
-3
-1
0
0
-2
0
3
2
3
3
0
2
2
0
1
1
0
0
2
2
1
2
0
-2
0
2
-1
-2
-1
-3
0
0
1
0
0
0
0
-3
-2
-1
-2
0
-1
-1
-2
0
-1
-3
-2
-1
-1
0
3
0
0
0
0
-2
-3
-2
-3
1
-3
-1
0
0
1
1
0
2
3
4
1
2
1
0
1
0
4
3
2
1
0
2
1
-1
1
0
-1
-1
-1
2
1
-2
-4
-3
-3
-1
-3
-2
1
1
1
3
1
-2
-1
0
1
2
1
3
0
2
0
-2
3
0
0
3
0
1
1
-1
-1
0
-1
-1
0
0
1
1
0
-3
-3
-1
-3
-2
0
1
-1
-2
-1
-3
0
-2
-2
2
1
1
3
2
3
0
-2
-1
-1
-1
-1
-1
-3
-1
0
0
1
2
1
1
-1
3
0
1
3
0
2
1
-2
0
2
-2
-3
2
-1
0
0
0
0
1
0
0
3
2
3
1
1
1
-1
-3
1
-2
-2
-2
-2
-1
-3
-2
-2
-1
-1
0
0
0
-1
1
0
-2
1
-1
0
0
-3
2
1
0
-3
-1
0
2
2
1
0
-2
3
1
0
2
3
2
2
0
-2
0
2
-1
-2
0
0
1
0
-2
0
-1
0
0
-1
1
1
2
-3
0
0
-3
1
0
-1
0
-1
-2
1
0
-2
-2
-1
1
0
3
3
0
-1
1
2
0
-1
-3
-2
-3
2
3
0
1
0
0
-1
1
0
-1
-2
0
3
2
1
2
2
1
1
2
-1
0
-2
-1
-2
0
-1
0
1
-1
0
-2
-1
0
-2
-1
0
0
0
0
2
2
1
3
1
-1
-1
-1
0
-2
-2
-3
-3
2
-3
-2
-1
-2
-1
-1
0
2
2
1
0
-1
4
-2
-1
0
1
3
1
2
1
2
1
1
0
0
2
4
2
1
-1
-1
1
-1
-1
-1
0
-2
1
0
1
1
1
3
2
1
-1
-1
-2
1
0
3
4
1
2
-4
-1
-2
-3
1
-2
-2
-1
-4
-2
0
-3
-4
-1
0
0
-1
-1
-2
-1
-2
-1
-1
1
4
2
3
0
-2
1
-1
-3
-2
-1
-1
0
1
1
1
1
-2
-1
0
1
1
2
1
1
-1
1
2
1
2
2
1
4
2
1
1
-1
1
-3
-1
0
1
1
0
1
1
1
3
2
2
-1
1
2
0
1
3
-1
-3
1
0
-2
-4
1
0
1
0
-1
2
3
-2
-2
1
0
1
0
0
1
-1
-1
-1
0
0
-1
-2
-3
-1
1
-2
-2
-1
0
-1
-1
-2
-5
-2
-1
-3
-4
-4
-4
-2
-1
-2
-2
-3
-2
0
0
-1
-1
0
-3
-1
1
2
1
3
0
1
3
3
3
6
5
4
4
3
3
3
3
2
1
2
2
3
1
0
1
1
0
1
1
-2
-1
-2
-1
-2
0
-1
-2
1
1
-2
0
-1
-1
-4
-4
0
0
0
0
-2
0
-1
0
0
0
1
0
3
1
1
5
1
-2
0
2
-3
0
0
1
0
0
-2
0
-2
-1
1
0
0
-2
0
2
1
-1
0
-1
-1
0
2
0
1
0
0
1
0
3
3
-2
-3
-1
-2
0
1
-3
-1
-5
-4
-2
-2
-2
-4
-5
-1
-2
-2
1
2
2
-1
1
3
1
2
3
0
-1
0
2
3
0
-2
-1
2
-2
-1
-3
-3
1
-1
0
4
2
0
-2
-2
2
1
2
3
3
0
1
3
2
2
3
3
0
1
4
3
3
4
1
-2
-3
-1
1
3
2
1
-1
-3
-4
-2
-1
-1
0
0
-2
-2
-1
-2
-2
-2
-1
-4
-5
-3
-3
-4
-1
-3
0
-3
-2
-4
-5
-6
-5
0
2
0
0
1
3
3
3
2
-2
0
-1
0
1
-1
0
-2
0
2
1
3
3
2
1
1
4
4
4
4
6
5
6
6
3
5
5
3
1
0
2
2
0
-3
-2
-1
0
2
3
1
0
-4
-1
-2
-1
-1
-2
0
-2
-1
-1
-1
-3
-5
-4
-3
-6
-4
-1
-5
-4
-5
-3
-4
-2
-3
-6
-4
0
-1
-2
-3
0
-1
0
3
1
0
2
2
2
2
1
2
0
-1
-2
-2
0
2
2
0
2
0
0
-1
-3
1
2
4
-1
0
1
1
1
3
3
3
4
3
4
3
3
3
1
3
4
3
1
3
3
3
1
-1
-2
-3
-1
0
-1
0
1
0
0
-3
-2
-3
-2
0
3
-1
-2
1
0
1
0
-2
-3
-1
0
-1
-1
0
0
-2
-3
-3
1
0
-2
-3
0
-2
-2
-2
-2
-2
-2
0
-2
-2
-3
-2
-3
-2
0
2
3
0
2
1
3
4
2
1
3
2
0
3
3
1
0
-1
0
0
0
2
0
0
3
2
1
2
1
2
1
1
-1
-2
-2
-1
-1
1
-1
0
0
1
1
-1
2
0
-1
-2
0
-2
-2
2
-1
-2
0
-2
0
2
-4
0
-1
-4
-1
-1
-1
-2
-3
0
-1
-2
-2
1
0
1
2
0
0
3
3
2
2
5
3
2
2
-1
2
-1
0
0
2
1
1
2
-1
-1
-1
1
-2
-3
-3
-1
2
-1
0
0
0
0
-3
-3
-1
1
1
1
0
3
4
4
1
2
1
1
1
-1
-2
1
-1
-3
-1
0
-1
1
0
1
-2
0
2
0
-1
-2
-2
-3
-1
-1
2
0
-1
1
0
2
2
-1
-1
-1
-1
-1
1
2
2
1
3
0
2
3
0
1
0
-1
0
1
1
1
-1
2
3
1
3
0
0
-1
1
-1
-2
-1
-1
0
-1
0
-1
-1
-2
-1
-1
-1
-1
0
0
0
-2
0
2
0
0
0
0
1
-1
-1
0
0
-2
0
0
-2
0
-2
-1
-1
0
-1
-2
-1
0
0
1
1
2
-1
1
-1
1
1
1
1
4
5
2
3
1
1
5
4
5
4
4
3
1
1
-1
0
0
-1
-3
-4
-4
-5
-1
-2
-1
0
-4
0
-3
-4
-4
-3
-4
-2
-2
-3
0
-2
3
3
0
-2
-1
0
-1
2
3
4
4
1
-1
3
2
3
1
0
-1
0
-1
2
2
2
3
-1
1
3
1
0
2
2
0
1
1
-1
2
0
-1
-1
-2
-2
-2
0
-3
-6
-3
-5
-7
-3
-1
-3
0
0
2
4
6
2
1
3
1
1
-1
-2
-3
-3
-2
-1
0
2
5
5
1
3
4
-2
-7
-10
-14
-18
-22
-11
-2
11
19
28
36
25
12
-6
-20
-42
-53
-50
-40
-17
10
44
66
75
69
43
7
-29
-62
-80
-81
-62
-31
7
53
87
98
90
69
26
-30
-77
-107
-111
-104
-63
-6
54
105
131
144
118
62
-10
-74
-129
-165
-160
-122
-58
13
85
144
173
156
118
55
-16
-90
-142
-166
-161
-121
-70
2
66
122
147
149
133
86
26
-42
-88
-127
-141
-130
-94
-41
20
68
97
118
107
83
42
-1
-42
-70
-85
-89
-70
-50
-13
13
43
59
63
58
36
15
-13
-28
-48
-51
-49
-38
-20
2
25
36
48
44
35
17
1
-14
-25
-31
-30
-25
-16
-1
11
21
25
28
19
15
2
-6
-12
-16
-14
-16
-8
0
4
9
12
13
8
5
-1
-2
-8
-10
-8
-4
-4
-5
-2
-2
0
1
1
2
3
5
5
4
4
2
-4
-6
-7
-7
-5
-2
-1
5
8
7
5
5
2
-6
-7
-9
-6
-1
1
4
5
7
2
-3
-7
-6
-6
-3
-2
0
1
1
2
-1
-2
-3
-3
-2
-1
0
4
2
2
0
-1
-1
-4
-3
-3
2
3
4
4
3
5
3
0
0
-1
-1
-2
0
-2
0
0
-1
0
-2
-1
1
2
0
5
6
6
8
7
6
2
0
-5
-5
-7
-8
-5
-6
-2
1
5
7
8
8
6
1
-4
-7
-10
-8
-7
-4
0
6
10
11
7
7
4
-1
-3
-10
-9
-6
-6
-1
0
2
3
7
6
6
3
-2
-7
-11
-11
-11
-5
-2
1
6
5
5
1
-1
-2
-3
-6
-7
-6
-6
-2
-3
1
4
6
7
6
2
1
-1
-3
-1
0
1
0
4
7
7
8
9
9
4
1
-1
-2
-2
-4
-3
-1
2
3
5
6
5
4
0
-2
0
-4
-9
-4
-2
0
-2
-2
2
2
-1
-2
-1
0
0
-2
-2
-2
1
-3
0
-4
-2
0
-4
1
2
1
-1
3
5
2
0
-1
-4
-5
-6
-7
-4
-3
-1
4
4
3
3
4
2
1
-1
-4
-5
-5
-4
1
1
0
2
1
2
4
1
0
0
-1
0
3
6
5
6
5
5
3
3
0
1
-1
0
1
2
3
1
0
-2
-2
-1
0
-1
-2
2
-1
-1
1
2
2
1
1
-3
2
-2
-4
-1
-5
-3
1
-2
-1
0
0
-3
0
2
2
1
-2
-3
1
0
-1
1
0
0
-1
-2
-2
-2
-1
0
-1
-1
-1
0
-1
0
-1
-2
-1
-3
-1
1
0
-1
-2
0
2
3
2
2
0
2
3
3
3
3
2
2
2
1
3
0
2
1
-2
-1
-1
0
-3
-1
1
-2
-1
1
-2
1
1
0
0
-2
2
2
-2
-3
0
0
1
1
0
-4
0
0
1
0
-2
-1
-1
0
-2
-2
-1
-1
0
-2
0
0
0
1
-1
0
1
0
-1
1
-1
-1
-1
-1
3
2
1
2
1
1
-1
2
2
1
1
3
-1
-1
3
0
1
-2
1
1
1
1
1
0
-2
1
0
0
3
2
-1
-1
0
2
1
1
-1
1
2
1
2
-1
3
-1
-1
-3
-3
-2
1
2
1
1
-1
0
-1
0
-1
-1
0
-1
0
0
1
-1
0
-1
-1
-1
-1
1
0
1
0
2
2
-2
-2
2
3
0
0
1
1
-2
-2
1
-1
-1
0
1
2
1
-2
0
0
0
-1
1
-1
-1
3
0
-1
0
-2
-1
-1
-2
-3
-1
-3
0
1
-1
-2
-2
0
-1
2
2
3
2
2
0
4
4
2
3
3
2
1
-1
-1
0
0
1
-1
1
0
0
1
-1
0
-2
-2
1
0
-1
-1
1
0
0
3
4
3
3
3
3
3
2
-1
0
1
0
1
2
1
-1
-1
-1
-2
-1
0
1
-2
0
3
1
-1
-3
-4
-4
-2
-2
-2
-4
-2
-1
0
-2
-2
0
-1
-3
-1
1
0
0
0
0
-2
0
-2
2
1
0
1
-1
-1
-1
2
2
0
1
0
-1
-1
-3
0
-1
0
0
3
2
0
0
1
1
-1
-1
2
2
0
3
2
3
4
7
3
2
2
3
0
2
1
0
0
-1
2
1
0
-1
0
-1
-1
-2
0
1
1
0
-2
-1
-2
1
0
-1
1
-2
0
-1
-2
-3
-1
-2
-2
-1
-1
-2
-2
-1
0
-1
-1
-2
-4
-3
-2
-2
-3
-4
0
-1
0
0
2
0
-1
3
4
3
1
0
-1
4
-1
-1
-2
-1
1
-1
4
2
0
3
3
2
3
1
4
3
0
-1
0
1
0
-2
-3
-2
-1
1
-1
2
0
1
3
-1
0
1
-2
-1
2
3
3
1
0
0
2
2
0
2
-2
-2
2
1
1
-1
-4
-4
-4
-2
-2
-1
-1
-2
-2
-3
-2
-3
-3
-2
0
1
0
1
3
1
0
3
1
3
3
1
3
0
0
3
4
-1
1
2
-2
-3
-2
-2
3
0
-1
0
-1
-1
1
-1
-5
-4
0
-1
-1
2
-1
-1
1
-1
2
2
-1
-1
-5
-2
0
-3
-1
2
3
4
-1
2
2
1
1
-2
1
3
3
0
-1
-1
-1
-1
3
-2
3
1
0
-1
1
-1
-2
1
-1
-1
-2
-1
0
2
-2
-2
-1
-1
0
-4
-1
3
0
1
3
0
2
-1
0
-1
1
1
-2
0
1
1
2
2
0
0
1
-1
1
3
2
4
2
1
1
1
2
1
0
1
0
2
1
0
1
0
1
0
-1
0
-2
0
-1
-3
-3
-3
-5
-6
-2
0
-2
-3
-4
-3
-1
-3
0
1
0
0
-2
0
1
-3
0
3
2
3
4
0
-2
0
2
1
2
1
0
-3
-4
0
-2
1
2
-3
0
0
3
3
2
2
1
2
2
2
1
2
0
-3
-1
-2
-2
1
2
0
3
4
2
3
1
4
2
1
2
0
1
-1
1
-1
1
-1
0
-1
-1
0
-2
1
0
-3
-2
-1
2
2
3
2
0
-1
-2
0
-3
-2
-2
-2
-1
1
-1
-3
-1
1
-1
-1
1
-3
0
-1
-2
-4
0
2
-2
-1
-3
-2
1
-3
-2
-1
-1
-1
2
1
0
1
-1
1
-1
-3
-1
1
-1
-2
-2
-2
-2
2
1
0
1
2
2
4
5
1
1
0
1
2
6
7
2
1
2
2
1
-2
1
-2
-2
-1
0
-1
0
1
1
1
1
4
3
2
1
2
-3
0
-1
0
0
-1
-1
-2
0
-2
2
1
-2
1
0
0
1
-1
0
0
0
2
0
2
0
-2
-2
0
-2
-2
0
-1
0
1
0
-1
-2
0
0
-3
-2
0
-2
-4
1
-2
-1
0
0
2
-1
0
1
0
0
-3
1
0
-2
0
0
1
1
0
0
-1
0
1
2
2
1
3
2
1
0
-2
-2
0
-1
-1
-1
2
0
-3
0
0
-1
-3
0
-1
1
3
1
2
1
1
1
-1
2
1
0
0
0
0
0
1
2
3
1
0
-1
0
1
0
0
-1
-1
-1
0
0
1
-1
0
0
-1
-1
-1
-2
1
2
0
2
2
3
1
-1
-1
0
-3
-2
1
-2
0
2
0
-3
-3
-2
0
1
1
2
1
1
2
0
0
2
1
1
0
2
2
2
3
1
1
2
1
0
1
-1
-2
-3
-3
-3
-2
-2
-1
-2
0
-1
-1
0
-3
1
-1
-3
0
0
-2
-1
-2
0
-1
2
2
0
1
3
2
2
2
1
4
3
1
2
3
2
1
0
0
-1
-3
-2
-1
-1
-2
-2
0
-1
-2
-2
0
0
-1
-2
-3
0
0
1
2
2
1
0
1
1
0
-1
0
-1
1
0
2
3
1
-1
0
-1
1
1
0
-1
-1
0
0
-2
-2
-1
1
-1
-1
0
0
-2
0
-1
0
0
-1
0
1
1
-1
0
1
1
-1
-1
-3
1
-1
1
0
2
0
-2
-2
-2
0
-1
0
-3
-1
-2
0
0
-2
-1
2
2
0
0
1
-1
1
3
-1
2
2
0
0
1
0
2
1
-1
1
2
1
-2
0
3
-2
-1
0
1
0
2
1
-1
-1
-3
1
2
-3
-1
3
1
1
-1
0
2
0
5
1
1
2
0
-2
-2
-2
-1
1
-1
-2
0
0
0
-2
1
0
1
-2
-1
-1
-1
1
-2
0
2
0
-2
1
1
2
0
1
1
0
-1
-1
0
-3
0
0
1
-1
-2
-1
-2
-1
-1
0
-1
-2
0
1
2
1
2
-1
-1
-1
2
-1
0
1
-3
-1
-1
0
1
3
3
6
4
2
3
3
1
3
1
-1
3
1
2
0
-2
-1
-2
-2
-1
-1
-2
-2
-2
-1
0
1
0
-2
-2
-1
-2
0
0
-2
-2
-1
-1
0
-1
-1
-2
-2
-1
0
1
1
0
-2
1
0
-1
4
2
2
3
1
1
1
-1
-2
0
1
0
0
2
3
1
2
-1
-1
1
1
1
-2
0
0
-2
2
0
1
-1
0
-1
0
2
1
0
2
1
-1
3
2
-1
-2
1
-2
-2
-3
-3
-1
1
1
-1
1
-1
-2
0
-4
-3
1
0
2
1
0
1
1
4
0
0
2
0
0
0
-1
1
1
0
0
1
-2
-2
-2
-2
1
1
1
1
2
0
0
-1
-1
2
-2
-1
0
-2
-1
-3
-1
3
0
0
3
3
2
0
1
0
-2
1
0
0
-2
-1
-1
-4
-1
-1
-1
0
0
0
1
2
1
2
3
0
-2
-1
-2
2
-1
-1
0
-2
-1
-1
-3
-1
1
-1
-1
-1
0
2
2
2
0
2
3
3
1
1
-1
0
2
0
-2
-1
1
3
0
0
0
1
0
-3
1
0
0
-2
-2
-1
-1
-3
0
1
1
-1
-3
-4
-5
-2
-1
-4
0
-3
-1
2
0
2
1
2
0
1
3
2
0
-1
2
1
1
2
5
4
0
2
4
6
1
2
2
-1
4
4
4
0
0
0
-2
-1
-1
-3
-2
-3
-3
-5
-4
-2
-1
-2
-2
0
-1
-1
-1
-3
-4
-4
-1
-3
-4
-1
0
0
-1
1
2
-1
-3
-1
-1
-4
-2
0
-1
2
-1
1
3
0
2
2
3
2
2
3
-2
-1
0
2
-1
1
1
-1
-1
1
3
4
3
1
1
1
0
1
2
-2
2
2
1
1
-2
3
3
-2
-1
-1
-3
-1
-1
1
-1
-1
-3
-4
-1
-3
-1
0
-1
-2
-2
0
2
1
-2
-1
-1
3
3
4
5
1
1
2
2
-1
0
0
2
-2
0
1
-1
0
0
-2
-3
1
-1
-1
0
-1
-2
-4
-1
0
-1
0
-2
-2
-1
-2
-1
-1
-1
-4
-1
2
1
-1
1
0
-1
2
-1
1
0
0
-1
1
-1
-1
-1
-1
1
0
1
1
0
0
0
-1
0
0
1
0
-2
-1
-1
-1
0
1
1
2
3
3
2
3
-1
-1
2
3
0
0
1
0
2
1
0
1
0
3
3
-2
-1
-2
1
-1
1
-1
-2
-1
1
0
-4
0
-2
0
1
0
-1
-1
1
0
1
1
1
-1
0
1
2
0
0
-1
-2
-1
-1
-1
0
-1
-5
-2
-4
-1
0
-1
-2
0
-1
0
1
-1
2
-2
-1
-2
-1
-1
1
-1
2
1
0
-2
-2
0
-1
-1
-1
0
2
2
0
0
-1
0
1
1
0
1
-1
-3
2
2
2
0
5
0
1
1
-1
4
1
-2
0
1
-2
3
3
0
0
-1
-1
-1
1
0
0
0
1
3
3
-1
-1
3
2
1
-1
-1
-4
-1
0
2
2
3
1
-1
-1
-1
-1
-1
2
2
-1
-2
0
1
-3
1
-2
-6
-4
-2
-2
-2
-2
0
1
3
3
3
1
-3
-3
-2
-2
-1
1
-1
-2
-4
-1
-1
1
0
-1
-2
-4
-4
0
-1
0
3
4
2
3
1
4
4
2
3
2
-2
1
3
2
-1
-1
1
1
1
1
1
-2
-3
-1
-1
-1
-1
0
3
0
2
3
2
3
-1
0
1
0
1
-1
-1
0
0
1
-3
-2
-3
-4
-4
-3
1
1
3
3
4
3
1
1
1
2
2
0
-1
2
-1
0
0
-3
-3
1
2
1
0
1
1
2
0
0
0
0
2
-2
-2
-3
-1
0
-2
-4
-2
-1
0
1
-2
0
-2
0
2
-2
-1
-2
-3
1
0
1
2
-2
-1
0
0
-1
-2
0
0
-1
1
1
3
1
2
1
0
2
0
0
1
-1
-1
1
0
0
-2
-2
-1
0
0
-1
1
5
2
1
0
0
0
-1
-1
0
2
0
1
0
-1
1
1
3
3
3
1
-2
0
1
-1
2
-1
-1
-1
-2
-2
-2
-1
0
0
2
4
1
2
2
-2
0
1
0
3
2
1
1
-1
-1
-1
0
0
-1
-2
-5
-2
-1
-3
-5
-4
-2
-4
-4
-1
1
0
1
-1
-1
-3
6
5
-5
4
2
-3
3
6
-10
-2
5
0
17
33
7
-10
17
8
-7
-3
-1
0
1
4
7
3
1
-1
2
-2
-5
-4
-21
-25
-21
-28
-30
-19
-5
-23
-29
-10
-18
-23
-16
-27
-28
4
19
-10
-2
15
0
-9
-23
-30
-23
-20
-34
-19
3
-26
-55
-76
-97
-49
-7
-9
-78
-385
-1448
-2849
-3689
-3604
-1858
660
1895
1697
1204
1628
2799
2719
1119
-335
-451
715
1974
2212
1010
-707
-1440
-1111
-29
550
-63
-370
299
1280
1655
1033
658
1284
2088
2189
1608
1089
959
1127
1069
572
375
630
878
618
-117
-373
-193
-486
-1225
-1700
-1705
-1917
-2414
-2671
-2600
-2282
-1945
-1683
-1536
-1578
-1511
-1275
-1165
-1212
-1128
-891
-803
-650
-357
-234
-280
-491
-547
-262
-154
-197
64
513
779
875
968
892
736
802
1106
1429
1307
1000
1081
1103
764
563
744
855
749
736
774
631
364
334
526
449
92
-201
-281
-225
-284
-292
-120
47
222
376
483
528
534
587
699
1118
1508
1309
859
641
580
522
659
866
772
570
352
318
586
715
734
760
601
331
-23
-433
-642
-631
-692
-681
-427
-276
-320
-441
-668
-1022
-1592
-2036
-2158
-2342
-2536
-2529
-2427
-2299
-2187
-2168
-2307
-2589
-2890
-3129
-3339
-3531
-3621
-3632
-3466
-2962
-2355
-1818
-1243
-598
-89
72
117
377
687
805
941
1385
2014
2565
3070
3733
4441
4912
5138
5200
5116
4884
4562
4281
3992
3661
3485
3482
3496
3569
3613
3383
2949
2428
1772
1064
418
-39
-290
-579
-780
-692
-582
-526
-476
-512
-613
-800
-1008
-1107
-1226
-1419
-1589
-1925
-2352
-2250
-1717
-1359
-1164
-841
-525
-676
-1099
-1373
-1700
-2158
-2424
-2358
-2185
-1966
-1527
-968
-552
-462
-551
-813
-1295
-1660
-2080
-2631
-2910
-3049
-3574
-4324
-4441
-3988
-3733
-4010
-4302
-3949
-3668
-3900
-3948
-3588
-3061
-2774
-2843
-2707
-1901
-856
-75
602
1300
2236
3129
3490
4096
5156
5904
6213
6304
6540
7045
7450
7666
7914
7897
7530
7350
7019
6375
5900
5375
4690
3752
2618
1852
1201
348
-321
-803
-1401
-1984
-2457
-2927
-3143
-3308
-3664
-3932
-4109
-4019
-3701
-3542
-3205
-2615
-2205
-1906
-1429
-727
-133
96
226
621
1034
1120
1213
1381
1371
1187
931
956
1160
1129
941
779
714
561
119
-434
-836
-1060
-1406
-1879
-2164
-2235
-2327
-2455
-2318
-2057
-1972
-2032
-2030
-1757
-1601
-1779
-1918
-2040
-2160
-2225
-2665
-3470
-4090
-4373
-4452
-4617
-5048
-5148
-4772
-4594
-4437
-4015
-3498
-2843
-2503
-2610
-2401
-1743
-1098
-600
-241
336
1371
2187
2795
3905
5147
6060
6627
6848
7189
7688
7870
7927
8020
7943
7864
7702
7310
7196
7303
7101
6521
5596
4720
4126
3272
2060
992
197
-565
-1451
-2264
-2620
-2691
-3141
-3861
-4272
-4263
-4260
-4522
-4599
-4265
-3911
-3836
-3655
-2833
-1820
-1289
-977
-333
474
881
916
1072
1425
1378
853
604
765
916
799
511
493
589
275
-280
-525
-534
-804
-1405
-1907
-1944
-1887
-2133
-2217
-1976
-1860
-1971
-2005
-1804
-1616
-1721
-1957
-2100
-2607
-3778
-4759
-5083
-5301
-5814
-6558
-6766
-6231
-5859
-5760
-5207
-4181
-3343
-3162
-3261
-2652
-1554
-1043
-950
-571
155
898
1412
2244
3737
5119
5949
6587
7243
7929
8549
8870
8989
8910
8544
8218
8000
7791
7722
7666
7383
6824
6128
5635
5382
4844
3796
2621
1614
592
-692
-1871
-2488
-2908
-3660
-4461
-4683
-4429
-4430
-4651
-4467
-3995
-3807
-3973
-3860
-3169
-2599
-2517
-2313
-1637
-904
-462
-120
542
1299
1542
1560
1827
2083
1997
1551
1069
809
500
17
-366
-478
-669
-1208
-1706
-1809
-1641
-1633
-1830
-1942
-1930
-2027
-2165
-2067
-2019
-2179
-2392
-2565
-2634
-2929
-3598
-4104
-4273
-4480
-4873
-5334
-5532
-5370
-5256
-5275
-4955
-4348
-3861
-3557
-3305
-2727
-1981
-1498
-1095
-572
22
598
1151
1816
2696
3643
4407
5057
5686
6333
6989
7483
7830
7994
8041
8090
8026
7881
7730
7660
7543
7153
6662
6304
6013
5503
4659
3671
2871
2171
1167
97
-796
-1455
-2086
-2981
-3540
-3557
-3633
-3981
-4221
-4078
-3744
-3705
-3923
-3630
-3103
-2994
-2968
-2705
-2079
-1474
-1361
-1179
-583
-112
35
174
491
893
944
629
606
725
491
149
-100
-228
-433
-843
-1052
-1011
-1108
-1400
-1614
-1668
-1670
-1763
-1887
-1801
-1652
-1602
-1664
-1796
-1861
-2140
-2737
-3293
-3745
-4096
-4512
-5013
-5186
-5108
-5063
-4938
-4605
-4112
-3520
-3047
-2615
-1985
-1422
-989
-573
-248
120
499
834
1327
1879
2459
3138
3848
4495
5113
5752
6394
6895
7137
7306
7499
7568
7476
7266
7028
6729
6194
5610
5075
4597
4157
3694
3222
2742
2225
1705
1257
795
267
-299
-889
-1435
-1869
-2298
-2632
-2912
-3173
-3332
-3342
-3210
-2974
-2703
-2414
-2062
-1743
-1434
-1138
-982
-1013
-1094
-1203
-1313
-1450
-1514
-1417
-1287
-1212
-1098
-874
-646
-504
-490
-473
-504
-620
-802
-937
-992
-992
-1024
-1079
-1075
-1025
-930
-822
-715
-662
-635
-697
-863
-1278
-1876
-2397
-2762
-3159
-3754
-4384
-4743
-4796
-4866
-4932
-4731
-4272
-3807
-3480
-3103
-2425
-1699
-1236
-939
-605
-202
105
317
655
1214
1762
2177
2590
3151
3867
4574
5171
5687
6152
6553
6891
7148
7319
7378
7269
6935
6449
5971
5590
5228
4727
4136
3579
3096
2611
2113
1698
1345
906
322
-245
-655
-1015
-1467
-1952
-2346
-2690
-3040
-3275
-3259
-3061
-2968
-2992
-2844
-2480
-2090
-1787
-1549
-1279
-1099
-1118
-1129
-1046
-1043
-1207
-1411
-1432
-1230
-1046
-920
-726
-560
-506
-568
-639
-593
-573
-708
-885
-1010
-1084
-1156
-1286
-1377
-1343
-1254
-1179
-1127
-1010
-781
-638
-781
-1118
-1437
-1685
-2027
-2564
-3125
-3494
-3736
-4025
-4267
-4267
-3986
-3683
-3503
-3230
-2655
-1933
-1377
-1024
-660
-175
252
508
739
1075
1463
1747
1934
2242
2748
3321
3824
4250
4710
5233
5717
6113
6449
6718
6876
6793
6452
6044
5663
5245
4690
4006
3385
2896
2397
1925
1622
1471
1293
945
578
390
227
-116
-561
-983
-1402
-1927
-2487
-2803
-2898
-3030
-3191
-3150
-2802
-2350
-2009
-1663
-1207
-853
-790
-913
-1001
-1054
-1272
-1610
-1811
-1801
-1706
-1612
-1443
-1175
-958
-848
-757
-644
-625
-767
-924
-978
-1017
-1124
-1218
-1219
-1205
-1284
-1350
-1243
-1055
-946
-885
-778
-730
-919
-1249
-1453
-1556
-1846
-2375
-2868
-3132
-3342
-3617
-3774
-3642
-3393
-3269
-3164
-2774
-2113
-1519
-1135
-796
-374
21
303
598
1000
1385
1639
1832
2096
2460
2900
3401
3907
4305
4636
5042
5542
5981
6286
6526
6671
6561
6229
5929
5724
5361
4710
4001
3425
2859
2207
1701
1477
1235
693
90
-179
-238
-494
-925
-1216
-1403
-1797
-2334
-2590
-2518
-2571
-2908
-3124
-2966
-2693
-2531
-2269
-1774
-1377
-1365
-1446
-1243
-932
-923
-1141
-1221
-1142
-1182
-1317
-1241
-941
-790
-921
-995
-838
-697
-771
-893
-874
-863
-1067
-1299
-1292
-1179
-1238
-1403
-1398
-1221
-1115
-1125
-1024
-788
-711
-917
-1170
-1272
-1365
-1654
-2078
-2402
-2607
-2836
-3057
-3130
-3034
-2897
-2804
-2680
-2415
-2018
-1560
-1111
-744
-435
-92
310
693
1003
1287
1598
1875
2063
2273
2678
3204
3627
3908
4222
4679
5173
5540
5818
6107
6302
6250
5997
5754
5561
5221
4615
3932
3378
2879
2309
1777
1422
1161
785
317
12
-119
-320
-689
-1063
-1355
-1704
-2166
-2551
-2718
-2810
-2997
-3180
-3163
-2960
-2731
-2509
-2202
-1832
-1556
-1393
-1218
-977
-786
-761
-843
-921
-997
-1095
-1167
-1175
-1133
-1084
-1039
-972
-895
-836
-815
-844
-905
-970
-1036
-1117
-1197
-1243
-1262
-1289
-1308
-1247
-1113
-983
-884
-755
-620
-594
-719
-878
-992
-1166
-1494
-1885
-2177
-2370
-2566
-2771
-2868
-2817
-2725
-2675
-2558
-2227
-1751
-1313
-972
-617
-161
309
696
1052
1437
1810
2064
2243
2502
2894
3302
3627
3889
4167
4509
4896
5295
5663
5940
6091
6097
5968
5759
5503
5180
4694
4019
3281
2638
2120
1635
1147
706
316
-68
-439
-701
-864
-1046
-1352
-1715
-2033
-2312
-2577
-2785
-2901
-2982
-3056
-3048
-2859
-2557
-2253
-1970
-1673
-1384
-1177
-1040
-915
-797
-757
-824
-925
-993
-1002
-963
-882
-793
-733
-705
-696
-705
-758
-844
-941
-1057
-1203
-1327
-1367
-1333
-1297
-1276
-1225
-1142
-1064
-988
-867
-718
-610
-562
-503
-445
-503
-696
-908
-1062
-1275
-1630
-2016
-2257
-2405
-2591
-2777
-2804
-2658
-2496
-2378
-2173
-1782
-1326
-947
-622
-228
218
602
911
1230
1585
1911
2179
2443
2751
3091
3444
3810
4180
4535
4897
5275
5620
5878
6061
6186
6189
6012
5699
5349
4971
4495
3905
3295
2713
2123
1525
978
477
-31
-564
-1057
-1460
-1804
-2137
-2461
-2760
-3041
-3291
-3449
-3508
-3525
-3528
-3482
-3325
-3067
-2757
-2433
-2093
-1788
-1519
-1274
-1027
-814
-691
-649
-636
-608
-572
-515
-450
-376
-325
-305
-313
-316
-310
-349
-457
-610
-740
-860
-977
-1071
-1102
-1107
-1135
-1166
-1119
-981
-830
-674
-493
-291
-140
-45
41
90
-4
-261
-563
-849
-1175
-1610
-2041
-2349
-2558
-2773
-2979
-3019
-2879
-2691
-2526
-2287
-1901
-1456
-1066
-716
-306
161
577
904
1204
1539
1867
2146
2379
2639
2964
3326
3684
4021
4389
4814
5235
5571
5810
6004
6136
6101
5864
5511
5140
4692
4080
3371
2726
2168
1585
980
479
130
-182
-537
-822
-975
-1091
-1305
-1583
-1811
-2012
-2271
-2566
-2803
-2979
-3166
-3358
-3408
-3281
-3056
-2820
-2556
-2237
-1904
-1588
-1253
-914
-671
-595
-639
-719
-820
-941
-1058
-1154
-1238
-1331
-1386
-1342
-1202
-1037
-905
-802
-724
-682
-668
-683
-710
-757
-827
-885
-911
-877
-782
-627
-422
-199
16
205
344
406
369
250
80
-165
-508
-922
-1342
-1728
-2067
-2361
-2576
-2688
-2721
-2689
-2571
-2312
-1925
-1491
-1072
-670
-238
217
653
1049
1419
1736
1978
2176
2393
2665
2950
3204
3432
3672
3959
4315
4714
5072
5338
5524
5640
5662
5575
5416
5158
4709
4064
3385
2789
2207
1557
904
346
-144
-636
-1036
-1219
-1284
-1430
-1683
-1854
-1908
-1995
-2189
-2379
-2519
-2715
-2990
-3171
-3135
-2990
-2885
-2754
-2492
-2142
-1814
-1492
-1115
-792
-639
-633
-632
-607
-669
-817
-947
-1014
-1098
-1206
-1219
-1128
-1032
-1028
-1044
-993
-934
-919
-927
-890
-855
-872
-894
-848
-725
-626
-539
-416
-242
-70
61
201
316
358
276
134
-26
-260
-569
-951
-1332
-1691
-2022
-2296
-2505
-2617
-2655
-2601
-2456
-2204
-1844
-1433
-999
-587
-146
320
753
1134
1458
1771
2045
2267
2485
2731
3004
3233
3463
3731
4045
4367
4668
4955
5202
5384
5485
5507
5447
5284
4993
4583
4069
3496
2891
2268
1621
972
357
-212
-723
-1158
-1457
-1673
-1869
-2063
-2216
-2290
-2354
-2427
-2507
-2603
-2736
-2903
-3020
-3032
-2952
-2849
-2728
-2556
-2305
-1986
-1627
-1250
-909
-660
-523
-460
-430
-438
-500
-622
-778
-939
-1069
-1139
-1140
-1092
-1037
-983
-917
-835
-767
-722
-698
-702
-741
-802
-832
-808
-740
-653
-549
-399
-203
14
222
407
563
647
629
511
344
141
-127
-496
-930
-1328
-1653
-1947
-2218
-2405
-2469
-2454
-2400
-2262
-1966
-1570
-1191
-838
-455
0
449
842
1188
1515
1810
2038
2244
2468
2723
2967
3177
3386
3628
3928
4252
4551
4799
4991
5141
5214
5204
5110
4928
4617
4151
3593
3021
2458
1844
1176
523
-79
-633
-1125
-1488
-1733
-1926
-2118
-2262
-2314
-2312
-2319
-2358
-2409
-2507
-2652
-2791
-2857
-2850
-2834
-2803
-2706
-2493
-2196
-1862
-1496
-1145
-858
-666
-536
-428
-375
-403
-511
-642
-778
-906
-982
-1004
-987
-983
-987
-976
-924
-845
-761
-675
-607
-570
-577
-586
-549
-467
-359
-270
-179
-55
104
291
484
679
815
858
795
653
476
250
-30
-396
-818
-1232
-1595
-1894
-2151
-2326
-2419
-2439
-2393
-2271
-2018
-1673
-1307
-960
-589
-167
266
662
1008
1335
1640
1904
2137
2378
2636
2872
3070
3253
3473
3740
4008
4246
4447
4621
4749
4828
4834
4782
4641
4367
3973
3496
3002
2498
1964
1390
803
245
-287
-756
-1140
-1443
-1706
-1973
-2195
-2337
-2412
-2470
-2528
-2577
-2655
-2759
-2863
-2890
-2863
-2846
-2823
-2759
-2610
-2414
-2149
-1808
-1455
-1160
-955
-769
-607
-525
-537
-606
-667
-768
-880
-942
-907
-820
-764
-710
-639
-556
-506
-473
-412
-331
-261
-220
-187
-149
-109
-61
-16
37
86
143
242
382
539
669
756
795
770
666
502
305
62
-259
-643
-1016
-1337
-1609
-1852
-2057
-2186
-2242
-2227
-2140
-1948
-1668
-1354
-1042
-721
-345
70
482
848
1166
1449
1700
1927
2145
2362
2568
2739
2894
3065
3278
3537
3795
4025
4205
4350
4455
4507
4491
4390
4186
3863
3440
2958
2454
1944
1404
836
261
-268
-730
-1114
-1416
-1659
-1860
-2040
-2176
-2260
-2305
-2338
-2388
-2466
-2566
-2660
-2722
-2749
-2744
-2713
-2643
-2534
-2374
-2158
-1903
-1629
-1376
-1170
-1012
-885
-785
-727
-703
-717
-755
-791
-788
-719
-609
-490
-386
-299
-229
-164
-105
-73
-82
-135
-194
-233
-243
-209
-144
-52
35
134
267
430
603
756
873
940
968
947
873
745
559
321
23
-301
-643
-968
-1266
-1536
-1773
-1966
-2092
-2143
-2114
-2021
-1863
-1637
-1365
-1069
-755
-415
-59
289
610
907
1187
1448
1691
1921
2144
2363
2563
2747
2937
3138
3352
3550
3726
3879
4000
4080
4113
4086
3990
3804
3523
3160
2740
2271
1768
1244
707
184
-311
-747
-1118
-1427
-1683
-1899
-2072
-2199
-2280
-2321
-2342
-2357
-2380
-2422
-2472
-2509
-2533
-2544
-2541
-2515
-2436
-2302
-2110
-1865
-1595
-1330
-1096
-907
-757
-636
-547
-492
-456
-432
-400
-362
-311
-254
-213
-187
-181
-175
-168
-151
-118
-72
-12
53
125
189
241
269
280
276
267
272
298
344
408
492
590
692
769
810
800
726
602
431
218
-28
-311
-626
-944
-1243
-1503
-1728
-1910
-2035
-2100
-2102
-2030
-1882
-1662
-1394
-1099
-779
-437
-78
280
623
938
1223
1473
1695
1889
2070
2239
2389
2529
2660
2802
2948
3089
3217
3334
3425
3476
3484
3448
3356
3197
2961
2658
2308
1916
1493
1046
595
166
-242
-624
-955
-1232
-1466
-1664
-1827
-1956
-2046
-2122
-2185
-2232
-2265
-2297
-2329
-2350
-2354
-2349
-2328
-2284
-2204
-2078
-1913
-1709
-1479
-1223
-962
-728
-525
-368
-260
-198
-174
-171
-163
-151
-134
-105
-65
-7
54
105
155
204
236
252
259
263
262
252
226
194
156
122
99
95
113
147
200
267
349
437
525
594
632
626
581
486
340
146
-83
-346
-634
-932
-1218
-1477
-1702
-1882
-2005
-2066
-2061
-1990
-1856
-1658
-1407
-1117
-800
-459
-114
223
531
811
1059
1274
1461
1616
1748
1868
1985
2104
2227
2369
2519
2668
2815
2949
3072
3161
3205
3203
3144
3027
2849
2620
2343
2024
1674
1297
905
507
127
-233
-559
-853
-1119
-1351
-1554
-1716
-1841
-1941
-2028
-2103
-2176
-2239
-2287
-2316
-2320
-2305
-2264
-2196
-2088
-1940
-1755
-1545
-1323
-1104
-894
-704
-529
-366
-233
-131
-63
-7
35
69
101
132
164
185
203
217
232
240
244
234
207
167
118
73
28
-9
-47
-86
-114
-129
-117
-87
-34
33
113
200
289
378
458
518
541
527
474
379
246
71
-133
-365
-619
-879
-1136
-1365
-1570
-1742
-1870
-1939
-1941
-1890
-1771
-1597
-1365
-1104
-815
-503
-191
116
395
653
887
1093
1283
1447
1604
1756
1904
2052
2207
2375
2539
2701
2853
2986
3096
3176
3222
3231
3192
3096
2950
2752
2503
2212
1877
1504
1098
668
223
-219
-643
-1047
-1418
-1760
-2055
-2295
-2478
-2602
-2677
-2700
-2679
-2633
-2550
-2446
-2323
-2185
-2040
-1887
-1726
-1557
-1381
-1194
-999
-801
-606
-415
-232
-60
95
234
353
452
518
559
581
582
558
518
463
399
326
251
191
136
87
43
-3
-41
-86
-131
-175
-220
-264
-309
-341
-355
-342
-309
-251
-163
-56
66
189
304
403
475
507
499
449
344
196
4
-217
-456
-709
-962
-1202
-1416
-1599
-1746
-1849
-1893
-1878
-1815
-1697
-1524
-1307
-1056
-782
-495
-198
92
371
624
859
1076
1269
1442
1602
1758
1909
2059
2210
2360
2517
2665
2803
2927
3029
3103
3137
3128
3075
2974
2820
2611
2351
2052
1712
1335
934
520
113
-290
-671
-1016
-1318
-1579
-1796
-1962
-2085
-2166
-2218
-2242
-2246
-2226
-2194
-2153
-2095
-2024
-1937
-1838
-1724
-1590
-1440
-1279
-1108
-935
-757
-581
-414
-258
-115
16
130
219
300
363
405
424
433
425
399
357
300
240
169
87
4
-71
-139
-199
-251
-288
-309
-318
-320
-315
-303
-287
-271
-251
-222
-191
-141
-85
-18
67
161
258
353
447
525
575
591
579
521
418
276
99
-104
-332
-575
-808
-1024
-1214
-1376
-1485
-1543
-1550
-1507
-1409
-1258
-1076
-863
-633
-383
-135
105
333
544
742
920
1081
1234
1381
1527
1668
1814
1961
2113
2261
2399
2530
2643
2730
2791
2816
2800
2745
2653
2517
2334
2108
1846
1549
1214
851
467
69
-339
-743
-1124
-1475
-1793
-2067
-2287
-2445
-2542
-2583
-2571
-2505
-2411
-2296
-2166
-2020
-1871
-1736
-1609
-1483
-1356
-1235
-1105
-961
-802
-636
-467
-292
-106
70
230
370
496
594
659
691
702
691
650
583
510
434
351
261
181
108
39
-31
-98
-146
-193
-230
-262
-278
-283
-282
-266
-245
-206
-162
-104
-44
22
98
181
264
342
418
486
540
572
574
551
493
391
251
78
-120
-348
-586
-826
-1049
-1249
-1417
-1548
-1631
-1661
-1643
-1580
-1474
-1324
-1142
-938
-723
-488
-245
-7
226
448
670
876
1066
1243
1416
1591
1755
1909
2069
2233
2392
2535
2664
2781
2866
2909
2908
2864
2777
2638
2447
2205
1924
1620
1290
929
552
182
-175
-534
-890
-1214
-1497
-1759
-2005
-2207
-2346
-2449
-2530
-2571
-2552
-2499
-2433
-2349
-2232
-2080
-1932
-1789
-1627
-1439
-1249
-1078
-894
-681
-468
-278
-98
94
280
425
538
635
721
772
773
757
742
709
653
584
532
489
434
375
327
288
238
171
100
41
-16
-88
-163
-213
-240
-261
-281
-271
-227
-174
-128
-76
-4
73
132
176
226
277
311
326
340
357
361
330
280
223
148
33
-114
-269
-425
-603
-791
-957
-1100
-1214
-1321
-1389
-1402
-1375
-1319
-1233
-1099
-931
-743
-543
-325
-87
145
370
583
790
985
1156
1312
1452
1586
1711
1821
1918
2014
2108
2186
2241
2278
2300
2292
2250
2167
2064
1944
1787
1594
1387
1171
940
683
408
139
-140
-437
-748
-1047
-1325
-1602
-1875
-2114
-2298
-2440
-2551
-2610
-2590
-2515
-2404
-2260
-2065
-1829
-1590
-1367
-1136
-909
-710
-552
-412
-278
-163
-70
17
118
232
342
452
572
698
810
899
976
1032
1059
1049
1008
942
856
749
625
495
371
248
138
39
-43
-106
-163
-209
-243
-260
-279
-295
-300
-296
-290
-283
-271
-245
-209
-175
-133
-91
-39
8
48
85
113
130
131
117
91
45
-12
-88
-179
-285
-404
-523
-642
-763
-885
-982
-1062
-1119
-1156
-1156
-1119
-1055
-967
-850
-693
-514
-338
-155
43
244
434
604
781
952
1103
1227
1347
1468
1578
1664
1735
1815
1889
1940
1974
2000
2018
2010
1965
1912
1840
1744
1608
1455
1290
1103
881
644
413
167
-97
-377
-638
-891
-1135
-1380
-1592
-1770
-1922
-2055
-2148
-2185
-2185
-2160
-2101
-1997
-1864
-1711
-1561
-1391
-1212
-1041
-886
-737
-588
-448
-321
-199
-74
58
183
302
423
533
637
721
786
834
859
860
836
799
756
697
632
561
489
422
349
269
195
125
51
-18
-78
-130
-176
-213
-241
-255
-256
-247
-232
-212
-182
-154
-132
-109
-88
-65
-52
-39
-25
-15
-5
3
15
25
28
22
8
-15
-54
-106
-174
-257
-346
-443
-542
-633
-718
-790
-841
-874
-884
-871
-829
-766
-684
-581
-464
-332
-194
-48
96
241
385
521
656
785
909
1027
1136
1244
1347
1448
1534
1612
1685
1743
1786
1811
1816
1800
1765
1699
1613
1509
1382
1235
1069
888
697
494
280
66
-151
-371
-596
-813
-1025
-1233
-1431
-1623
-1800
-1953
-2083
-2189
-2260
-2293
-2280
-2228
-2136
-2004
-1831
-1630
-1411
-1181
-940
-705
-482
-280
-94
73
217
345
457
562
655
742
825
910
993
1053
1103
1141
1162
1159
1129
1079
1007
916
801
675
544
410
271
137
14
-96
-193
-276
-345
-395
-430
-457
-471
-467
-454
-435
-412
-379
-342
-307
-271
-233
-193
-155
-123
-96
-71
-47
-30
-21
-12
-9
-11
-20
-33
-48
-70
-103
-137
-180
-227
-278
-336
-394
-451
-504
-553
-586
-606
-614
-598
-570
-528
-464
-389
-294
-190
-78
42
166
298
424
553
679
792
905
999
1088
1162
1221
1269
1302
1328
1335
1336
1325
1304
1274
1225
1170
1093
1000
893
765
626
465
297
120
-60
-234
-405
-561
-704
-825
-926
-1006
-1057
-1092
-1101
-1101
-1083
-1052
-1015
-969
-925
-872
-821
-770
-713
-658
-598
-529
-458
-377
-297
-207
-122
-37
49
124
191
250
296
328
348
358
350
339
315
286
252
212
173
130
92
53
19
-16
-44
-72
-97
-123
-140
-161
-174
-186
-194
-200
-201
-201
-196
-183
-167
-150
-126
-95
-65
-30
3
30
59
84
99
111
116
117
113
103
87
70
48
24
-5
-33
-71
-109
-151
-195
-243
-288
-337
-383
-428
-465
-493
-512
-523
-520
-500
-472
-425
-364
-290
-200
-99
8
123
241
360
477
590
698
797
885
967
1036
1095
1143
1181
1204
1219
1228
1225
1212
1186
1151
1106
1048
977
895
798
692
573
447
316
179
36
-104
-239
-366
-487
-601
-699
-785
-859
-912
-953
-974
-986
-984
-965
-938
-903
-862
-810
-751
-697
-635
-573
-513
-451
-395
-342
-293
-241
-205
-166
-132
-105
-84
-69
-58
-50
-49
-46
-50
-53
-61
-67
-76
-86
-101
-114
-123
-136
-145
-153
-154
-152
-141
-131
-109
-79
-47
-10
32
73
111
146
176
200
215
219
215
203
184
160
135
107
84
58
39
23
3
-12
-24
-37
-55
-68
-88
-111
-136
-167
-196
-221
-250
-275
-291
-303
-304
-291
-268
-231
-183
-124
-50
31
118
214
312
407
503
592
679
756
822
885
932
967
997
1017
1027
1026
1018
1002
977
946
907
857
802
735
663
578
481
380
267
155
35
-86
-201
-314
-419
-512
-595
-668
-720
-766
-798
-811
-815
-810
-792
-769
-740
-708
-674
-636
-595
-557
-519
-478
-448
-412
-378
-348
-318
-292
-269
-243
-219
-200
-179
-163
-150
-140
-129
-126
-124
-129
-137
-141
-152
-165
-177
-188
-197
-207
-208
-206
-198
-184
-170
-145
-115
-85
-52
-19
17
53
84
116
144
171
192
210
223
235
241
242
242
239
228
223
212
199
189
175
160
147
138
127
122
115
106
98
90
80
70
57
49
37
24
14
7
-1
-2
4
10
21
37
54
80
103
127
153
182
212
239
261
286
307
329
350
372
393
411
426
440
458
469
477
478
478
470
453
433
403
374
335
288
239
187
136
86
34
-17
-68
-116
-163
-207
-242
-280
-313
-339
-365
-382
-398
-410
-420
-428
-428
-429
-426
-423
-424
-419
-419
-414
-410
-409
-409
-408
-413
-414
-415
-418
-418
-417
-417
-409
-403
-393
-380
-366
-345
-328
-305
-281
-257
-230
-202
-174
-147
-116
-82
-45
-14
24
60
97
130
162
194
220
244
265
284
298
311
320
329
331
334
335
334
337
332
326
321
312
301
294
278
261
242
216
194
167
143
115
85
56
26
5
-23
-43
-65
-76
-89
-98
-101
-104
-102
-97
-90
-81
-67
-48
-31
-12
10
37
61
85
111
134
157
179
196
216
235
249
263
272
280
286
290
296
295
290
283
279
264
251
234
212
192
165
140
110
79
43
12
-21
-53
-87
-121
-151
-182
-208
-231
-254
-272
-283
-298
-307
-315
-319
-324
-325
-324
-322
-316
-311
-308
-304
-295
-288
-279
-272
-262
-254
-244
-236
-227
-218
-212
-206
-197
-193
-186
-184
-178
-171
-170
-164
-158
-149
-137
-124
-108
-90
-70
-46
-22
7
31
58
85
110
132
155
173
191
205
212
218
221
222
223
217
215
207
199
191
175
163
145
132
114
98
84
69
54
42
32
25
23
21
14
9
17
25
32
35
41
49
59
70
74
80
90
97
102
107
114
120
122
129
134
135
137
142
143
145
145
140
137
135
126
119
111
102
96
86
73
64
51
43
35
26
17
10
2
-4
-8
-15
-20
-27
-35
-43
-49
-54
-59
-71
-78
-87
-94
-105
-111
-118
-127
-133
-139
-142
-147
-147
-154
-155
-156
-158
-161
-159
-157
-161
-158
-156
-154
-152
-149
-146
-143
-138
-134
-131
-126
-125
-121
-116
-115
-113
-111
-110
-107
-105
-103
-101
-104
-99
-94
-93
-90
-88
-83
-79
-74
-68
-64
-55
-52
-40
-30
-22
-10
1
13
28
41
54
71
83
98
113
126
141
155
166
179
189
198
201
210
218
219
225
229
232
234
236
236
236
236
230
226
221
211
204
197
187
176
165
150
137
123
106
91
76
64
47
27
10
-5
-24
-41
-54
-68
-81
-93
-103
-109
-115
-119
-121
-123
-120
-117
-115
-111
-109
-102
-98
-94
-90
-89
-86
-84
-87
-87
-86
-87
-83
-83
-81
-81
-80
-79
-75
-70
-67
-63
-58
-51
-47
-41
-37
-32
-26
-26
-25
-26
-26
-28
-31
-35
-43
-52
-61
-68
-77
-85
-95
-103
-111
-117
-122
-129
-127
-128
-123
-114
-106
-99
-86
-70
-53
-31
-9
9
22
37
49
61
77
90
90
77
57
36
23
13
3
-9
-21
-49
-72
-55
2
57
107
157
206
246
283
328
375
415
421
390
348
303
255
202
149
102
43
-23
-86
-131
-152
-159
-159
-151
-139
-130
-118
-99
-72
-41
-22
-9
2
0
-12
-12
-3
5
9
5
4
5
6
5
15
23
23
10
-8
-12
-11
-11
-16
-17
-8
-10
-17
-14
0
13
16
7
1
-6
-19
-34
-47
-59
-77
-104
-123
-129
-133
-134
-133
-125
-116
-100
-91
-74
-52
-41
-36
-31
-24
-21
-20
-17
-20
-19
-22
-25
-27
-21
-16
-17
-17
-17
-16
-11
-5
-2
4
15
16
19
21
29
34
38
42
47
45
41
42
44
49
48
46
46
46
47
44
48
55
56
55
52
50
49
43
38
37
32
20
8
2
0
-6
-13
-14
-14
-14
-17
-16
-12
-5
-1
-3
5
3
3
1
5
10
7
9
4
4
5
6
10
12
11
9
10
8
9
10
6
3
-4
-11
-18
-25
-26
-28
-33
-37
-33
-33
-32
-31
-24
-21
-17
-18
-12
-8
-8
-2
1
6
7
12
17
23
28
27
32
38
40
37
39
39
35
26
22
18
9
1
-2
2
0
-4
-6
0
-3
-8
-9
-8
-8
-14
-20
-19
-22
-31
-33
-33
-33
-36
-37
-36
-28
-26
-24
-17
-8
-2
0
10
15
17
17
18
20
17
15
15
14
12
8
8
10
11
8
6
8
9
5
4
4
0
-4
-7
-11
-15
-17
-20
-24
-26
-31
-32
-28
-26
-22
-18
-13
-8
-5
-1
4
6
8
7
6
7
4
5
5
6
0
-2
2
1
1
-2
0
3
4
6
5
6
8
10
16
20
21
20
20
19
19
17
15
14
19
16
15
18
16
15
16
18
20
20
22
22
22
20
22
20
19
17
15
12
6
5
4
4
1
2
1
-3
-4
-5
-5
-9
-9
-12
-14
-15
-18
-22
-23
-22
-23
-19
-23
-23
-26
-26
-26
-23
-24
-20
-15
-16
-13
-12
-10
-6
-3
-1
3
5
6
3
2
2
0
-1
-5
-9
-11
-14
-14
-16
-21
-20
-25
-27
-24
-23
-24
-21
-18
-17
-16
-16
-13
-10
-6
-7
-4
0
1
7
8
10
15
18
18
21
23
26
26
28
30
26
27
26
27
29
27
24
24
24
23
22
21
16
16
13
15
12
14
12
11
12
10
13
8
9
8
7
6
8
9
6
2
3
0
-1
0
-3
-3
-4
-4
-6
-7
-6
-7
-9
-10
-9
-9
-12
-13
-10
-12
-11
-10
-12
-13
-12
-10
-11
-7
-5
-7
-5
-3
-1
-2
-1
-1
-2
-1
1
4
3
1
3
3
3
2
1
4
2
0
1
1
3
3
1
-1
-3
-2
-4
-6
-8
-10
-9
-9
-8
-10
-10
-8
-9
-9
-7
-6
-6
-6
-4
-6
-6
-5
-3
0
-1
0
-5
-3
-2
-2
1
1
1
1
2
2
2
4
2
3
2
1
2
4
3
4
4
5
6
8
8
9
12
14
11
14
15
12
14
15
15
16
12
11
10
7
9
8
9
5
6
9
10
5
3
4
4
2
-1
-3
-3
-4
-6
-7
-5
-7
-10
-8
-7
-8
-7
-8
-9
-5
-5
-6
-5
-6
-6
-7
-5
-6
-5
-4
-3
0
0
1
1
1
-2
2
5
4
4
4
4
4
6
4
1
3
4
1
3
-1
0
0
-2
-2
-5
-4
-5
-6
-5
-4
-8
-5
-8
-8
-9
-8
-11
-10
-11
-8
-6
-6
-7
-5
-3
-3
-3
-2
0
1
5
3
2
5
4
4
4
5
5
6
8
8
5
5
8
6
8
7
8
4
6
3
4
5
5
5
2
3
4
3
2
3
2
4
2
3
1
1
-3
-1
0
-1
0
4
5
4
2
3
3
3
4
2
1
-2
-2
0
0
0
0
-2
0
-2
0
-2
-1
-2
-3
-3
-3
-1
0
-1
-2
-2
-2
0
0
0
2
1
-2
-2
-4
-1
0
-1
0
-2
-3
0
1
-1
1
-1
0
-1
-1
-1
-3
-6
-4
-7
-3
-2
-5
-4
-3
-3
-4
-2
-4
-4
-3
-2
0
-1
0
-2
-2
-2
-1
-2
-1
-3
-3
-1
-1
1
2
1
4
4
4
3
2
4
3
3
5
6
6
4
5
6
6
5
5
5
1
2
0
1
2
0
1
-2
-2
-2
3
2
1
4
3
3
2
2
2
2
5
4
4
4
3
5
6
5
1
0
-1
3
0
1
-1
-1
2
0
0
1
-2
-3
-2
-3
-1
-1
-3
1
-4
-7
-3
-3
-2
-5
-5
-4
-7
-5
-1
-4
-4
-4
-5
-4
-2
-2
-3
-2
-3
-1
0
0
0
0
-2
-1
1
1
0
0
-1
-2
-3
-3
-4
-4
-2
-4
-5
-3
-4
-4
-3
-3
-4
-2
0
0
1
0
1
3
1
3
2
2
2
2
3
4
6
6
5
3
6
5
6
7
7
5
6
6
9
8
4
8
5
2
3
3
3
3
1
3
4
2
2
2
1
2
1
-2
1
5
1
0
0
-1
-2
0
1
1
0
2
0
-4
-1
-3
-6
-4
-5
-4
-3
-4
-3
-2
-4
-2
-3
-2
-4
-4
-3
-4
-1
-2
-3
-2
-2
-2
-3
-3
-3
-3
-4
-1
1
0
-4
-3
-1
-3
-2
-3
-2
-1
-2
-3
-3
-1
-2
-3
-1
-2
0
-1
-1
-1
0
2
3
-1
-1
-2
2
3
3
2
0
-1
-1
2
-1
2
-3
-4
0
-1
1
0
2
1
1
1
0
1
2
4
1
0
0
5
6
3
3
3
3
3
5
2
5
4
5
3
3
6
5
2
2
4
1
1
1
2
3
0
1
2
0
-2
-1
-1
0
-2
-2
-1
-4
-2
-1
-3
-5
-3
-4
-2
-3
0
-2
-3
0
-2
0
-2
-1
-2
-1
-2
-1
1
0
2
1
0
1
1
1
0
2
1
0
0
0
2
3
2
3
4
2
-1
-2
-2
-3
-2
-4
-4
-3
-3
-2
-2
-4
-4
-2
-4
-3
-3
-2
-1
0
1
-1
-2
0
-1
-1
0
1
-2
2
0
0
0
1
1
1
1
-1
1
1
3
1
1
0
2
4
2
5
1
3
1
-1
2
-1
0
1
0
0
-1
0
1
2
-1
-1
1
3
1
2
0
-4
1
0
0
0
1
2
0
-1
0
3
4
4
4
3
2
0
-1
1
0
-1
1
0
-1
-1
3
-1
0
1
-1
-2
-1
2
-1
-2
0
-1
-1
0
0
-2
-2
-1
-2
-1
-1
0
-1
1
-1
-1
-2
1
2
-1
0
0
0
0
1
-1
-2
-3
-1
-1
0
-1
0
-1
-2
-1
-2
-1
-4
-3
0
0
1
-3
-3
-1
-2
-1
1
-2
-2
-1
-1
-2
-2
-3
0
-1
0
2
0
2
1
2
3
3
1
4
3
0
2
3
2
4
2
0
1
0
2
1
1
1
4
0
0
2
-3
0
-1
-1
-1
-1
1
0
0
0
0
0
2
0
-1
0
2
0
3
3
1
4
1
1
-1
0
0
2
2
2
2
0
0
0
-1
-1
-2
-4
0
0
0
-3
1
-1
-1
-2
-1
1
1
-1
0
1
0
0
4
2
-3
-1
0
0
-2
-1
-2
-3
-2
0
0
-2
-1
-1
0
-1
-1
0
-3
-3
-3
-4
-1
2
2
1
-2
-1
-2
-1
-3
-3
-1
-1
-2
-2
-3
-2
0
1
1
1
1
2
2
1
2
0
0
4
2
2
0
0
1
1
1
0
-1
-1
0
1
1
0
0
1
1
0
-1
-1
0
-2
1
0
-2
0
-3
-1
0
-2
-2
1
1
0
2
0
3
2
3
2
1
5
3
3
2
4
2
2
2
2
1
1
3
5
1
2
4
0
-1
0
1
-1
-3
-2
-3
-1
-1
-4
-3
-1
-2
2
0
0
2
-3
0
1
-1
0
-3
-2
-2
0
0
-3
-4
-5
-4
-4
-2
-3
-4
-3
-2
-2
-3
-1
0
2
1
2
-1
1
1
1
4
3
-1
2
2
-1
1
3
1
0
3
0
-1
1
0
1
3
-1
-2
-2
-3
-1
-3
-2
-1
-1
1
2
0
-1
0
2
0
1
-3
-2
0
-1
0
3
3
3
2
2
2
2
2
-1
1
2
3
2
3
1
-2
0
0
0
1
0
3
1
-1
0
-2
-1
0
-1
0
3
-1
-1
2
-1
0
1
3
1
0
1
1
3
2
3
1
1
3
-2
-1
0
0
-1
0
-2
-4
-3
-2
-2
0
-2
-3
0
-1
-1
-3
1
0
-1
1
2
1
0
0
0
0
0
0
0
-2
-1
-1
-2
1
2
0
-1
-1
-4
-1
-2
1
2
-3
-3
-2
1
0
0
-3
-2
-4
-3
-4
-1
-1
-3
1
1
0
-2
-2
-2
2
-2
-3
-2
-1
-1
1
-1
-1
2
-1
0
-1
2
2
3
3
3
1
0
2
0
2
4
2
4
4
1
1
3
4
3
2
5
4
4
3
3
2
2
1
-1
-4
-1
0
-2
-1
-2
1
2
-1
-3
-1
0
-2
-1
1
0
0
-1
3
3
1
1
-1
-1
-1
2
0
1
0
1
-1
-1
0
-2
1
-1
-1
1
1
0
-1
1
-1
1
1
-1
-1
-1
3
0
-1
-2
-1
-3
-4
-2
-2
-4
-3
-2
-4
-2
-3
-2
2
-2
-2
-4
-5
-1
3
-3
-2
-2
-2
2
-1
0
-2
1
1
0
1
-1
1
-1
-2
-2
-1
2
0
-1
-1
1
0
0
2
-1
0
2
1
0
3
4
3
3
0
0
2
1
2
3
2
3
0
-2
0
2
-1
1
-1
-2
0
0
3
0
1
1
1
-2
-1
0
0
1
1
2
0
-1
1
2
0
4
3
2
3
2
0
-2
-1
-1
0
0
-1
2
0
0
0
-2
3
3
0
-1
0
0
1
1
0
0
1
1
0
1
0
-3
0
-2
0
-2
-3
-1
-3
-4
-2
1
2
2
-1
-1
-2
-2
-1
0
1
-1
-2
-2
-3
-1
-2
-3
0
0
1
-1
-1
-3
0
-2
-1
0
-2
1
2
2
0
1
1
0
-2
2
-1
-1
0
1
-2
-3
-3
-3
1
0
-2
-2
1
-3
0
1
1
2
1
1
2
1
0
1
1
1
-2
0
3
0
3
0
2
0
1
1
1
3
0
2
1
3
2
3
1
3
2
1
4
-2
1
3
2
3
1
0
2
0
-2
0
-2
1
1
-1
-2
0
-2
1
0
0
-1
-4
-1
1
-1
-1
-1
-2
-2
-1
1
1
0
-2
-1
4
2
-1
3
3
1
0
-1
0
-1
0
-1
-1
0
-3
1
0
0
1
-4
0
2
-1
-2
-3
-1
-3
-2
2
2
0
-1
1
-2
-2
-2
-3
-2
-3
-4
-2
0
-2
-2
-1
-1
0
1
-2
-4
-3
-4
-3
0
-1
-1
-2
0
-1
-2
0
2
1
-1
2
0
1
1
-1
-3
-2
0
1
1
1
1
2
3
1
1
-1
0
0
3
4
2
2
4
1
2
2
1
0
1
4
2
2
-1
1
1
1
1
1
2
1
2
1
1
1
0
-2
0
0
1
3
0
0
1
1
1
-1
0
1
0
-1
1
1
0
0
0
-1
-1
2
-2
-1
1
-2
-2
0
-1
0
1
1
0
-3
-3
-3
-2
-2
-3
-1
-3
-5
-4
-1
-3
-2
-3
-2
0
-3
-1
0
-2
0
1
0
-1
-2
0
0
0
0
0
-2
0
3
-1
0
1
-1
-2
-1
0
1
0
-4
0
2
-2
-2
-2
-2
0
-1
-1
1
0
1
1
-1
1
0
3
1
2
3
1
2
2
1
0
1
2
0
3
1
2
2
-2
3
2
2
1
2
4
2
2
3
3
3
3
-1
4
0
1
1
2
2
2
3
0
0
-2
0
-1
2
-1
0
-3
-1
1
1
1
-1
0
-1
-4
-5
-2
-1
-1
-3
-3
-4
-4
-6
-4
0
2
0
1
-1
-1
-3
0
0
-2
-1
-2
-3
-4
-4
-1
1
-1
-1
-1
0
-3
-1
-2
0
1
0
-2
-1
2
0
2
0
0
0
-3
-1
-1
0
-1
3
-1
-3
-2
-1
0
1
2
-1
3
4
1
4
5
1
1
4
3
3
4
4
2
0
3
3
7
2
1
0
1
3
-2
0
1
0
2
0
2
1
1
-3
0
2
-3
-2
0
1
-2
-2
-1
-2
-3
-1
0
-1
1
0
1
1
2
1
4
2
3
3
1
1
-1
0
-2
-3
-4
-1
-3
-3
-3
-3
-1
-4
-2
-4
0
1
1
-2
0
-2
-3
1
-2
0
0
-1
0
-1
1
1
-1
-1
1
-1
0
-1
-2
-2
1
-1
0
1
1
0
0
1
1
2
-1
4
1
0
3
5
2
-4
-2
0
2
0
1
-1
0
-2
-2
1
-2
-3
-2
-1
-2
1
2
-2
0
3
0
1
1
2
0
1
0
0
3
1
0
-1
-1
0
2
1
-2
-1
-3
-2
1
0
-1
2
0
-2
2
2
3
3
0
-1
0
0
1
1
0
0
1
2
1
1
2
2
1
0
0
0
0
0
-1
-1
-1
-4
0
0
-1
-2
-1
0
-1
2
1
3
1
-1
0
1
0
2
1
1
2
1
0
0
-2
1
-1
-1
1
1
-1
-3
2
-1
-1
0
-1
0
-3
-3
0
-1
-1
-1
-3
-2
-1
-3
-3
-1
-2
-1
1
-2
-1
-3
-2
-4
-3
-1
-1
0
1
2
-2
1
0
0
2
1
0
-1
0
0
1
2
2
-2
2
-1
0
3
1
4
3
2
3
2
3
3
1
1
2
4
3
3
0
-1
0
1
0
-3
-2
-1
-1
-2
0
-1
-2
-2
2
-2
-4
-2
1
-1
-2
1
2
3
2
2
0
2
4
3
1
-3
-1
0
-1
-1
0
-1
-1
0
-2
-2
-3
-1
-1
0
2
3
1
0
1
1
1
2
-1
-2
0
-1
-1
0
-1
-3
-2
-2
1
-1
-2
-2
-1
2
2
1
0
1
3
4
1
0
1
3
0
1
1
2
-1
1
0
-1
0
0
0
0
-2
-3
-1
-3
-3
-2
0
2
0
2
2
1
1
2
2
-2
0
0
0
-2
0
1
-1
-1
1
0
-1
1
-1
-1
0
-2
-1
0
1
1
4
3
1
2
0
0
0
-3
0
3
2
2
1
3
2
0
-1
-1
1
1
0
0
0
-1
0
-1
0
0
-3
-3
-1
-1
0
-3
-2
0
-2
-3
-1
0
0
-1
0
-1
-3
0
-3
0
4
-1
1
2
6
4
3
6
4
2
2
2
-1
-3
-1
-1
-2
-2
1
0
3
1
-1
0
2
2
1
-2
-1
-1
-2
-2
1
2
0
-1
0
2
-1
1
-1
-1
0
2
0
0
1
-1
0
1
-1
0
0
0
2
0
1
0
-2
-3
-2
-1
-2
2
1
0
2
3
3
2
1
0
-1
-4
-2
-2
-4
-3
-5
-3
-4
-3
0
-1
0
-1
1
-2
0
3
5
3
3
2
0
2
0
-1
0
2
-2
0
-1
1
2
0
3
2
0
1
1
-2
-1
1
-1
0
-1
-2
-3
-2
1
1
0
3
-1
0
1
1
2
1
2
1
0
-2
2
2
4
4
1
1
2
1
2
5
1
2
2
0
-1
0
2
2
-1
-3
0
0
-3
-2
0
-1
-2
-3
2
4
0
-3
-4
-3
-2
-2
-5
-2
3
3
-2
-8
-3
4
-1
-2
2
0
0
-1
0
3
-5
-5
1
2
3
1
3
1
1
1
-1
0
6
5
1
-4
-5
0
-1
-1
0
1
0
-2
-2
-4
-1
3
1
3
3
0
-2
4
2
2
0
-1
-1
1
1
-3
-3
0
4
-1
1
1
4
1
-2
2
1
-2
-2
0
0
0
-2
-1
1
0
2
2
-2
-3
-1
-2
-5
-1
2
0
-2
1
0
0
1
2
5
1
1
2
2
3
1
3
3
0
2
2
0
3
3
1
1
-1
1
0
0
2
-2
0
0
3
1
1
1
1
-1
-2
-1
-2
-4
-2
0
-3
-1
-5
-5
-1
-2
-1
-1
-1
-2
-1
-1
-3
-3
-2
0
0
-1
-2
-1
-4
-3
2
1
1
-1
0
3
1
-1
0
2
7
3
0
0
2
1
4
3
2
3
-2
-2
-1
-2
0
-2
-3
3
2
0
0
1
1
-2
0
-1
0
1
-2
-1
2
1
2
1
0
4
2
2
3
1
-2
-2
0
3
2
1
3
-2
-1
0
1
0
0
1
2
-1
0
3
1
-2
-2
1
0
2
-1
-1
-6
-3
-2
0
0
-2
-2
-3
1
1
0
0
2
1
2
-1
1
2
0
0
3
3
2
2
-1
-1
1
-1
-6
-6
-1
-3
-2
0
-5
-4
-5
-4
-1
-1
-1
-1
3
2
0
2
4
1
-2
-1
1
1
-1
1
-1
-2
3
2
1
2
3
2
0
-1
6
7
0
1
3
2
-1
0
0
-3
-1
0
1
2
1
1
-1
-3
-3
0
2
2
-1
-4
-3
-1
1
1
-1
-3
-1
-1
0
1
1
-3
-1
3
2
3
-1
3
2
-3
0
3
2
0
0
-1
-2
-3
-4
-2
0
-3
-2
2
2
1
3
4
2
2
3
2
2
0
-2
1
2
0
-3
-2
-1
-2
-4
-1
-2
-3
0
-1
0
-1
1
-2
1
2
1
-1
-2
1
-1
-3
0
0
-1
-2
-1
2
1
-1
-2
-1
3
2
2
0
1
0
0
1
2
5
6
2
2
2
-1
0
0
-2
-2
-2
-1
0
-1
-4
-4
2
1
0
0
-1
1
-1
-4
-2
-1
1
2
1
-1
1
3
0
-1
2
6
4
3
2
-2
-3
-3
-1
0
-1
-1
0
0
2
-3
-2
0
-2
-1
0
-2
-1
1
1
-2
-4
-5
-4
-4
-4
-2
2
0
4
6
3
1
-1
0
-1
-3
1
3
2
-1
0
-1
-1
1
3
1
-2
4
8
2
-2
-1
2
2
3
6
4
-2
-4
-2
1
3
3
1
-2
-3
-1
3
2
-4
-4
3
7
4
-3
-2
1
4
-3
-7
0
5
0
-11
-10
-3
-1
-6
-8
-3
3
-2
-5
-1
3
0
-1
-3
2
6
2
-2
-3
2
6
2
2
2
2
2
0
1
1
0
1
-2
-3
3
3
0
0
2
-1
-3
-3
3
0
-5
-5
1
2
-1
-4
-1
4
3
-3
-6
-3
1
1
0
0
1
2
6
3
2
0
-1
3
3
4
1
3
4
2
0
1
-2
-1
-1
0
-3
-5
-2
1
1
-4
-4
0
3
0
1
5
5
3
0
3
3
4
2
2
1
1
-1
-1
-2
-7
-5
-5
-6
-5
-2
0
-1
0
-1
3
4
2
0
-2
1
1
0
0
0
1
0
-4
-6
-1
1
2
1
1
2
2
0
-2
-1
-4
-3
-1
-1
1
4
0
-2
-1
-3
-3
1
2
0
1
1
1
0
-6
1
5
0
-3
-3
0
0
-1
0
5
6
3
4
3
6
2
1
-1
1
2
0
-1
-2
-3
-1
-1
-4
-5
0
0
-2
0
-3
-3
4
2
-2
1
-1
2
3
3
1
1
4
3
1
2
5
1
3
3
1
1
-2
0
-6
-2
-2
-5
-6
-8
-2
1
2
1
-1
-1
-2
-2
0
2
4
5
0
-2
-2
-4
-4
-1
1
0
-2
2
-1
-2
1
-6
-6
0
4
2
4
7
3
1
2
2
-1
2
1
-3
-1
-2
-4
-2
-1
-4
-7
-2
2
-3
-6
0
0
1
1
-2
3
3
2
2
5
5
2
1
0
1
1
3
-1
-5
1
4
-2
-9
-4
0
0
-2
-3
1
-1
2
4
1
1
0
1
3
2
1
2
3
3
4
0
1
0
3
-3
-7
-1
0
1
0
-2
1
0
-1
-4
-7
-1
0
0
1
3
2
2
2
1
0
1
2
2
1
-3
-5
0
-2
0
2
0
1
0
-2
1
2
1
0
0
0
-2
-2
0
0
-1
0
1
3
0
2
2
-2
0
2
0
-1
-2
-1
-3
-3
-4
-2
1
1
1
1
1
1
-3
1
2
0
1
2
4
2
0
-1
-1
-5
-3
-3
-2
-1
1
1
-1
1
0
-1
1
-2
-1
-2
0
4
3
1
0
-2
0
0
0
0
1
-1
-3
-2
-4
-2
-3
-3
-2
1
2
1
-1
-2
-3
1
2
-2
1
0
8
4
-2
0
5
2
4
2
7
6
2
4
0
-2
-2
3
6
3
3
6
2
2
-2
1
4
8
7
-3
-8
-7
-2
-2
-4
-4
-5
-2
-1
-4
-3
-4
0
-1
-2
0
-1
1
5
-2
-4
1
3
3
4
2
4
4
-1
-7
-4
0
-5
-3
-2
-4
-6
-4
-2
-4
-2
1
-4
-2
-1
-2
-2
-2
2
3
1
-5
-1
4
4
0
0
0
-1
2
2
2
3
0
-1
0
-1
2
2
-1
1
1
0
0
-1
0
4
2
1
0
3
1
2
1
2
2
-1
2
0
-1
3
5
2
-2
-5
1
4
2
-2
1
1
-6
-1
2
-1
3
3
1
-1
-1
-2
-4
-2
0
1
-3
-4
1
2
0
1
-1
-3
0
3
3
-1
2
0
-2
2
0
-3
-1
3
0
-2
1
1
-2
0
0
-1
0
0
1
-2
-1
1
0
-3
-3
1
0
2
1
-2
-1
2
-1
0
1
3
0
1
1
1
2
2
0
-2
-1
1
-3
-2
3
0
1
2
0
-2
0
1
0
0
1
1
0
0
-2
-1
-2
0
-1
-2
-2
0
0
-2
-2
-3
-4
-3
-1
-4
1
1
-4
-3
4
8
5
2
0
-1
1
1
-2
-3
-1
-2
-3
0
2
1
-1
-1
1
-1
-2
1
5
-2
1
2
-2
1
3
2
-1
0
-1
-3
6
7
-1
-3
0
1
-1
0
0
1
6
4
0
0
3
0
2
1
0
3
2
0
1
-1
-3
-2
1
2
1
2
1
-1
-2
0
3
-1
-3
-5
-4
-1
0
-1
-5
1
1
-4
-4
-2
-1
-2
-3
-4
-1
0
1
-2
0
2
0
1
-3
-2
-1
1
2
-1
1
2
-1
-2
-1
0
1
-2
0
1
1
2
0
1
6
1
-2
1
3
0
4
3
-1
-1
2
3
-1
-2
-1
0
-2
0
-2
0
0
-2
-3
1
4
0
-1
0
3
4
3
-1
2
2
1
0
-3
-3
-3
-2
-4
-3
-4
-4
-3
-2
-3
2
1
1
-2
0
4
3
-1
-1
2
3
1
-2
0
0
0
2
5
0
-3
-2
1
3
1
1
5
2
1
3
4
4
1
-2
-1
-2
2
3
1
-2
-5
-4
-2
-2
-4
-6
-2
0
0
-4
0
3
2
3
-1
-1
3
0
0
2
0
-1
-3
-2
0
0
-2
-4
-2
-1
0
-3
-1
2
1
-2
-2
-2
1
-1
-4
1
-1
0
0
4
2
-2
-1
0
4
3
1
1
3
4
4
-1
-2
1
0
1
3
5
0
-2
0
0
0
2
2
2
-2
0
1
0
3
0
2
0
0
0
-2
3
3
-1
-2
-2
-2
-4
-4
-2
-2
0
-3
-2
1
5
-1
-1
0
0
1
-1
-1
-2
-3
-5
-4
2
2
-1
0
0
3
0
-3
0
0
0
4
2
-2
-1
1
-1
0
-2
0
0
-2
0
0
-1
-2
-1
0
3
-1
-1
0
2
0
0
1
0
-3
-3
-2
-1
-1
-1
-1
-2
0
3
2
-1
0
2
2
2
1
3
3
0
1
4
2
2
2
1
1
1
1
-1
0
3
3
1
1
-2
1
1
2
3
0
3
2
1
1
-1
-1
2
-1
-2
0
-2
-4
-3
0
0
-1
-1
-3
0
0
0
-2
1
-1
-3
0
1
0
-1
-1
0
1
-2
-1
0
0
0
2
3
1
-2
-2
1
1
0
-1
2
0
-3
-3
-1
-2
-2
-1
4
3
1
-1
-3
1
0
-4
-3
1
1
1
-1
1
-1
-4
3
4
0
0
-1
1
0
1
0
-2
-2
1
0
0
-1
-1
0
3
3
0
2
1
0
0
2
0
2
-1
0
3
2
0
-2
0
2
2
0
0
-1
0
3
1
-1
1
1
2
0
-3
-2
0
1
-1
-3
-2
-3
2
3
-1
2
-2
-3
2
1
-1
0
-2
-3
-2
3
5
1
3
2
1
2
-1
0
-1
-1
0
0
-1
-2
0
0
-1
0
0
2
3
2
2
-1
-3
-3
-3
-1
-2
-4
-2
-1
-2
0
-3
-5
0
0
2
1
0
2
1
5
2
2
6
3
0
2
3
0
0
-2
-3
-3
-1
-1
-1
-2
-1
-5
-6
-1
0
-1
1
3
1
-1
0
0
-1
-1
0
0
-2
1
3
1
1
1
1
3
2
3
2
3
-1
-1
0
-1
2
0
0
1
1
1
2
0
-1
1
-2
0
2
1
1
0
-2
1
2
3
-1
-3
-1
1
0
-1
-3
0
1
-1
-2
0
-1
0
-1
-2
-3
-2
1
2
0
2
1
-1
3
0
0
-1
-2
-3
-4
-3
0
-2
-2
0
-2
-1
0
-2
-2
-1
0
2
2
1
-1
-1
-2
-2
1
3
1
1
2
3
0
1
2
1
-1
1
4
2
1
-3
-2
-1
-1
-1
1
1
-1
-1
1
0
-2
0
0
1
1
5
5
5
4
2
1
-1
-2
0
-1
1
1
-3
-1
1
0
2
2
0
2
1
0
1
1
-1
-2
-2
-4
1
-1
-1
-2
-2
-1
-1
-1
-5
-1
1
0
1
1
0
-1
-2
1
1
4
1
-1
-4
-4
0
-2
-3
-1
1
-2
0
0
1
0
2
2
1
1
0
0
2
1
-3
1
0
1
2
1
0
-1
-4
-2
-1
-2
-1
-1
1
1
0
0
1
-1
-1
-2
-4
-2
0
-2
-1
4
0
2
4
4
3
-1
1
3
5
5
1
3
4
2
3
-2
0
3
-1
1
1
1
0
-2
-3
-3
-3
-2
-1
-2
-4
-2
-2
-3
-1
-1
0
1
-2
-2
-2
-2
-1
-2
-2
0
1
0
2
1
1
0
-1
-3
2
4
0
0
0
4
1
-2
0
0
0
0
0
-1
-1
-1
0
0
-1
1
-1
2
5
4
4
1
1
1
-2
0
0
-3
-2
-1
-1
1
-3
-1
1
0
2
2
2
0
0
1
0
1
0
-1
2
1
-2
-5
-2
-3
-3
-2
-6
-4
2
0
-1
2
1
-2
1
3
-1
-1
1
1
0
-1
-1
2
-2
-2
3
1
0
2
1
1
3
3
2
3
1
0
-1
-1
-2
-1
0
1
1
-1
-1
1
-1
-2
-3
-4
-2
-2
1
-2
1
0
-1
2
1
-1
0
2
1
-1
2
2
-1
0
0
1
3
2
0
0
0
1
0
1
2
0
0
2
4
3
4
2
-1
1
-1
-1
0
4
4
0
-1
3
4
0
0
1
0
0
-1
-2
0
-2
-2
-3
-3
-2
-1
-4
-3
-2
-4
-3
-2
-3
-3
-2
-1
-4
-3
0
1
1
0
1
1
3
3
-1
0
1
0
1
1
1
3
-1
0
0
2
1
3
1
-1
2
0
0
2
2
0
1
2
0
0
2
3
-1
-1
0
-1
1
1
-4
-2
-1
-1
0
-3
-1
2
0
0
-1
0
0
1
2
1
0
0
0
0
0
-1
-1
-1
0
0
0
-2
-2
-1
-2
-2
-1
-1
-1
-1
1
3
2
-1
0
0
0
0
0
-1
2
0
2
3
3
2
1
3
5
4
-1
0
2
2
1
-1
-1
-2
-2
-2
-2
-1
-2
-1
-2
-2
-2
-2
-3
-3
0
0
1
-4
-2
-1
-2
-2
-2
0
2
1
3
-1
2
2
0
3
4
1
1
-1
-2
-1
-2
-1
-2
1
1
-1
1
0
0
-1
1
1
-1
-1
-1
-2
0
1
1
1
1
3
3
1
-2
0
0
-1
-1
0
2
1
1
-2
-1
3
3
1
-1
0
1
1
1
0
3
0
1
3
0
1
0
0
0
-4
-2
-1
0
0
-2
-1
-2
-1
0
0
1
-1
0
-2
-1
-1
0
-1
0
0
0
1
0
-2
0
0
0
-3
1
0
-2
-1
-3
-3
-4
-3
-1
1
0
-3
0
-2
-1
-1
1
2
1
4
0
0
-1
-2
-2
-1
1
2
2
0
-3
2
0
2
1
0
-1
-1
1
1
0
-2
3
0
0
1
1
-1
1
0
1
2
2
3
-1
2
1
0
-2
-4
-1
-1
1
2
-1
-4
-1
1
1
4
2
1
-1
2
0
-1
-1
0
0
1
0
1
2
0
1
-1
-2
-2
0
3
-1
-1
1
-1
-2
1
0
-2
0
0
-1
-2
1
3
-2
-2
0
-2
0
-1
-1
-1
-1
1
2
1
1
2
1
-3
-3
0
-1
1
2
2
-2
-2
0
-2
-3
-3
-4
-1
1
-1
-3
-1
-1
-3
-3
0
2
1
1
2
0
1
1
-3
-3
-1
-1
0
1
2
2
0
0
-1
-1
1
4
0
1
1
-1
2
3
2
1
2
3
3
3
2
1
1
-3
-1
-2
-1
-1
0
0
0
0
-2
1
1
0
3
3
2
1
-2
1
0
-3
0
3
-1
-1
3
2
0
1
1
1
0
-1
-2
-3
-1
-2
-1
0
-4
0
0
-2
0
0
-5
-3
-2
-1
3
3
-1
1
0
1
4
0
2
-1
-1
-2
-1
-1
0
1
1
0
1
1
0
1
-1
-3
0
2
2
3
-1
-2
0
2
0
-1
1
0
-3
-2
-3
-2
-1
-1
0
-2
0
3
0
1
-1
-1
1
0
3
0
1
-2
-1
1
0
-2
-2
0
2
0
0
1
0
0
1
-1
-1
-2
-2
0
3
3
1
2
1
0
3
1
2
2
1
-1
-2
-3
-3
-1
0
-3
-4
-1
-2
4
-1
-3
0
-3
1
1
0
1
0
4
2
1
2
-1
1
1
2
1
1
2
3
2
1
4
3
1
1
-1
1
1
-1
-1
0
0
-2
-1
-3
-2
-2
0
-1
-1
-3
1
0
2
0
0
2
-2
-3
-2
0
-1
0
-1
0
-3
-2
-2
-1
-3
-5
-5
-5
-1
0
-2
-1
0
0
-1
-3
-2
-1
2
-3
-2
-2
-3
0
0
0
0
3
1
4
5
1
2
3
2
1
3
6
6
6
6
4
2
2
3
2
2
2
4
3
1
1
0
-2
-2
-1
0
-1
2
3
1
0
1
1
1
0
0
-3
-1
2
-1
-6
-3
-3
-2
-2
-4
-1
-3
-4
-5
-2
-2
-1
-1
-3
0
-1
0
0
-3
-3
-3
-3
-1
0
-1
-3
-3
-3
-3
-1
-1
0
1
-1
2
3
0
2
3
0
3
0
-2
-1
-2
-2
0
1
0
1
3
1
2
3
4
2
2
4
3
3
3
5
3
2
1
1
4
1
1
3
2
1
2
1
3
2
-2
-3
-3
-2
-2
-3
0
0
-1
-2
-1
-1
-2
-3
0
2
1
-1
-1
2
-2
0
-1
-2
-2
-2
0
0
0
0
1
1
-1
-2
0
-1
0
0
2
0
1
0
-2
0
0
0
1
1
-1
-3
-5
-3
-2
-2
0
0
-2
-1
-1
0
-1
1
1
1
2
0
2
2
2
1
2
1
3
5
2
3
2
0
0
-2
-3
-1
0
0
1
1
0
1
1
1
0
2
2
-2
-2
-1
-2
1
-2
-1
1
-1
-3
0
1
0
1
-1
-1
0
0
2
1
0
2
3
3
0
-2
-2
-3
-3
0
1
-1
3
0
1
0
1
3
1
2
1
1
1
1
1
-1
0
1
-2
-2
-1
-1
0
-2
-2
-1
-1
-1
-1
-4
-2
-1
0
0
-3
-1
1
0
-2
0
0
-1
1
0
-2
4
1
1
0
0
0
2
3
2
2
0
3
0
0
-2
0
1
1
2
1
1
3
2
-1
0
-1
0
-2
-3
-2
-3
-3
-1
-4
0
2
0
1
-2
-3
-2
1
0
0
3
1
2
0
-2
-1
1
-1
0
3
0
1
1
-1
-2
0
1
2
2
0
2
1
3
3
1
1
1
1
-1
0
1
0
1
1
0
-5
-1
0
-4
-1
-2
-1
-3
0
0
0
-1
-2
-2
1
-2
-2
0
1
2
1
2
1
2
3
2
0
0
-2
0
-2
-1
1
-1
0
-2
-3
-2
1
-2
0
-2
-1
1
1
0
0
0
1
1
0
-1
2
1
-2
2
3
2
1
3
1
2
3
1
5
3
0
3
2
0
-2
-2
-1
-3
-2
-1
0
-1
-4
-2
-1
1
0
1
-1
-1
-1
-3
0
0
-2
0
-1
0
0
-2
-3
1
0
-1
1
1
2
2
-1
1
1
-1
0
1
2
1
-1
-2
-1
-2
-1
0
2
1
-2
0
-2
-1
2
0
-2
-2
-2
-2
-1
1
0
-1
-1
2
1
3
2
0
-1
2
2
0
0
-1
0
0
1
1
0
2
0
1
0
-1
3
1
0
1
0
2
3
2
0
-1
1
1
1
-2
-1
2
-1
-1
-2
-1
0
0
-1
-1
-1
2
0
-2
1
0
0
0
0
-1
0
-2
0
-1
-4
-1
2
2
0
1
0
0
-1
-2
-1
-1
0
-1
-1
1
1
0
-1
-1
0
2
1
-2
0
-1
-3
1
-2
-3
1
0
-1
1
3
3
4
0
1
0
-1
-1
0
-2
1
4
1
2
0
2
0
1
3
2
1
0
-1
2
2
-1
0
1
1
2
0
-1
-3
-1
-2
-1
-2
-2
0
-1
-1
-1
-1
2
2
-1
3
2
1
1
0
1
0
2
3
3
1
0
-2
-2
-1
-1
4
1
0
-1
-2
-2
-3
-2
-2
-3
0
-3
-3
-3
-1
-2
-5
-2
-2
-4
0
-2
-3
-1
0
-1
0
1
0
2
0
1
3
4
1
4
3
3
1
2
5
0
0
1
2
3
1
-1
1
-1
2
1
-3
-1
0
1
0
0
2
2
2
0
-1
-1
-1
-2
0
1
0
-2
-1
0
-3
0
0
2
5
3
2
0
-4
1
-2
1
0
0
-1
-2
-2
0
0
-4
-1
1
1
-1
0
1
-2
-1
-2
1
3
2
-1
-1
1
0
-2
-1
-1
0
0
-1
2
0
2
1
0
-1
-1
0
2
-1
-2
-3
-1
0
0
-1
0
1
0
-2
0
0
2
0
-1
1
-3
1
-2
-2
-1
-2
0
1
0
2
-2
-1
0
-1
1
1
1
1
2
0
2
1
2
2
-1
1
3
4
4
3
-1
-1
-1
0
4
0
0
0
-2
2
2
-2
-3
-1
1
3
1
2
2
1
-2
-4
-2
-3
-2
-2
-2
0
1
0
-1
-2
1
1
-4
-1
-1
1
1
1
0
-1
1
3
0
-3
-2
1
0
2
0
-4
-3
-4
-3
-1
-2
-1
-2
-4
-3
-1
1
-1
-2
-1
0
0
3
1
1
2
3
0
3
4
0
0
1
1
1
3
1
2
3
1
2
1
-1
2
3
5
4
1
2
2
1
3
0
-2
-3
-5
1
2
-1
1
1
1
0
0
0
1
0
-2
0
-1
-2
-1
-1
-2
-2
0
-1
-2
-3
0
-1
0
-1
0
-1
0
-2
-4
-2
1
0
-3
-2
-3
-2
1
2
2
-1
2
1
1
2
1
2
0
2
2
2
1
-2
-1
-1
-1
-1
-2
-1
-1
1
0
-1
3
3
1
1
2
2
2
0
0
0
2
0
2
1
3
2
-2
-1
-2
2
0
-1
0
-1
0
0
1
1
-1
-3
0
-3
0
1
1
-1
0
1
-3
1
-1
-2
1
-2
-2
1
2
0
-2
0
0
-2
2
1
-2
1
-1
-2
-1
0
-1
-1
3
0
2
0
-1
-1
1
0
-1
2
1
0
-1
3
0
2
-1
0
-1
0
-1
-1
0
1
0
0
2
-1
-2
-3
0
0
-2
1
0
0
-1
1
-1
-2
3
0
3
3
1
-1
0
1
2
1
1
1
1
-1
0
4
1
2
0
-1
0
-1
0
0
-2
-1
0
-2
1
0
0
-2
-1
-1
-1
-2
-2
-2
0
0
-1
2
4
1
0
0
1
1
-1
1
1
-1
1
0
-1
-1
0
-1
1
1
0
1
4
5
1
2
0
0
0
1
3
0
0
1
0
-2
2
2
-2
0
-1
-1
0
-2
-2
-1
-1
1
1
-1
0
-2
-2
-1
0
0
-3
-1
0
1
1
-1
-1
3
1
0
0
-2
2
2
0
-3
-1
0
-4
-4
-2
-2
-2
1
-2
-1
1
-2
3
1
2
2
1
0
-2
0
1
1
1
2
0
2
4
2
0
-2
-1
0
0
2
1
3
3
1
4
0
4
2
1
0
0
0
-2
1
1
1
1
0
0
0
-1
0
-4
-3
-2
-2
-2
2
1
-1
0
-2
1
1
1
-2
-2
-3
-4
-3
-2
0
-2
-3
-1
0
0
0
-2
0
-1
0
2
1
2
0
3
0
-1
1
3
2
2
1
-1
1
-4
-2
-4
-1
1
-1
0
1
1
2
0
-3
-1
3
3
0
-2
0
2
1
1
2
0
1
1
4
