2
1
1
1
1
1
0
1
-2
-3
0
0
2
3
-1
-2
3
0
2
2
2
0
1
3
2
4
2
1
-1
-1
1
1
0
-2
0
-1
1
1
1
-2
-1
-3
-1
-1
-3
-3
-4
-3
-3
0
1
-1
1
2
0
1
4
0
2
5
3
0
0
2
2
4
3
1
-1
1
1
0
1
2
-2
0
2
2
4
1
0
-2
-1
0
-3
-4
-3
0
-2
1
2
0
-2
-2
-1
0
-1
0
1
-2
-2
-1
3
1
0
1
2
-1
1
0
-3
-2
-1
1
2
-1
-3
-1
0
0
-2
-1
-3
0
2
0
0
1
1
-3
-2
0
0
0
1
0
-1
1
3
1
0
1
0
0
2
2
-2
-2
-1
2
5
-1
-4
-1
0
0
3
2
3
1
1
5
2
4
1
2
4
2
-1
-1
-1
0
0
1
2
-1
-1
0
-3
1
1
-3
-4
2
4
-2
-4
-4
-5
1
2
-2
-6
-4
1
-1
-1
-3
-4
0
0
-3
-5
-1
1
0
-2
-3
-2
2
0
-1
6
1
1
0
0
4
4
6
2
2
3
2
1
0
0
1
2
2
0
0
1
0
1
2
1
4
0
-5
-3
-1
-1
-3
-3
-2
2
0
4
0
-3
2
2
1
2
0
-3
-2
-1
-1
1
2
-3
-4
-2
-1
-1
-1
0
1
-2
-2
1
3
2
0
-4
-3
0
-3
-3
-3
-3
-3
-1
-1
0
-2
3
3
1
5
0
0
0
0
2
1
1
0
4
2
2
0
-3
1
2
3
1
-2
1
0
-2
-2
2
2
1
1
4
1
3
4
0
1
5
9
1
0
3
2
-7
0
-2
-9
-6
0
-1
-7
-4
0
1
-2
-5
-11
-23
-12
12
3
-11
11
7
2
18
22
12
4
8
14
12
3
1
2
1
12
18
-10
-13
20
19
-4
5
11
-14
-19
-12
-28
-43
-35
-34
-39
-26
-22
-28
-15
1
1
-4
3
4
-5
-14
-9
7
7
-8
-9
4
13
10
-20
-38
-9
-1
-22
-5
18
18
46
77
76
86
96
76
67
67
51
17
-12
-9
-6
-26
-39
-31
-20
-16
-13
-14
-14
-17
-22
-31
-35
-36
-38
-47
-54
-33
-22
-28
-19
-3
6
8
15
22
17
21
28
26
28
25
24
30
25
18
18
10
5
-4
-7
-6
-7
-11
-16
-5
-2
-8
-10
-11
-7
-2
-2
-3
-11
-7
7
-2
-1
8
0
-3
4
9
1
-2
2
0
0
5
1
-2
-6
-4
2
-4
-13
-10
-1
9
-2
-11
8
3
-8
-3
-4
-3
-3
-8
-5
9
3
-15
-6
9
1
-5
-5
3
6
-3
-9
-8
11
23
8
-7
-5
12
19
5
-7
-1
4
6
6
12
-7
-21
-1
13
12
-2
-10
1
8
13
4
-9
-4
10
14
-2
-15
-9
7
6
-15
-11
18
16
-8
-6
4
4
10
21
4
-13
9
26
7
-9
-13
-8
-2
8
2
-19
-17
-18
-12
4
10
-5
-15
-5
6
9
-4
-17
-13
3
6
-2
-5
-12
-16
-10
-1
3
3
-2
-6
-2
2
-16
-15
10
9
-7
-19
-2
13
3
-4
-1
12
14
0
5
15
10
-3
-4
15
21
4
-5
-9
1
7
-3
-7
6
13
6
2
15
17
9
4
9
18
5
0
2
0
1
-3
-10
-4
-8
-10
-11
-13
-8
-6
-10
-14
-11
0
-1
-8
-7
-3
5
11
0
-7
-10
-2
9
-1
-4
6
-1
-12
1
20
12
-6
-7
-5
6
11
2
-14
-19
-4
11
1
-5
-3
-7
6
8
-2
-4
4
7
5
-1
1
10
9
-1
0
5
-2
-1
-2
-4
0
2
-2
-5
-1
-3
-4
4
5
-1
-4
-5
2
5
0
-1
3
5
0
-2
0
2
1
2
-1
-3
2
4
1
-2
4
10
5
-2
-3
6
6
-2
1
2
-3
-3
1
-3
-7
-3
1
-1
-5
1
1
-10
-7
1
1
-7
-6
-1
5
6
-4
-7
5
11
2
-8
-6
7
6
-4
-2
1
-2
-1
3
-4
-2
-3
-7
-7
-5
-2
-1
0
1
-2
-3
-3
4
6
-2
-1
5
7
5
2
-1
4
3
1
5
5
1
-5
3
3
-1
0
2
-2
-8
4
1
-8
-6
2
4
1
1
-1
0
5
3
0
2
2
5
3
2
-4
-4
3
7
-4
-10
-3
1
-1
-2
6
3
-5
-5
6
9
1
-7
-1
7
-1
-5
-1
2
-4
-7
-1
3
-2
-10
-6
0
0
0
-3
-1
7
4
-6
-5
6
4
-3
0
4
2
1
2
-1
-2
3
0
-4
3
7
0
-5
1
4
-1
-4
6
7
0
-7
1
9
3
-9
-8
5
6
-1
-7
-3
-5
-11
-4
5
7
-7
-10
2
11
10
-2
-6
4
9
9
2
-6
4
6
2
3
3
5
3
0
0
0
2
1
-6
-5
2
-2
-7
-8
-10
-6
3
-2
-12
-10
0
4
1
-1
-7
-3
10
11
2
1
5
4
5
5
2
0
-3
0
3
2
-2
-5
-2
-3
-7
-3
3
0
-4
-3
2
6
4
0
2
8
6
3
0
3
-1
0
-2
-5
-1
-1
-4
-7
-6
-7
-6
-2
-3
-1
5
4
3
1
5
7
8
3
1
4
6
4
-3
-1
-4
-3
2
-5
-6
-4
2
2
-2
0
2
4
3
0
3
5
3
0
1
4
5
3
-1
-4
-5
2
-4
-9
-8
-4
-5
-7
-6
-4
-2
-3
-3
1
4
-1
-2
3
5
4
1
2
3
4
5
1
0
1
2
-2
-3
0
-2
-4
-5
-3
1
1
-1
-3
-1
1
0
-3
-2
-3
-2
1
5
3
0
0
5
3
3
-1
2
0
-5
-2
2
5
2
-1
-1
4
5
3
1
3
1
0
1
-4
-2
2
-2
-1
-3
-1
-2
-3
-1
1
-1
0
2
1
-1
-1
0
3
1
0
-2
2
-2
-6
-2
2
1
0
4
1
-1
-1
1
1
1
-1
-3
-3
-3
-2
-1
-2
-1
-1
1
1
2
-1
-2
-1
0
1
1
0
0
2
2
3
2
0
-2
-2
1
0
-1
1
0
-3
-4
-3
0
3
2
-3
-2
4
2
4
2
-1
0
1
0
-1
1
0
-1
2
0
-1
-3
-3
-2
-4
-4
-4
-2
0
0
-1
0
0
3
3
1
1
5
4
5
0
2
2
2
3
1
2
-1
-1
2
0
-1
-1
-1
0
0
0
3
-1
-1
2
4
1
1
3
0
-1
-1
2
1
-3
-3
-5
2
1
0
-2
-1
-1
0
-1
-4
-2
-2
-4
0
0
-2
-3
-3
-1
-2
-2
-2
3
0
-1
2
1
4
3
0
-1
0
2
2
2
-2
-2
0
4
0
-1
0
-2
-1
0
-2
0
-1
1
2
-2
-1
1
-1
-2
-1
-1
-4
-4
0
2
-1
0
4
5
8
5
1
0
2
2
-1
-1
0
2
2
0
-3
-1
-1
-2
-3
-4
-2
-2
-1
2
-1
-1
-1
-2
2
5
4
5
-1
-2
1
2
2
0
2
-1
1
1
1
1
0
-1
0
0
-3
-1
0
-1
-4
-3
0
-3
-5
-1
-2
-5
-5
0
0
-2
-2
-2
-3
0
3
1
2
3
1
0
1
0
3
-1
-1
-1
-1
-1
-1
3
0
-3
-1
1
1
-1
1
0
2
4
5
2
2
2
2
1
1
4
-1
0
4
4
0
1
3
1
-2
1
0
1
3
-1
1
4
3
-2
-5
-1
1
-2
-3
-3
-1
-1
-2
-3
-3
-3
-5
-2
0
0
-2
-1
0
-1
-3
-3
-1
-1
0
3
3
2
2
2
2
4
2
4
4
0
1
-1
2
4
2
0
-1
0
1
0
-3
-2
-1
3
1
2
3
4
0
-5
-2
-1
0
1
1
1
3
2
-1
-4
-3
2
-1
-1
-1
0
-2
-3
-2
3
2
-3
-4
-2
1
-1
-2
-5
-2
-1
1
1
-1
-2
-2
-3
-2
1
0
-2
-2
4
2
1
0
0
-1
0
1
-1
1
0
-1
-1
3
1
0
4
6
4
-1
1
1
5
4
1
2
-1
-1
0
1
0
1
1
-1
0
3
2
0
-1
0
1
2
2
4
1
0
1
-1
-1
-1
2
-1
-5
-2
-4
-2
0
-2
-2
1
-1
-1
3
-2
-1
3
2
1
1
-2
-3
-2
-1
0
1
0
-1
1
-1
0
-1
1
0
-2
-2
-1
0
-1
-2
-1
0
0
0
1
2
0
-1
-2
-5
-3
-2
3
0
-2
1
-1
1
0
0
-1
-1
0
2
2
2
3
2
2
0
0
2
2
1
-2
1
2
1
0
1
2
3
1
0
-1
-5
1
3
3
-1
-1
2
1
1
0
-2
-3
-4
0
-1
-1
-6
-4
-1
-2
-1
-3
0
2
3
2
0
1
2
2
1
0
-1
1
2
-1
2
-3
0
2
3
2
0
1
0
1
1
-2
1
-1
-5
-2
0
1
-4
-3
-1
1
-1
2
-1
3
5
1
1
0
-3
-2
1
-3
-1
1
1
0
1
-1
5
3
-1
1
1
2
0
1
-1
1
1
0
1
-1
-1
-3
-1
2
1
-1
-1
0
-1
1
-3
0
-1
-2
-1
-4
-1
-2
-5
-1
0
-2
1
0
0
1
0
2
1
2
1
-1
-3
1
1
-2
-3
-5
-6
-2
-1
2
3
-1
2
2
-1
0
0
2
4
3
5
4
2
5
4
3
1
3
1
-2
-3
-1
-3
-2
-4
-2
1
-1
1
2
2
0
-1
-1
-1
1
1
1
4
2
-1
-2
0
2
-2
-2
-3
-1
-1
-2
1
-1
0
-1
-2
0
2
-1
2
1
0
0
2
2
2
1
-2
0
-3
2
1
-1
-3
-2
-2
-2
-2
-3
0
-3
-2
-2
-1
-2
1
1
1
0
1
1
0
-2
0
3
1
0
1
3
1
1
3
3
0
-2
-2
2
4
4
-1
-3
2
3
0
0
-1
0
2
0
2
1
-1
-1
0
0
1
-5
-2
-2
-3
-3
-4
-1
-3
-1
0
-2
-1
1
2
2
2
0
-3
-1
-1
-2
-2
1
2
3
2
-1
0
2
2
-1
1
1
2
0
0
-1
2
2
2
1
0
1
-1
-3
-2
-3
0
1
0
2
1
-1
1
2
2
1
1
1
-1
2
-1
1
2
0
2
0
-1
-1
-1
0
1
0
-1
-2
-3
-3
-1
0
-1
0
0
0
0
-4
-5
-4
-3
-3
-2
-1
1
1
-2
-1
3
3
2
0
-2
0
2
-2
-2
1
1
-1
1
1
0
0
0
0
-1
0
-2
-1
-2
-4
0
0
2
3
1
0
0
-1
-1
0
3
5
2
4
2
0
0
1
4
1
-1
-1
0
1
-2
1
0
-1
1
0
0
1
1
-1
2
0
-2
0
-2
0
-1
3
4
2
3
1
1
-1
1
0
-1
0
-1
-2
0
-3
-2
-3
-3
-2
-2
0
0
-2
0
0
1
2
1
-4
-1
0
0
-3
-1
3
1
0
-2
-3
-1
-1
-1
-2
0
-2
-3
-1
-3
-4
-1
-1
1
2
3
2
4
5
3
2
2
2
1
2
0
-2
0
1
3
2
-1
-1
0
0
1
0
1
0
-5
-1
-1
2
0
-2
1
0
1
-1
-3
-2
0
-1
-1
0
1
0
2
2
6
3
3
4
-1
0
0
0
2
0
0
1
-1
-1
3
1
-1
-2
-1
-1
-2
-3
-1
3
0
1
-1
-1
-1
-2
-1
-1
-2
-1
2
1
1
1
1
-1
-1
-3
-2
1
-1
0
1
1
0
0
-1
1
0
-1
2
0
0
-1
0
-1
0
0
-1
0
1
0
0
0
3
0
1
-1
1
0
1
0
-3
-2
-2
0
-3
1
0
-1
1
2
2
-2
0
1
-1
-1
2
0
1
2
-1
-1
-2
1
2
0
1
0
1
1
3
3
-1
0
-1
0
-1
1
1
0
2
0
1
2
2
-1
-1
0
-3
-3
-1
2
1
1
-2
-2
1
-1
0
-1
-1
0
0
0
1
-2
1
0
-1
1
2
1
1
1
1
2
2
-1
0
-1
-1
-1
-1
-1
0
0
0
0
-2
1
2
-1
-4
-5
-2
-2
-1
-1
-2
-5
-1
-1
1
3
0
1
0
1
2
1
-1
-2
3
4
2
4
1
4
1
1
2
0
0
-2
-1
1
2
0
1
0
3
6
1
4
2
2
1
-1
0
-1
3
-1
1
3
-2
1
-3
-2
1
0
-2
1
-1
0
0
2
-1
-2
-1
-3
-1
-3
1
-1
0
0
-1
-3
-1
-3
-3
-4
-4
0
-5
-1
-3
1
1
-2
0
1
3
0
0
1
0
2
3
1
1
-3
0
1
1
2
-1
1
1
0
3
0
2
4
1
2
0
3
2
-1
-1
1
-1
0
2
0
1
1
2
2
2
5
4
1
2
1
-1
-1
0
1
1
0
-2
-1
-2
-3
-3
-3
-5
-5
-3
-4
-1
-2
-5
-2
2
1
-1
0
-1
1
1
0
0
-3
-2
-2
-1
3
1
3
3
3
1
1
3
2
3
0
-1
1
-2
2
1
1
2
0
1
-1
2
-2
-2
2
2
1
-2
-2
1
1
2
1
-1
-1
-1
1
2
-1
1
2
1
1
-2
0
0
-1
2
0
-2
-1
2
2
3
0
-2
2
-1
0
-1
-2
-1
-1
-1
-5
-1
0
-3
0
0
-1
-2
-1
-3
-3
0
-2
0
2
0
0
-3
2
0
-3
0
0
-1
-2
1
3
3
2
0
1
4
3
4
2
-1
-2
0
-1
1
2
1
0
0
-1
-2
1
0
0
1
2
2
0
2
1
1
0
-2
2
2
1
2
0
-1
0
-3
-1
0
0
0
-2
-1
-2
-1
0
0
-1
-2
-1
0
-1
1
2
0
1
0
0
1
1
0
1
-1
-3
-1
-2
-3
-2
-1
2
2
-1
-1
-1
-1
-1
-2
-3
0
-1
-4
-1
-1
2
2
1
0
2
3
1
0
1
-1
0
0
-1
2
2
3
1
1
-1
0
0
1
1
0
3
4
2
0
0
0
0
0
0
1
0
0
1
1
2
1
0
-1
-1
-1
-2
-3
-1
1
-2
-4
-5
-3
-1
-2
-1
1
-2
0
0
1
3
1
-1
0
-1
-1
-1
0
-1
2
1
1
2
0
-2
-1
0
1
1
1
-1
0
0
-2
0
0
1
1
0
2
2
1
1
2
2
1
0
4
0
0
3
0
1
0
0
-1
-1
0
1
-1
-3
-1
0
-2
-3
-2
-4
-3
-3
-2
-1
-1
-1
4
0
-3
-2
-1
-1
-1
0
0
-1
1
-1
1
1
1
2
2
-1
-1
-2
0
3
2
3
1
2
3
2
0
3
0
-4
1
1
0
-1
0
0
-3
-1
1
2
5
5
2
0
1
0
-1
-1
-1
0
2
3
-1
0
1
-1
0
0
0
0
-2
0
-4
-4
-1
-4
-4
-2
-1
-1
-1
-1
0
1
-2
-2
0
-1
0
-1
0
-1
1
1
2
2
1
2
-1
0
0
0
0
-2
-1
-3
-1
-2
-2
-1
0
0
3
2
-1
2
0
0
4
-1
3
2
1
1
0
-1
2
4
1
4
3
2
1
-1
-1
-2
-3
-1
1
0
1
1
2
-2
0
2
0
2
2
-3
-2
-3
1
2
0
1
0
-2
-3
-1
0
-1
-1
-2
-2
0
1
-1
0
-1
-1
0
0
2
1
0
-1
-4
-1
2
-1
0
-3
-3
-1
0
3
0
1
0
2
2
0
1
1
1
2
2
0
1
2
0
-1
3
-1
0
1
2
3
3
4
0
1
0
1
0
-2
-1
-2
-1
-3
-3
-2
-4
-5
-2
-2
1
1
-2
-2
-3
0
1
-1
0
-2
1
2
1
3
1
0
2
1
4
2
2
1
0
3
-1
0
1
1
-3
-4
-2
-1
-2
-1
-2
-1
2
2
0
-3
-1
-3
-4
-1
0
1
-1
-1
1
2
-1
0
1
0
1
1
2
2
1
1
2
3
2
3
4
1
-1
0
1
0
-1
1
2
3
2
1
1
1
1
0
-1
-2
-1
-1
1
1
1
-2
-3
0
0
1
-1
-1
2
-2
0
1
1
0
-1
-2
-3
2
-2
0
-2
-4
-1
-2
0
-2
-3
0
1
2
0
1
-2
-3
-1
-1
-1
-2
-1
0
0
1
0
1
1
0
0
1
0
3
4
3
0
0
0
1
2
1
2
0
-1
-2
-2
-2
-2
-2
0
1
1
1
0
0
-1
-1
1
4
2
0
-2
-4
-4
-1
1
0
3
2
0
-1
-1
0
-2
-2
3
1
0
0
1
3
3
0
1
0
-1
0
0
1
0
-1
0
1
3
2
1
0
1
-1
-1
-2
-2
1
-1
-1
-1
0
-1
-2
-1
0
2
-1
0
2
0
2
0
1
1
-3
-1
-3
-2
-1
1
1
-3
-3
-3
-2
-1
-1
1
1
-1
2
-3
0
1
-1
0
0
1
2
0
-1
1
-1
0
1
3
1
2
2
2
5
0
2
1
0
1
2
2
3
-1
-1
-1
-1
1
0
1
0
0
1
2
1
2
-1
-3
0
1
-3
-2
-4
-5
-2
-2
2
0
-1
1
-1
-1
-1
0
0
-4
-3
-3
-5
-2
-1
-2
-1
1
1
1
0
-3
-1
-2
-2
0
0
0
0
2
1
0
1
2
4
2
1
1
-2
0
0
2
0
-1
2
2
2
1
1
0
2
4
6
5
6
4
4
3
-4
-2
-2
-3
-1
-2
2
1
0
2
0
2
0
0
-1
-1
0
0
0
1
3
0
-1
-1
-3
-2
-5
-5
-1
-3
-1
-2
-5
-3
-2
0
-2
-4
-3
-2
-2
-3
-1
0
1
2
0
-2
-1
2
3
0
2
6
3
2
2
2
2
1
0
3
3
1
0
-4
-5
-1
0
-3
-4
-4
0
1
0
0
-2
-1
1
0
0
1
2
2
1
0
5
5
5
6
0
0
1
3
2
0
5
2
0
1
-2
-3
-3
-1
2
-2
-2
-1
-3
2
0
-2
2
-1
-2
0
-1
-1
-3
-2
-1
-2
-1
-1
-1
0
1
-1
0
-2
-1
1
0
-1
-2
2
-1
-1
1
1
0
0
1
1
0
-2
-1
0
-2
0
1
1
1
4
5
3
1
-5
-3
0
1
-1
1
0
0
1
-1
1
0
0
1
3
1
-1
-1
1
4
0
0
-2
-1
-2
-3
-2
-1
2
-1
-2
0
0
0
1
0
1
-2
-1
0
-2
-2
-1
-2
-2
0
-1
0
0
3
2
0
2
5
5
2
2
-1
-4
-5
-3
-2
-3
2
1
-2
-1
-1
-3
2
-1
-2
-1
-3
0
-1
-1
2
0
2
2
0
0
-2
0
0
-2
-1
0
0
-1
1
1
0
1
1
1
-1
0
1
1
1
1
2
1
-1
-1
3
3
1
4
1
1
-1
0
2
1
0
0
0
1
2
1
1
0
-1
-1
-5
-2
-2
-4
0
-3
-3
-1
0
-1
0
0
-1
3
1
-2
-1
0
0
-1
0
2
0
2
0
2
0
-1
1
1
2
-1
-2
0
-1
0
-3
1
1
0
0
-2
0
2
1
0
-1
-1
-3
-1
1
-1
1
0
1
2
3
0
0
1
1
-1
0
0
0
3
2
2
2
2
1
2
1
-1
1
0
-1
-2
-2
0
-4
-3
-1
-3
-1
2
0
1
-1
-4
-3
-1
-1
-2
-1
-2
-1
2
0
-3
-2
0
2
1
0
0
-2
1
2
5
0
-1
1
1
0
1
3
4
0
4
4
1
1
0
4
2
-1
-3
-1
0
0
-2
-2
1
-1
1
1
0
0
2
-1
0
0
-3
-2
-4
-2
-2
0
2
2
-1
0
-2
-2
1
-1
1
2
-1
-1
1
-1
-2
-3
-3
-1
1
-2
0
1
-1
1
1
-1
0
3
1
1
-3
0
0
-2
-1
-2
0
0
1
-1
-2
-2
-2
0
-1
0
3
2
-3
-1
-1
1
3
0
1
1
0
0
0
1
-1
-1
3
3
3
3
2
3
3
3
1
0
1
2
-1
0
1
2
0
1
0
-3
-1
-3
0
-1
-3
-1
-2
-1
-2
-1
0
1
0
-2
1
1
1
1
0
-1
-1
1
2
4
2
0
2
2
0
2
2
-1
0
-3
-3
-1
-3
-1
-4
-3
-3
-2
-2
-1
-1
-1
-1
-1
0
-1
0
1
-2
-1
1
-1
-2
0
-3
-3
-3
-3
-5
-5
-1
-1
-2
-1
0
1
0
1
2
5
6
1
6
2
0
1
2
4
4
4
1
2
2
4
1
2
0
2
2
1
0
0
0
-2
0
1
0
-1
-1
3
2
0
-3
-1
1
-1
-2
-1
0
1
3
3
3
3
-1
-1
-2
-3
0
-3
-1
-2
-2
-2
-1
-2
-2
-2
-2
0
-3
0
-1
-1
0
-2
-1
-2
-2
-3
-1
-3
2
-3
-2
1
-1
0
1
0
-1
2
1
-1
-2
1
1
1
-1
-1
3
4
3
0
-1
2
1
-2
3
-2
-1
1
-1
-2
0
1
1
-2
-3
1
1
1
1
2
2
1
-2
0
0
-3
0
0
1
1
0
2
3
2
-1
0
0
-1
1
1
2
1
0
0
0
-2
-2
0
0
0
4
3
1
-3
-3
-2
-4
-4
1
0
-1
1
-1
-1
1
3
2
2
0
-1
1
0
1
0
-1
-2
-2
0
0
-3
-1
-2
0
3
0
0
3
1
1
1
2
1
-2
1
2
2
1
1
1
1
1
-2
0
-1
0
1
-1
-1
1
1
-1
-1
0
1
-2
-1
-1
-1
-2
0
3
1
1
2
0
1
2
0
0
-2
-2
-1
-2
0
1
-1
-1
-3
0
0
-3
0
1
3
1
-1
-1
1
-2
-3
-1
-3
-2
0
-1
-2
0
0
2
-1
1
1
3
3
0
0
0
-1
1
1
3
1
0
2
-1
1
1
0
-1
2
1
3
3
2
2
2
0
1
-1
-1
-1
0
-3
-5
0
1
-1
-1
1
1
3
3
0
1
0
-1
-3
-2
0
-1
-1
1
3
4
-3
-4
-1
0
-1
-2
-2
-1
-3
-3
-2
1
0
2
3
-1
1
-2
-1
-1
-3
-5
-2
0
1
3
1
1
2
4
2
3
3
1
0
-2
0
1
0
0
2
-2
-2
0
1
0
1
-2
0
1
1
1
1
3
1
-1
-1
0
-1
0
-2
-1
-3
-1
-1
-2
-1
1
-1
-1
1
-2
0
2
-1
-1
1
2
-1
0
3
1
1
2
3
2
1
0
0
-2
-2
-4
-3
0
-2
-1
-1
1
7
3
0
-1
0
0
-1
-2
2
3
0
2
0
2
0
-1
1
-1
1
1
0
0
0
0
-1
-1
1
0
1
2
0
-2
-1
-2
-2
-1
-2
-1
0
-1
-1
0
-2
0
0
3
1
2
-1
-3
-2
-2
-2
-4
-1
0
0
-2
0
4
4
5
2
-1
1
0
-1
0
0
0
-3
-1
-2
-1
2
3
1
1
0
-2
0
1
0
-2
0
0
1
3
2
2
1
-2
1
0
1
0
-3
2
0
-2
0
-1
-1
3
0
1
-1
-4
-1
-2
1
0
0
1
2
5
1
0
-1
0
1
2
-1
-2
-3
0
3
1
2
1
0
-1
-1
2
0
2
-1
0
3
2
-2
-1
-1
0
0
0
1
-1
1
0
-1
-1
0
0
1
0
-1
2
0
-1
-4
-1
1
1
0
-1
2
1
1
0
1
1
0
0
1
1
-1
-2
-4
-4
-2
-1
-1
-3
-3
-2
1
1
0
-1
1
1
2
1
-1
-2
-1
3
3
2
1
-1
2
0
1
2
4
4
2
3
3
2
2
-1
3
1
1
-3
0
2
1
1
0
1
2
2
-1
3
0
-1
1
-1
0
-2
0
1
2
0
-3
-2
-2
-2
0
2
-1
0
-1
-4
-4
-1
-1
-2
1
-3
1
-1
-1
-1
-5
-3
1
0
0
-3
-2
-1
0
0
-1
1
2
5
2
0
1
1
0
0
1
0
3
1
-1
-1
0
1
1
0
-1
-3
-2
-1
-2
0
2
1
0
2
0
-2
1
2
1
1
1
-1
-1
1
1
2
0
2
-1
4
0
4
6
5
-9
-5
12
-5
-1
-2
-1
-3
2
-2
-2
0
-2
0
2
2
0
1
1
-1
-1
1
2
1
1
-1
0
0
-1
-2
-1
0
0
0
-1
-3
-2
0
-3
-1
-3
-1
3
3
2
2
1
1
0
1
1
0
0
-3
0
-2
-3
2
-2
-2
-1
0
-2
-3
-2
-3
-3
1
0
3
0
-1
0
4
2
-1
0
1
3
2
4
1
2
3
0
-3
0
1
2
0
-3
-1
-1
-3
-2
-3
-1
-2
-2
1
0
-3
-1
-3
-1
1
2
1
-2
1
2
3
5
4
3
3
0
2
4
1
1
1
0
1
4
4
2
4
2
-2
-2
-3
1
2
-2
0
1
0
0
-2
0
-1
0
0
-1
0
0
-1
-3
-1
-1
-1
-1
0
-2
-1
-3
-4
2
1
-1
-1
-3
-1
0
-1
-1
0
0
2
-1
-1
2
0
-2
-2
-2
-2
-2
-3
-2
-2
-1
-2
0
0
2
3
2
1
-2
-1
-1
0
2
0
0
0
0
3
3
3
1
1
-2
0
-1
0
0
0
5
2
1
3
0
2
-1
1
1
2
2
-1
1
0
0
0
3
3
-1
1
-1
-1
0
-1
-2
-1
-2
0
0
-2
-1
-1
-1
-2
2
1
0
-3
-2
0
-3
-3
0
0
1
1
1
0
-2
-1
1
1
-1
1
0
2
0
-3
0
-1
-1
0
-2
-1
-1
2
3
3
3
0
1
1
1
1
2
3
0
1
0
1
-1
-2
-4
-3
-1
0
-1
-1
-1
-3
2
0
-2
-1
0
2
-2
1
0
0
0
-1
0
1
0
1
0
0
1
1
1
-3
0
0
-4
-1
1
0
-1
1
1
2
3
4
3
2
1
1
0
2
-1
2
3
1
1
0
-1
0
1
-1
-1
1
0
-1
-3
-1
-1
0
0
-1
-1
-1
-2
-1
-2
-1
1
1
1
2
1
1
2
3
1
-1
-2
-3
-1
-1
-1
-2
-1
-4
-4
-2
-1
-2
-3
-2
-3
-2
-1
0
0
1
0
0
0
0
0
4
4
2
1
-1
0
-1
0
0
0
-1
-2
1
-1
0
1
0
3
-1
1
0
1
1
-1
2
3
2
5
2
1
1
-1
0
2
3
0
2
0
1
-2
3
4
1
0
-1
-2
-2
-1
-1
1
1
1
1
-1
0
-1
-2
-2
3
0
-1
0
-2
-2
-2
0
0
0
0
-5
-2
-1
-3
2
-2
-3
-4
-3
-4
-1
-2
-2
-1
-3
2
3
1
-2
-1
0
0
-1
0
2
0
2
2
0
4
1
2
2
0
1
0
1
1
-3
-3
0
1
0
1
1
1
1
2
2
3
3
0
0
1
0
2
-1
0
0
0
0
0
0
1
0
1
-3
-2
-2
-1
-2
-4
-4
-1
2
-1
0
0
0
-1
0
1
1
0
0
2
-2
-2
2
-1
-1
-2
-2
-3
-2
0
-2
-1
-1
0
2
1
2
3
1
0
1
2
2
0
-1
1
0
0
-2
-3
-1
-3
-2
0
-1
-5
-2
-1
1
2
2
1
2
1
0
2
2
2
1
-1
0
0
0
3
2
2
3
-1
3
3
1
0
0
-1
0
2
2
2
-3
1
1
1
0
1
0
-1
0
-1
1
1
0
0
-3
1
1
-2
-2
-2
3
2
-2
0
0
0
0
-2
-4
-5
-2
-3
-2
-2
-1
-1
1
3
1
-3
-1
-3
-3
2
-2
-2
1
0
-1
-1
-3
-1
1
1
2
3
3
1
2
2
1
-1
-1
-2
0
0
1
0
-2
0
1
-1
1
0
1
2
1
2
1
3
1
2
2
1
-2
1
2
0
2
-1
-3
0
1
0
0
0
0
-1
-2
-1
1
4
2
3
1
1
-3
-5
-2
-2
-3
-2
0
1
3
3
1
0
1
-1
1
2
-1
0
-1
0
-1
-1
1
1
-2
1
0
-1
0
-4
-2
-2
-3
0
1
-1
1
2
-2
-3
-3
-2
0
-3
-4
-2
-2
-3
-1
2
-2
-2
0
-1
-2
-1
2
2
1
0
-2
-1
0
2
0
1
0
-3
1
0
3
3
4
2
-1
0
3
3
1
3
4
2
2
2
0
-1
-1
2
2
2
3
1
0
1
0
4
2
2
2
2
3
1
1
1
2
2
-1
-1
1
-3
-2
-3
-5
-6
-5
-3
-1
-1
-2
-3
-1
0
-1
-1
0
1
-1
-4
-4
-2
2
-1
2
1
2
1
-1
1
3
1
1
5
0
2
1
0
-1
-3
-1
0
-2
-2
1
3
2
1
0
0
0
0
0
1
2
1
0
1
0
-1
1
3
2
2
0
0
0
-1
-2
-2
-3
-2
-2
-2
-2
-1
-3
-1
-2
-2
-1
1
0
-1
2
-2
0
2
-1
1
0
2
4
2
4
4
0
2
3
1
2
2
0
-2
1
-2
-2
-1
-1
2
1
1
0
0
-1
-2
-2
1
0
-2
0
0
-2
-2
-1
-3
-3
-4
1
0
1
2
0
1
1
-1
0
3
1
1
-1
3
3
3
1
-1
1
1
2
0
-2
-1
1
2
2
1
1
2
2
0
0
0
0
-2
-2
1
0
1
0
0
0
-2
1
0
-1
0
0
-1
1
0
1
-1
-1
0
0
-1
-3
-2
-1
-1
-3
1
-1
-3
0
-1
1
-2
1
-2
0
0
0
0
0
-1
-3
0
0
-2
0
1
-3
-2
-1
0
-1
1
1
1
0
0
0
1
2
-1
-1
-1
-1
-1
0
1
1
1
2
2
2
2
1
2
1
-1
2
2
1
-1
-1
-1
-1
-1
0
0
0
-1
-2
0
2
1
-2
1
0
-1
2
2
-1
1
3
3
0
0
0
-1
-1
-2
-1
-1
-2
1
0
-3
1
1
1
1
2
1
0
2
2
2
2
2
1
1
3
0
1
2
0
-2
-1
1
-2
0
-1
0
-1
-2
-1
0
-1
-3
-3
-1
0
1
-1
0
0
-3
-1
-3
-1
-2
-1
-2
-1
-3
-4
-5
-4
-3
-3
1
-1
1
1
-1
0
1
2
0
1
2
4
0
0
2
2
0
1
1
-1
1
3
2
-1
-2
-1
-2
-1
-2
1
1
2
4
2
2
5
6
4
2
2
2
1
2
0
1
1
0
1
0
1
0
0
0
1
1
0
-1
2
0
0
0
1
1
0
-1
1
2
1
-3
-3
-2
-1
0
-1
-1
-3
-1
0
-2
-5
-5
-4
-1
-1
0
-1
-3
-1
-2
-2
-1
1
2
-2
-4
0
0
1
0
0
0
-2
-2
1
1
0
0
2
2
-1
0
-1
0
0
0
-1
-2
1
0
2
2
3
2
2
2
1
-1
1
2
1
0
1
0
-1
0
-1
0
0
1
0
0
0
1
-1
2
2
2
1
0
-1
-2
4
1
-1
-1
0
3
4
1
3
0
0
1
1
4
0
0
-1
2
2
2
1
-1
0
-4
-4
-1
1
0
-1
-2
-1
0
0
-2
-2
-1
-2
-4
-2
-3
-4
1
-2
-1
1
0
-2
0
-2
-1
-1
-1
1
0
0
2
-1
-1
1
0
3
0
-1
1
2
0
0
2
-2
0
1
0
0
-1
-3
-1
-1
-2
1
1
1
0
-3
1
1
0
-2
-1
-1
0
0
-1
0
1
2
0
0
1
3
2
1
3
0
2
3
-1
3
1
1
1
2
0
0
2
4
1
1
0
2
3
2
1
2
1
3
0
0
-4
-3
-1
-2
1
-3
0
-2
-2
-1
-1
-2
0
-3
-3
0
-1
-1
-1
1
0
-1
0
0
2
2
-2
-2
0
1
-1
-1
-1
1
-2
0
-1
-1
-1
-2
-2
0
2
1
1
0
0
-3
-1
-2
-2
0
1
1
1
2
0
2
3
-1
1
-2
-1
0
0
0
2
1
2
3
2
0
0
-1
-3
0
1
4
1
0
2
2
1
-1
2
-1
-2
0
2
-1
1
2
1
1
0
2
0
0
0
-2
0
-3
-1
1
1
2
-2
-2
-2
0
1
1
-2
-1
3
3
2
0
1
2
-1
-1
1
0
0
0
-2
-2
3
0
2
0
1
1
0
2
1
1
1
0
-1
0
-2
-3
0
-2
-1
-1
-2
2
0
-3
1
2
3
4
1
2
1
2
2
1
2
-2
-1
-2
-1
-1
-3
1
-2
-5
-4
-2
-1
-2
-1
-1
-2
-3
-5
-2
-1
-1
1
1
1
0
0
1
2
0
1
-1
-3
1
1
4
4
1
0
-1
-2
-2
0
0
1
3
1
0
3
-1
1
2
0
-1
-2
-2
-2
-2
-2
0
3
1
2
4
2
-1
2
5
-3
2
6
1
4
3
4
2
2
0
0
1
0
0
1
1
1
1
-3
-2
-1
1
0
-1
-2
-4
-2
0
1
1
0
-2
-3
-3
-2
0
-3
-1
-1
-1
-3
-1
-1
-1
-2
-2
1
-3
0
0
-2
-1
0
-1
0
0
-1
-2
-2
-1
2
3
3
2
2
3
2
1
2
-1
-2
-2
0
0
1
2
0
-1
0
0
1
-1
-2
-1
0
-2
-1
4
1
-1
1
2
1
0
-1
1
2
0
2
2
4
1
-3
0
0
0
0
0
0
2
1
1
0
-2
1
2
3
2
2
0
-1
0
0
-1
-3
-1
1
3
2
0
-2
-5
-2
2
1
-1
0
0
-3
-1
0
1
1
-3
-2
-1
4
1
1
2
1
1
1
1
-1
-1
1
1
1
5
0
1
-1
-4
-2
-1
-1
0
-2
-1
-1
0
0
-1
-2
0
0
1
0
0
0
-1
1
-1
0
3
5
3
3
1
2
3
1
0
-1
-2
-3
0
-1
3
0
-1
0
-1
-1
-3
0
-2
0
-2
-2
-2
0
0
-1
0
3
2
1
3
4
-1
-3
0
-1
0
0
-1
0
1
1
2
2
1
-1
1
0
1
-4
-2
0
-3
0
2
-1
-2
0
-3
0
0
-1
0
1
1
1
2
-1
0
-1
-1
1
1
2
1
1
0
-1
1
4
1
1
0
0
-1
-2
-1
-2
1
2
-1
-2
3
0
1
1
3
0
2
2
3
2
-1
0
0
0
0
0
-2
-1
-4
-1
-2
1
0
0
3
-1
-3
-2
-3
-2
-1
0
-2
-1
1
-2
1
-1
1
0
2
0
1
3
0
1
0
2
2
2
0
1
1
2
2
-1
-2
-1
-2
-1
-1
-1
-1
-1
0
0
1
1
0
-1
-1
-1
-1
0
0
0
0
-1
-3
1
0
-2
1
-2
0
-2
0
2
1
-1
-2
-1
0
1
1
2
2
2
-1
4
4
2
2
1
-1
0
0
3
2
0
2
0
0
0
0
-1
-1
-2
-1
1
-1
0
0
-4
-6
-4
0
1
1
-1
-1
-3
-1
1
1
0
0
-1
0
2
1
0
-1
0
2
1
-1
1
0
1
-1
0
-1
0
-1
-2
-2
-1
2
1
2
1
0
-1
-2
1
0
2
-3
-1
2
3
2
1
1
-1
5
1
2
3
-1
-1
0
0
1
-1
-2
1
0
1
-1
-2
-1
-1
-1
-1
-1
0
0
-2
0
-3
-1
1
0
-1
0
2
1
0
-2
0
0
-1
0
1
0
1
-1
1
-3
-1
-1
-3
-1
-1
-3
-3
0
0
0
1
2
1
2
1
1
3
2
3
3
2
1
2
1
0
3
3
-1
-1
0
-1
2
-2
-1
1
-1
-1
-3
-2
-3
0
-3
-1
-2
0
1
-1
-2
0
3
3
2
0
0
0
0
2
0
0
-1
0
-1
-3
-1
-1
-3
-1
2
3
2
2
3
-3
-1
-1
-2
1
0
3
1
0
0
0
1
1
1
1
-1
2
1
-1
-1
0
-1
-2
-1
2
-2
-4
-3
-5
-1
-4
1
0
-2
0
1
-1
-2
-2
0
-1
0
2
-2
-2
-3
-2
1
1
-1
4
2
-2
5
3
3
4
-1
-1
0
1
4
1
2
0
-2
0
3
2
3
4
1
1
1
1
-2
0
-1
0
0
0
0
1
3
2
1
-3
-1
2
0
1
2
0
0
0
0
-2
-3
-3
-2
-2
-4
0
-1
-2
-3
0
1
0
1
-1
-3
-1
-1
0
-2
-1
0
1
1
-2
-1
1
0
1
-1
-2
-1
-2
-2
-1
2
0
-1
2
3
4
3
-1
-1
-1
2
1
-1
0
-2
-1
1
0
0
-1
-1
4
1
1
0
1
2
-1
0
-1
2
-1
-1
2
1
1
-1
-2
0
-2
-1
-3
2
0
-2
1
3
0
-3
-2
-3
-3
0
0
2
2
0
2
0
0
1
0
0
-1
-2
1
-1
-1
3
4
4
-1
0
-1
0
-2
-1
1
0
1
-1
1
-1
-3
-2
-2
-1
-1
2
2
1
4
1
-1
1
0
0
1
1
-3
-2
0
0
-2
1
1
2
0
-3
-2
-4
-2
-2
0
-1
-1
1
-1
0
3
-2
-3
-1
1
0
0
3
2
-1
-2
0
1
0
0
1
1
3
-2
-1
1
3
1
-2
2
6
2
1
2
2
1
-2
-1
-2
-2
-1
2
-1
-3
0
-1
-1
-2
-4
-2
-5
0
-1
0
2
0
-1
1
5
3
3
1
0
1
2
2
0
1
0
-1
-4
-2
-2
-1
-3
-2
1
0
2
1
1
-2
-1
-2
0
0
0
4
-1
3
-1
0
3
1
-2
-1
1
0
0
-2
0
-2
1
-1
1
3
3
1
-3
2
2
1
-1
-1
-1
-2
1
1
2
0
2
-1
1
-2
0
-1
-1
-1
-3
-2
0
2
0
-2
-1
0
1
-1
-1
0
-2
-3
-1
0
-2
0
0
1
-1
-1
-1
-5
-1
-3
-2
-1
-3
0
0
3
2
1
2
3
4
5
3
4
4
3
3
2
2
2
1
1
2
1
-2
-1
0
-1
0
0
1
-1
-2
-2
-3
-3
-3
-1
2
-1
0
1
-1
-1
-1
0
-1
-1
0
0
-1
0
3
0
-3
-2
-3
-3
-3
-2
-3
-1
-1
-1
1
0
2
0
1
1
-2
-3
-1
-3
1
1
3
1
0
2
-1
1
-1
-1
2
0
2
0
-1
-1
-1
1
2
0
0
-1
-2
-2
-1
2
1
1
3
-1
-2
0
0
-1
0
0
0
0
-2
-1
1
0
1
0
2
2
2
0
3
4
1
0
-3
3
1
1
0
0
0
-2
-1
0
-1
2
1
0
1
2
2
2
0
1
2
1
0
-1
-2
0
0
-2
-1
1
2
0
0
-1
-1
0
-1
-2
-6
-4
0
2
1
-2
-2
-1
0
-2
-2
-2
-1
-3
-3
-2
-1
-3
-4
-1
-1
-2
0
0
1
-2
1
4
2
0
2
4
0
-2
0
2
3
-1
-2
2
3
3
-1
0
1
0
0
-2
1
-2
-4
1
-1
1
3
4
2
0
-1
1
2
2
0
0
1
3
2
1
0
2
1
0
1
3
1
3
2
1
4
1
1
-1
-2
1
-1
-2
-1
-2
-1
-3
-5
-1
-1
-2
-1
0
-2
-3
-3
-2
1
-1
0
0
-1
-3
-4
0
-2
-1
3
0
-5
-4
-2
-2
2
-2
-1
1
-1
0
2
0
0
-2
1
4
4
2
3
1
4
-1
-3
-1
2
5
1
3
-4
9
8
-4
-3
-3
6
2
-8
2
0
1
5
-3
7
-5
3
0
2
4
-15
7
7
-3
-10
-11
19
10
-11
-11
-8
20
0
-10
-16
8
17
-15
-14
9
10
0
-6
-2
6
-14
1
15
-12
-16
8
7
-18
10
-8
10
3
-5
-13
3
30
-23
9
-10
-1
15
-12
-1
5
-8
-1
13
-7
-12
24
12
-11
-32
1
36
13
-15
-43
9
41
-2
-13
-15
3
14
14
-13
-6
1
17
7
-20
14
0
-4
21
-16
-6
1
13
-3
2
-29
9
30
-6
18
-43
-78
47
328
-326
-175
61
677
-764
28
378
-266
393
-842
800
-99
-476
313
171
-183
-274
368
103
-348
-41
341
-68
-225
104
157
-228
166
-26
-109
47
130
-60
-176
176
103
-137
-115
156
90
-154
-36
127
-43
-36
32
22
-45
-14
54
14
-84
16
94
-70
-28
39
36
-66
32
-7
14
-18
38
-43
5
23
-2
10
-40
33
5
-18
-7
36
-23
4
-6
-18
22
-1
26
-41
-40
31
21
-13
13
-21
-20
25
-19
24
-24
27
7
-37
20
-22
14
47
-31
-19
5
-19
40
15
-28
-9
-9
19
-14
19
16
-20
10
-22
11
-18
47
1
-30
-2
-12
34
8
-10
-40
-42
-19
296
72
-393
-432
535
488
-216
-446
-277
609
97
-215
-86
50
126
148
-404
-280
517
380
-104
-740
-77
533
324
-219
-222
-163
18
338
-6
-196
0
140
-120
-124
123
296
-197
-344
182
347
-147
-271
66
153
59
-90
-103
-3
124
60
-82
-165
98
207
-97
-215
96
198
-96
-163
50
133
39
-100
-91
34
95
4
-72
-40
78
55
-84
-96
71
151
-40
-141
-29
107
64
-39
-70
1
61
-10
-32
8
3
70
-44
-61
43
35
6
-37
-6
18
45
-36
-57
59
30
-36
-19
24
38
-45
-42
26
40
19
-57
-18
3
8
54
-48
-56
54
40
-30
-51
-7
51
35
-42
-28
9
-4
16
-5
-1
3
22
-18
-26
7
22
29
-31
-24
22
15
-39
3
54
-11
-46
6
19
-12
7
14
-6
1
-1
-9
-9
35
18
-30
-31
37
20
-26
23
-21
-4
-7
27
-2
-31
21
-6
-2
6
-10
-6
9
-8
-1
-20
20
8
-22
20
-6
4
-17
17
21
0
0
-24
-6
8
32
0
-4
-23
-26
37
11
3
-16
-14
4
5
1
-6
3
11
5
-39
-21
33
46
-38
-19
14
-20
14
15
0
-1
-21
7
13
3
5
-1
-19
-3
16
0
26
-24
-28
2
20
10
-12
8
-13
-14
5
2
1
-3
13
9
-19
-30
3
33
16
-11
-35
-2
21
11
15
-6
-24
-2
27
19
-18
-4
4
-2
-19
14
40
-11
-24
-20
16
4
5
7
4
-16
-22
22
17
-13
-34
-16
31
58
13
-40
-73
-61
41
81
73
-6
-85
-76
-34
51
81
68
-7
-90
-90
-12
71
75
27
-31
-48
-42
-2
28
35
19
-8
-1
-33
-14
1
4
39
17
-2
-21
-26
-5
15
21
20
2
-21
-5
-1
-9
27
18
-4
0
-6
-14
-17
20
23
10
-17
-1
-8
-21
23
13
-2
-12
2
5
-18
-7
4
-4
-10
-5
6
-3
-4
-1
-14
10
-3
4
13
-17
-10
-4
13
12
1
0
-4
2
2
7
7
-8
2
4
-14
-3
6
8
8
-16
-3
6
-7
2
-4
0
0
2
8
1
0
-7
3
8
6
7
-6
-5
-2
1
12
7
-5
-11
-1
8
1
-2
-3
1
-1
5
3
1
-5
-3
5
-5
3
3
0
-9
-2
2
1
8
-3
-3
-10
-1
2
-5
-5
4
3
-7
-5
-4
2
0
3
3
-4
-4
0
3
1
-4
-7
3
3
-4
-5
-1
10
5
-4
-7
-1
7
4
-2
-2
1
2
3
2
6
4
1
0
-1
3
4
4
1
3
-1
-4
4
6
1
-6
-4
0
3
4
3
-6
-7
0
2
-2
-4
3
-2
-4
0
3
-1
-1
3
-1
-2
-1
0
0
-1
2
0
-3
0
2
-2
0
-1
3
-1
-3
1
0
-2
0
6
0
0
-1
0
-2
-2
-1
-5
-5
1
0
-3
0
0
-3
-4
1
3
0
-2
2
0
2
0
0
-3
-2
3
2
1
-1
2
0
0
1
3
2
-1
3
4
3
2
3
2
1
2
3
1
-1
-4
-4
-3
-3
-1
-2
-2
0
0
0
0
3
2
-2
-2
1
1
1
1
0
-1
0
5
2
-1
-1
1
0
2
0
-2
0
0
-3
0
0
0
0
1
1
0
0
-1
-1
0
0
-1
-1
-1
-3
1
0
-1
1
-1
2
1
1
1
-1
-1
-1
-2
-2
0
-2
-2
-1
-2
-1
-2
-1
-2
1
1
0
0
-3
0
-1
-3
-1
3
2
1
0
-3
-3
0
2
3
2
-1
4
4
3
1
2
2
-1
3
2
1
-1
0
-1
0
0
0
0
1
3
4
3
3
-1
-2
-2
-1
-1
-2
0
0
2
2
2
0
-2
-2
-2
-1
-1
0
0
1
-1
2
2
2
2
1
0
1
2
1
0
2
0
1
2
2
-2
-4
-2
-3
-1
-2
-3
-3
0
1
1
1
1
0
-2
-1
-2
-2
1
-1
-1
0
0
-1
3
4
0
-2
1
1
-2
-2
1
1
0
-2
1
0
1
2
1
3
4
4
3
2
1
2
0
1
1
0
-2
-5
-5
-4
-4
-1
1
-1
-3
0
1
-1
-2
-2
-1
-1
2
1
1
-1
-1
0
1
-1
1
1
0
3
1
1
1
0
1
1
2
1
0
1
1
1
1
1
1
2
3
-1
1
1
2
2
3
6
1
1
1
-4
-2
0
-3
-1
-1
-4
-2
-3
-2
-1
-2
-3
-3
-1
-3
-2
0
0
-1
-1
0
3
0
1
3
1
1
3
1
0
2
1
0
-1
0
1
-1
0
-1
-1
0
2
-1
-1
2
-1
1
1
2
3
-2
-1
1
-1
1
-1
0
-1
0
-1
-2
-1
-2
-2
-1
-4
-3
1
0
-2
-5
-1
-3
-2
-1
0
2
1
3
3
2
4
1
3
1
0
2
1
3
4
2
1
1
3
3
1
-1
1
0
2
-2
0
-1
0
2
-1
1
1
0
0
-2
-1
1
-3
-2
-2
-1
-1
-1
0
-4
-3
0
-1
-1
-3
-4
-3
-3
-1
1
0
0
1
-2
-2
2
0
1
2
-2
3
2
-2
2
3
-1
-1
-1
-2
-1
3
2
-1
-1
0
2
-1
0
2
0
2
0
-1
0
2
3
0
1
-1
1
3
-1
-1
0
0
4
3
1
1
1
2
2
-2
-3
-2
-3
-4
-1
-3
-1
1
-2
-1
2
3
1
2
2
4
1
2
3
0
0
2
1
2
1
0
1
0
-1
-1
-2
0
-1
-1
-2
-3
-1
-2
-3
-4
-3
-3
-4
-2
-3
-2
-2
-2
-2
-1
-2
0
-1
-2
0
-2
2
-1
0
3
1
-1
-1
-3
2
3
-3
2
0
1
2
1
1
2
0
3
2
5
6
2
2
2
2
2
4
3
-1
-1
-2
-2
0
-1
-3
-1
-2
0
1
2
1
3
1
-1
-1
-1
-1
0
-1
-2
0
0
1
-2
-2
0
0
1
0
2
3
-1
1
-1
1
3
1
1
0
0
-1
0
0
0
-1
-5
-2
-4
0
-1
-3
-2
0
-2
0
3
1
0
0
3
3
0
-2
0
2
4
0
2
0
2
-1
-2
0
0
0
-2
-1
-1
-1
-4
-2
0
0
0
-1
0
0
3
-1
-2
1
0
0
-1
-2
1
-2
-4
-2
0
-1
-2
-2
0
-1
2
-1
0
0
2
2
3
3
2
5
3
1
2
3
1
2
3
2
3
-1
2
0
0
2
0
0
-1
0
-1
0
-1
-2
-3
-3
-3
0
-2
1
-1
0
1
0
2
1
3
-1
0
-2
-1
0
1
-2
0
-2
-1
0
-1
-3
-3
-3
-2
1
-2
-1
-2
-1
-1
-1
-1
-3
0
0
0
2
1
2
0
-2
0
3
2
2
1
2
2
2
0
1
0
2
0
-1
-1
-1
-1
0
-1
-5
-1
0
-2
-1
2
0
2
0
0
1
0
-2
2
1
3
3
4
6
0
2
3
2
3
2
1
2
4
4
2
1
2
-2
-1
-3
-1
0
-1
-5
-4
-3
-3
-3
-3
-1
-3
-5
-3
-2
-1
1
-1
1
2
0
0
2
-1
-3
-3
-3
-2
0
-1
0
-1
-1
2
1
2
0
1
1
0
-1
1
1
0
-1
0
-1
1
2
2
1
2
0
0
3
1
-1
1
-1
1
1
-1
0
-1
-1
-2
0
1
1
1
0
0
0
1
1
0
0
-2
-1
1
0
1
1
3
1
0
-1
1
-1
-2
1
-2
-1
1
1
2
1
-1
-1
-2
0
2
0
-1
0
0
3
1
2
0
-2
0
0
0
0
0
-2
1
0
0
-2
0
0
1
0
-1
2
0
2
1
2
0
0
2
-2
-1
2
1
1
-2
0
0
-2
1
-2
0
-2
-2
-1
-3
-1
-2
-1
-1
-1
1
1
-1
2
0
-2
2
0
1
1
-3
-4
1
1
1
4
1
3
0
1
4
0
0
-2
0
0
-2
-2
-2
0
1
-1
-2
-1
-1
0
-2
0
1
-2
0
2
2
1
1
2
0
1
0
-2
1
-2
1
2
-1
2
2
0
2
3
0
2
1
0
2
0
1
1
3
2
0
3
3
-1
-2
-4
-3
0
0
0
-1
-3
-1
1
-1
1
-2
0
-1
-2
0
-2
-1
-2
0
0
2
0
1
1
-2
-2
2
-2
-1
-1
-2
-3
-1
1
3
0
-3
-1
-4
1
1
1
2
-2
-2
-2
-3
-2
-4
1
2
-1
1
3
1
-2
0
0
2
3
3
1
1
2
3
3
3
1
0
1
1
2
3
2
0
0
0
0
0
1
2
2
-2
-1
1
1
-1
-5
-3
-2
0
0
-2
-2
0
-1
-2
0
0
-2
-4
-2
-3
-2
-2
0
-1
-1
-1
2
3
3
1
2
-1
-3
-2
-1
-1
2
1
1
1
1
3
2
2
2
2
1
2
2
0
0
1
1
2
3
4
4
3
1
-1
0
-1
-1
-1
0
2
-1
1
3
0
-2
-3
0
0
-1
1
0
0
0
-2
1
1
1
0
-1
1
-1
-3
-1
-2
-3
-2
-2
0
-2
0
-4
-1
-1
1
4
3
2
0
2
-2
0
-1
-3
0
0
0
-1
-1
1
-2
-1
1
2
0
0
0
0
2
2
3
2
-2
-1
-3
-2
1
2
-1
-3
0
0
-2
2
0
0
1
0
3
1
1
3
1
2
1
1
4
2
0
2
0
-2
-3
-3
2
0
0
-2
0
3
3
5
-1
-2
1
0
0
0
-1
2
3
1
2
-1
0
-1
-3
-2
0
1
-1
-1
-3
-2
0
0
-2
-1
-1
-2
0
1
2
1
0
1
-2
-3
0
1
0
1
1
2
0
1
1
0
-1
1
0
2
4
-1
1
0
0
0
1
3
2
0
-1
0
0
-1
-1
-2
-3
-1
-3
-2
0
0
0
2
-1
-2
0
-1
0
1
-1
-3
0
3
1
1
0
1
2
3
2
1
1
1
2
1
1
3
0
-1
1
0
2
0
0
0
0
-2
-3
-1
0
-1
-4
-1
1
-2
0
0
-3
-1
-2
-3
-2
-3
-2
0
-1
1
-1
1
0
0
4
3
3
1
-2
4
0
-1
0
-1
2
1
0
-2
-1
-2
0
1
0
3
3
0
-1
0
0
1
1
0
4
0
3
1
-1
1
-1
2
-1
1
1
1
-1
-2
0
-1
-1
-2
0
1
-1
0
0
-1
-1
-1
-2
-2
-2
-2
-2
-3
-3
-2
-3
-3
-1
-2
0
0
-2
-2
3
0
-1
-1
-2
-1
2
5
3
2
4
2
3
2
0
3
4
2
0
1
2
3
2
2
3
0
-1
-1
-1
-1
0
0
1
2
0
-1
-1
2
1
1
-2
0
-1
-1
0
0
-2
-2
-3
-1
-4
-1
0
-3
-2
-2
-2
-3
1
0
1
0
-1
0
-2
1
1
0
-1
-1
-2
-1
-3
-1
3
0
1
2
2
0
-1
-1
-1
0
-1
2
2
-1
3
4
3
2
2
-1
-2
-2
0
3
1
1
1
0
2
3
2
1
2
2
0
1
2
1
0
-1
1
2
0
-3
-1
-3
-2
1
0
1
-2
-2
-1
-1
0
0
-1
-2
1
-1
-1
0
0
-1
-3
-3
0
-2
-2
-2
-1
3
-1
-1
-2
-1
-2
0
3
3
0
1
-1
-1
0
-1
0
-1
-1
3
-1
-1
-2
-3
0
-1
0
1
-2
1
3
3
0
0
2
3
5
3
3
0
1
2
-1
0
2
1
1
-1
1
0
-1
0
-1
-1
-1
-2
-1
0
1
1
-1
2
4
3
5
1
-1
-2
-5
-3
-2
0
-1
-2
-3
-2
-1
-1
-3
-2
1
-1
1
1
-2
-1
-1
-1
0
0
-2
-3
-1
0
-2
-3
-1
1
5
2
3
1
0
1
-2
0
1
2
2
2
1
3
1
0
3
0
2
2
1
-4
-2
-1
1
1
-1
-1
-2
-1
-1
0
-3
-2
2
-1
1
1
0
1
-1
-3
0
-3
-3
-1
-5
-1
-1
-2
1
0
-2
2
5
3
2
2
1
1
0
2
-1
3
0
0
1
-1
1
0
0
0
-3
-3
0
0
2
1
-1
0
0
3
4
3
-1
0
0
-1
-2
0
-1
-2
1
0
-5
-2
0
0
0
-2
1
0
0
0
1
3
0
-2
0
-1
-2
-1
0
-2
1
1
1
2
2
3
2
0
-1
-5
0
-2
-2
-1
1
2
-3
0
1
2
4
4
2
0
0
-1
0
1
-1
-2
2
0
-1
-2
1
2
0
2
1
3
3
0
2
1
0
-1
0
-1
-2
-1
-2
-3
0
-1
3
1
-1
1
1
-2
1
-2
-1
-3
-1
0
-1
-1
1
-1
-3
-2
-2
-2
-4
-1
1
-1
-1
2
0
0
-1
0
1
0
0
-1
-1
2
3
3
0
0
-1
-1
1
1
-1
-2
-1
-1
-1
0
2
0
1
0
2
2
-1
0
-2
-3
0
1
-2
1
2
2
1
0
1
4
1
1
3
0
0
3
2
2
4
2
0
-1
3
0
-1
-1
1
0
0
0
-1
0
3
0
2
-3
-3
-2
0
-2
-3
-4
-3
-2
-1
0
-4
-1
-2
-3
-4
-4
-1
0
-1
-2
-1
-1
1
1
1
-3
0
-1
-1
3
-1
-1
0
0
1
3
0
0
2
0
1
4
1
1
1
0
1
-1
1
-1
-2
-1
-1
-1
0
1
1
-1
-1
2
1
-1
-1
0
1
1
2
3
1
3
2
3
2
2
2
1
-1
-1
0
-2
2
2
4
0
-2
1
-2
-4
1
2
1
2
3
4
-1
1
1
-2
2
-1
-3
-4
-3
-4
-1
-1
0
3
0
1
-2
-1
0
-1
-3
-4
-2
-1
-2
-1
1
1
-1
-2
-2
-1
-2
-3
-2
-2
-1
-3
-2
0
0
1
2
1
0
3
2
2
1
0
3
0
2
3
0
0
1
6
4
3
3
2
1
2
2
-1
0
0
0
2
2
3
1
3
2
1
1
-1
1
-2
-3
-3
-3
-4
-2
-1
-1
1
0
1
1
2
-3
-1
1
-1
-4
-3
3
0
2
3
0
2
2
-1
-1
-1
-2
0
0
-1
1
2
3
-1
-6
-3
-2
-1
0
3
3
-1
-2
-1
-3
-1
-3
-4
-3
0
-1
-2
0
0
3
3
3
1
3
3
-1
1
1
1
3
0
1
3
-1
0
1
1
-2
1
2
2
0
0
0
-1
0
-2
-3
-4
-1
0
2
3
1
1
1
2
1
1
1
0
1
-3
0
-2
-2
-1
0
0
0
0
-1
-1
-2
-2
-1
1
0
0
1
-1
-1
-1
0
-1
-2
-1
1
-1
1
2
3
1
2
2
1
2
0
2
2
3
0
1
1
1
2
-1
-3
0
0
1
1
1
0
-3
-1
2
2
1
2
1
-1
-1
-2
-1
-2
-2
-1
-3
-4
-2
-1
-1
-2
-1
-2
-1
2
0
0
-1
-2
0
0
0
3
-1
-1
-1
0
1
1
2
-2
0
0
1
3
3
1
0
3
1
3
2
3
0
2
5
1
2
2
2
-1
-3
-2
-2
2
0
0
1
0
2
-1
-1
1
0
-3
-3
-2
-1
0
-2
-1
-1
-1
0
-1
0
-2
-3
-3
-3
-3
-3
1
0
2
1
0
1
0
3
0
-1
-1
-1
1
3
0
0
0
2
2
0
0
-1
-4
-2
2
1
2
-2
-1
-2
-1
3
1
0
-4
-3
-3
-1
1
1
2
3
1
0
1
1
3
1
3
5
2
1
3
4
2
-2
2
4
1
1
2
1
-1
-1
1
-2
-1
-1
-2
0
1
-2
-1
-4
-3
-3
-2
-1
-1
-3
-2
-1
-2
3
0
-1
-2
-4
-2
-5
-3
-1
0
0
-2
-2
-1
-2
1
1
1
1
3
-1
1
-1
-1
1
2
2
1
4
4
4
0
2
-1
0
-1
1
2
-1
2
0
0
-1
0
-1
-1
0
-1
1
0
1
2
2
1
0
1
1
0
1
3
4
1
-1
2
0
1
1
-1
-1
-2
-5
-2
-1
-1
0
0
-1
0
1
0
0
-3
0
-1
-2
-3
-3
-2
-1
-3
-1
-1
-1
-1
0
3
-1
0
-2
0
-2
-2
1
1
-1
1
0
0
-2
-1
0
0
1
0
0
0
1
3
1
1
5
4
2
-1
2
2
2
0
0
0
3
1
3
2
2
1
2
4
1
-1
0
-2
-1
4
-1
1
0
-3
-2
0
-1
0
-1
-5
-2
0
-2
-3
-2
-2
-4
-3
-2
-2
-4
0
2
-2
-1
0
-1
-1
1
0
1
2
2
1
2
-1
-1
-2
1
2
-1
-3
0
1
0
-2
-2
2
0
2
1
1
2
0
3
1
2
3
1
1
2
0
1
1
1
2
1
-2
1
2
1
1
-2
0
0
0
1
2
-1
0
-2
0
-1
-1
-1
-2
-2
0
-1
-1
1
0
2
1
1
-2
-1
0
-2
0
1
-1
-1
0
5
3
2
2
5
3
2
2
0
-3
-2
-2
-3
-3
-3
-1
-4
-3
-1
-2
-4
-2
0
-1
-1
3
3
3
0
-2
0
0
-1
-2
1
-1
-2
-3
-2
0
-1
-1
-3
-2
0
0
0
2
1
0
2
0
1
3
2
2
4
3
1
1
1
1
0
-1
-3
1
2
1
-1
0
1
3
1
0
-1
-1
-1
-3
-1
-1
0
-2
-1
2
1
1
1
3
1
3
1
1
1
2
4
2
1
1
0
-2
0
1
1
-1
2
-1
-4
-1
0
-4
-3
-1
-3
-2
-1
-1
0
-2
-3
-1
1
-2
-2
-1
0
-1
-2
-4
-2
-1
1
3
2
4
3
0
1
2
1
3
2
1
1
0
1
1
0
-2
-1
-1
-1
-1
0
1
2
2
3
4
4
1
-2
-2
-3
1
-2
-5
-5
-4
-5
-3
-3
-3
-1
1
1
-1
0
0
0
-2
1
2
0
0
-3
0
-3
-5
-1
-2
0
0
0
-1
-1
-3
-1
1
0
3
2
1
2
1
1
3
3
3
4
1
1
2
1
3
4
2
1
3
1
1
1
0
2
0
2
2
1
-2
-2
1
2
3
1
-2
1
0
0
2
1
0
-1
0
-1
-1
-1
-1
-4
-3
-1
-6
-1
0
0
-1
-4
-2
-1
-4
-3
-3
-3
-2
-3
-1
-3
1
2
1
-3
-3
-2
-1
-2
0
0
2
2
0
0
0
-2
-1
1
2
0
-1
1
1
5
3
2
2
2
3
2
1
0
1
3
1
2
3
0
0
1
-1
-2
-1
1
-1
-1
-1
-1
0
0
-2
-1
-2
1
-1
-4
-1
0
1
-1
-1
2
1
-2
-1
0
0
-1
-2
0
-1
-2
-2
-1
1
1
-2
-2
-1
-2
-1
-3
0
2
0
3
3
5
5
6
4
2
1
3
2
3
1
1
3
-2
0
0
-2
2
0
1
-2
-4
1
0
2
0
1
0
0
-1
-3
-4
-3
-3
-5
-2
0
-1
-2
-3
-2
-1
-1
-1
-4
1
1
4
2
0
1
-1
1
1
0
-1
-3
-3
0
-3
-3
0
1
-1
-3
-2
-2
0
-1
-2
1
1
2
0
1
1
1
1
3
1
0
1
0
3
2
4
2
4
4
3
2
1
0
0
0
1
-1
-1
1
-1
0
-2
0
-2
-1
1
-2
-2
-1
1
1
1
1
2
0
-1
-2
-2
-1
0
0
-1
2
-2
1
1
-1
1
0
0
1
-2
-1
0
-1
0
-2
-2
0
-1
-3
2
2
0
0
-2
1
4
3
1
0
1
0
-2
0
-2
2
1
0
-2
-2
1
0
0
-3
1
2
0
0
-1
0
-1
0
-3
-3
1
0
-1
0
0
-2
0
-3
-1
-2
0
1
1
-1
0
3
1
-2
-3
-1
-1
1
1
1
-2
1
3
2
3
1
0
1
1
1
-1
-1
0
1
0
0
-1
2
1
2
0
0
0
2
3
-1
2
2
1
3
1
1
0
1
1
-1
4
0
-2
2
2
1
0
-2
-2
0
0
-1
-3
-3
-2
-2
1
0
1
-1
-3
-2
-5
-4
-6
-3
-2
-2
-1
1
-3
2
1
-1
2
1
-1
-2
-2
2
1
0
0
3
2
2
3
-1
0
0
-1
2
0
-2
0
1
1
3
2
2
1
-2
-1
-3
-2
-2
1
2
0
-1
1
-2
-1
0
-1
0
3
2
0
0
0
-1
0
2
-2
-1
-2
0
-1
-2
-1
0
0
1
1
1
1
1
2
3
3
1
1
-1
0
2
6
1
3
2
1
1
-1
2
0
-1
-1
-2
-2
0
-1
0
-2
-2
0
-1
-2
-2
-1
1
3
1
0
1
-1
3
-1
-1
1
2
2
1
0
-1
2
-1
0
0
-3
-5
-3
0
-2
-2
-1
-1
0
0
-1
1
1
2
2
1
1
2
3
0
0
-2
-2
-4
-2
-1
-1
-2
-3
0
-1
0
-3
-4
-1
-3
-1
0
-2
0
1
2
0
0
0
-2
1
-1
1
4
2
0
0
0
0
0
1
4
6
3
2
2
1
3
4
2
2
1
1
1
2
2
4
2
2
0
0
2
-2
0
2
1
1
-1
2
2
-1
-1
1
-3
-4
-2
-1
2
0
0
0
-1
-1
0
0
0
-1
-3
-1
-1
1
0
-1
1
1
-1
0
1
-1
-1
-1
-1
-4
-4
-4
-2
0
-1
0
-2
-2
-3
-3
0
-2
-2
-5
-5
-3
-5
-3
-3
-2
-2
-2
-3
-4
-4
-2
-1
1
1
2
0
0
2
0
1
0
2
2
1
1
3
0
1
2
2
4
3
3
5
2
6
6
2
0
0
1
2
1
5
4
5
6
5
5
4
2
3
5
1
4
5
5
2
2
2
1
0
0
4
3
0
0
0
-1
-2
-1
0
0
3
3
1
-1
1
-1
-1
-1
0
-2
-1
1
-1
0
-2
-4
-3
-5
-3
-4
-6
-2
-3
-6
-7
-8
-5
-5
-5
-4
-2
-7
-8
-6
-6
-7
-9
-7
-7
-8
-8
-7
-6
-9
-7
-5
-6
-6
-6
-4
-2
-1
1
-1
2
1
0
0
4
3
3
3
2
5
3
3
4
6
3
4
6
6
6
7
8
5
5
7
5
5
7
5
9
10
7
8
11
8
7
8
6
9
9
8
8
7
5
4
7
8
4
5
6
3
3
3
2
-3
3
3
-1
2
2
0
0
2
-1
-6
-5
-3
-5
-5
-3
-2
-4
-2
-1
-3
-5
-1
-2
-4
0
-1
-3
-5
-5
-4
-5
-5
-6
-5
-10
-8
-9
-11
-11
-13
-12
-12
-10
-11
-20
-21
-19
-22
-21
-25
-36
-36
-37
-39
-37
-38
-42
-43
-41
-39
-33
-38
-41
-37
-35
-33
-29
-26
-24
-18
-12
-9
-4
-2
5
13
15
19
23
32
36
40
43
51
56
66
71
73
80
85
100
114
120
129
140
149
174
192
202
219
230
241
272
287
288
300
298
312
333
327
321
317
300
297
302
281
257
236
212
200
186
155
138
114
88
77
60
36
18
-2
-22
-38
-55
-75
-90
-109
-135
-155
-183
-210
-237
-266
-294
-322
-349
-377
-410
-433
-452
-485
-511
-522
-541
-555
-563
-563
-556
-557
-549
-528
-518
-502
-482
-457
-423
-397
-371
-333
-295
-266
-238
-208
-168
-129
-101
-71
-26
22
46
61
106
146
148
166
216
238
251
280
283
277
285
260
225
226
200
140
102
67
-1
-92
-182
-293
-421
-540
-644
-723
-783
-831
-865
-892
-912
-900
-858
-792
-683
-527
-341
-119
128
376
638
891
1101
1299
1483
1658
1843
1977
2074
2193
2230
2166
2147
2109
1961
1850
1775
1591
1451
1388
1211
1043
973
787
546
439
304
109
38
-13
-170
-276
-346
-481
-598
-679
-758
-813
-883
-988
-1062
-1130
-1203
-1250
-1322
-1367
-1357
-1423
-1509
-1478
-1481
-1545
-1509
-1474
-1500
-1455
-1402
-1377
-1276
-1203
-1191
-1109
-1010
-957
-857
-732
-635
-513
-434
-410
-314
-212
-187
-127
-15
60
160
275
325
420
528
522
535
639
718
768
824
846
900
1012
1094
1096
1100
1143
1135
1068
998
928
819
572
92
-391
-551
-491
-493
-544
-563
-628
-840
-1190
-1467
-1448
-1321
-1378
-1532
-1487
-1184
-869
-691
-493
-183
29
90
247
685
1361
1943
2205
2369
2604
2698
2620
2597
2686
2760
2665
2424
2311
2372
2258
1911
1604
1349
1023
697
490
470
495
312
31
-137
-229
-306
-433
-605
-620
-636
-878
-969
-831
-817
-882
-993
-1218
-1284
-1255
-1315
-1285
-1217
-1293
-1377
-1471
-1502
-1301
-1193
-1356
-1424
-1393
-1424
-1383
-1250
-1120
-1049
-1087
-1143
-1147
-1097
-936
-870
-985
-905
-719
-788
-713
-424
-420
-529
-442
-399
-338
-139
-36
-13
93
200
266
323
397
546
603
557
654
771
724
764
876
898
984
1086
1026
1064
1262
1335
1303
1327
1318
1271
1217
1121
1058
1002
731
184
-376
-644
-583
-527
-652
-751
-760
-934
-1350
-1706
-1730
-1571
-1606
-1845
-1848
-1460
-1066
-921
-721
-298
33
77
208
705
1436
1997
2206
2330
2625
2773
2648
2593
2729
2664
2305
1925
1875
2083
2120
1774
1420
1284
1011
460
234
480
494
121
-92
-175
-295
-268
-351
-718
-767
-611
-988
-1249
-711
-470
-877
-847
-652
-1012
-1148
-867
-922
-1098
-979
-1064
-1336
-1239
-1017
-1266
-1473
-1315
-1536
-1816
-1421
-1183
-1386
-1164
-1101
-1433
-1304
-953
-1036
-1013
-956
-1010
-982
-910
-886
-658
-599
-683
-706
-668
-529
-301
-334
-249
44
25
-34
278
362
248
461
571
406
507
793
799
849
1071
1158
1074
1116
1174
1203
1266
1389
1423
1465
1560
1637
1600
1643
1687
1538
1297
1165
953
661
481
271
-108
-390
-563
-853
-1017
-970
-1109
-1388
-1461
-1587
-1811
-1795
-1666
-1717
-1644
-1391
-1289
-1180
-731
-348
-181
136
520
702
958
1300
1506
1655
1865
1905
1842
1924
2044
1897
1774
1808
1722
1538
1522
1465
1299
1155
938
668
595
556
467
482
369
104
64
16
-226
-161
-88
-295
-393
-368
-548
-456
-294
-403
-659
-776
-850
-899
-1077
-1055
-894
-1147
-1512
-1474
-1583
-1869
-1594
-1441
-1793
-1800
-1617
-1739
-1570
-1396
-1655
-1630
-1361
-1519
-1513
-969
-892
-1186
-939
-773
-1058
-915
-521
-565
-496
-254
-207
-103
124
46
143
426
382
351
656
756
807
954
898
932
1117
1097
1153
1371
1335
1352
1509
1545
1529
1639
1552
1457
1509
1520
1504
1680
1734
1522
1302
1030
563
113
-185
-404
-435
-419
-707
-1055
-1065
-1162
-1495
-1783
-1869
-1886
-1967
-2112
-1983
-1590
-1263
-1173
-1186
-974
-563
-338
-215
192
704
1026
1171
1342
1541
1741
1745
1648
1588
1715
1870
1862
1853
1930
1916
1626
1248
1079
1243
1188
867
867
981
671
567
576
214
124
423
18
-85
380
135
-343
-88
-115
-562
-426
-474
-701
-735
-676
-1024
-972
-808
-1109
-1450
-1436
-1446
-1535
-1483
-1864
-1795
-1526
-1593
-1718
-1384
-1492
-1455
-1392
-1593
-1437
-1048
-1459
-1552
-1003
-1046
-1256
-838
-810
-1184
-809
-569
-730
-472
141
-215
-270
19
118
-37
357
532
534
703
824
821
859
1008
1014
1043
1014
1102
1232
1296
1429
1571
1525
1587
1673
1446
1352
1709
1668
1498
1698
1841
1542
1319
861
63
-499
-552
-602
-558
-390
-571
-944
-1070
-1379
-1865
-1960
-1882
-2013
-2194
-2049
-1759
-1304
-911
-793
-829
-661
-584
-528
-121
511
1044
1239
1465
1525
1668
1756
1779
1582
1668
1786
1670
1536
1612
1882
1827
1600
1319
1137
1013
1140
798
800
1226
996
395
380
458
686
453
-160
-42
271
7
-277
-214
-305
-252
-363
-817
-1061
-367
-573
-1253
-1210
-962
-1509
-1811
-1374
-981
-1627
-1890
-1404
-1756
-1713
-1407
-1675
-1884
-1372
-1450
-1586
-1260
-1179
-1270
-1284
-1231
-1350
-1097
-1011
-928
-892
-830
-561
-677
-778
-548
-136
-320
-208
41
129
179
440
533
534
897
675
603
823
1055
1038
1239
1365
1252
1410
1454
1492
1464
1735
1800
1674
1486
1576
1749
1582
1620
1813
1912
1448
1127
643
-153
-738
-763
-580
-565
-492
-718
-1030
-1322
-1577
-2138
-2171
-1888
-1989
-2270
-1986
-1586
-1232
-950
-845
-825
-759
-651
-653
-68
664
1210
1200
1414
1543
1537
1488
1531
1607
1552
1660
1616
1856
2056
2188
1883
1592
1393
1211
1005
913
1103
1199
1140
817
933
970
833
501
302
55
290
246
-298
-82
177
-17
-582
-763
-921
-743
-859
-1103
-785
-988
-1443
-1406
-1093
-1444
-1428
-1471
-2022
-1876
-1678
-1673
-1710
-1538
-1591
-1576
-1585
-1741
-1505
-1550
-1529
-1394
-1249
-1312
-1385
-1284
-1207
-847
-1082
-867
-827
-764
-611
-206
-154
-82
106
-78
131
325
396
636
893
872
1234
1403
1219
1516
1585
1346
1585
1721
1680
1809
2008
1852
1806
1736
1704
1516
1607
1574
1477
1740
1958
1557
1394
1300
329
-547
-1030
-1113
-864
-505
-888
-1200
-1143
-1514
-2188
-2474
-2193
-2143
-2221
-2380
-2131
-1540
-1118
-1159
-1227
-916
-825
-982
-750
-99
624
1153
1238
1335
1458
1429
1394
1607
1530
1594
1835
1930
2172
2479
2478
1776
1626
1445
1225
1198
1374
1489
1441
1176
1068
1226
826
616
743
525
47
285
674
547
42
406
-23
-720
-1041
-695
-1349
-2478
-1707
-812
-692
-1767
-285
-1264
-2135
-1396
-1397
-1838
-1546
-1449
-1829
-1111
-1447
-1749
-1703
-2263
-2300
-1551
-2090
-1724
-1221
-1362
-1255
-1193
-1508
-1257
-1324
-1495
-757
-944
-804
180
51
-77
79
60
-102
45
668
742
890
1021
1140
1092
1316
1442
1523
1525
1531
1600
1354
1524
1762
1790
1953
1843
1496
1606
1628
1308
1487
1858
1887
1496
1676
1715
1290
1017
392
-322
-770
-1206
-964
-645
-997
-1155
-1414
-1805
-2023
-2549
-2722
-2102
-1950
-2374
-2151
-1796
-1532
-1317
-1294
-1369
-958
-795
-874
-348
344
954
1111
1024
1179
1338
1228
1695
2077
2245
2268
2360
2408
2569
2444
2199
2314
2147
2097
1670
1433
2060
2188
1257
1179
1271
775
520
875
494
323
146
55
-189
-506
-504
-567
-1148
-881
-1075
-1509
-1336
-1222
-1519
-1694
-1145
-1987
-2581
-1493
-1487
-2349
-2364
-1863
-1997
-2304
-2175
-1593
-1857
-1875
-1796
-1932
-1510
-1500
-1317
-1090
-851
-1357
-1482
-1064
-799
-1172
-618
95
-542
-799
96
142
-278
875
883
6
773
1329
487
705
1640
1278
1362
1423
1404
1470
1891
1530
1700
1664
1615
2080
1687
1649
2029
1315
1216
1374
901
1377
1655
1113
1564
1496
870
943
654
-33
-63
-344
-1148
-797
-658
-1165
-1311
-1692
-2086
-2100
-2658
-2550
-2240
-2147
-2241
-2244
-2281
-1940
-1797
-1764
-1541
-1042
-938
-985
-259
114
571
1046
965
1076
1673
1854
1992
2423
2459
2757
3190
2907
2588
3060
2969
2562
2792
2767
2407
2195
2225
1806
1654
1361
1333
898
759
1079
791
-576
355
480
-1213
-852
-147
-1451
-1426
-669
-1802
-1587
-1131
-1727
-2233
-2780
-2106
-1580
-2694
-1688
-1329
-2896
-2901
-2008
-3199
-2587
-2010
-2556
-1763
-1508
-1972
-2116
-2050
-1883
-1402
-1379
-1184
-573
-1342
-1221
-801
-1374
-504
138
-294
-27
533
16
567
637
488
1023
847
733
1335
1318
1716
1786
1386
1329
1410
1782
2015
2068
2486
2807
1905
1930
2199
1611
1616
2323
1861
1478
1983
2069
1902
1380
1285
1125
433
271
225
-701
-866
-734
-1484
-1745
-1530
-1980
-2704
-2573
-2761
-3121
-2891
-2518
-2724
-2676
-2523
-2527
-2409
-1968
-1554
-1520
-1066
-579
-498
173
970
898
983
1888
1598
1766
2806
2889
2865
3490
3376
2537
3092
4017
3218
3137
2941
2521
2367
2223
2482
2157
2456
2581
1054
92
1171
614
-96
-138
398
-311
-986
-976
-1536
-1338
-551
-1109
-2610
-2260
-1755
-2402
-2214
-1434
-2788
-3039
-2544
-2218
-2452
-3170
-2105
-2291
-3196
-2540
-1495
-2387
-1551
-1644
-2529
-2219
-1419
-2086
-1335
-538
-1049
-450
-1034
-1650
-162
-1145
-1496
758
117
-704
1087
423
-210
1459
818
742
1237
1358
1192
1919
2138
2357
2196
1088
1959
2218
1095
2251
2974
1487
1938
2756
1527
1762
2334
1400
1224
1788
1868
1834
1724
1301
657
51
138
-409
-883
-809
-970
-1408
-1584
-1803
-2362
-2418
-2798
-3297
-3244
-2894
-2623
-2800
-2989
-2694
-2755
-2497
-2001
-2033
-1451
-889
-1134
-630
414
629
1228
1973
1652
1940
2423
2202
2855
4137
3822
3329
3834
3568
3665
4320
3249
2942
3371
2962
2524
2597
2830
1534
1636
2122
1193
592
1156
953
-860
-436
133
-568
-646
422
-586
-2093
-1618
-1685
-2521
-2143
-769
-2254
-2547
-1817
-3107
-4299
-2684
-2768
-3619
-1868
-1513
-2871
-2472
-2282
-2808
-2555
-2376
-2174
-2300
-2144
-1356
-1787
-2557
-1560
-1868
-2360
-1136
-983
-1237
323
-31
-245
511
210
19
940
983
428
1424
1632
1103
1368
1717
1481
1131
1323
1415
1770
2249
2281
1408
1318
1920
1268
1014
2119
2116
1890
2532
2593
1624
1820
2106
400
52
459
-376
-615
-91
-851
-1928
-1962
-2252
-3066
-3145
-2684
-2537
-2888
-2634
-2510
-2900
-2190
-1790
-2514
-1897
-533
-1023
-646
964
1192
1154
1830
2051
2110
2992
3407
3529
4208
4564
4794
4397
3937
4471
4467
4145
4369
3754
3104
2985
2660
2156
2172
1862
1026
945
848
370
-243
-745
-681
-548
-1105
-1135
-864
-1791
-1798
-1332
-2473
-3531
-2345
-1838
-2647
-2065
-2088
-2935
-2435
-2478
-3389
-2911
-1894
-2686
-3023
-2063
-2055
-3302
-3544
-2005
-2636
-3508
-2156
-2118
-3379
-2229
-1629
-2757
-2136
-1374
-2605
-1948
-1041
-1565
-866
-56
-481
97
464
-121
270
395
934
1354
1394
1849
2187
1506
1788
1974
1268
2355
2715
1706
2548
3132
2301
2993
3438
2162
2016
1991
216
-461
-431
-341
188
216
-796
-1510
-1871
-2491
-3420
-3424
-2311
-1996
-2498
-2324
-1816
-1649
-1345
-1425
-1466
-324
693
669
1580
3084
3311
2920
2962
3028
3708
5086
5369
5129
6024
6411
5270
4781
5213
5320
5046
4633
4122
4125
3872
2498
1334
1471
1445
257
-515
124
233
-1091
-1496
-1795
-2672
-2904
-3009
-3421
-2934
-2229
-2817
-3755
-3251
-2543
-3229
-3474
-2824
-2509
-2468
-2374
-2881
-3137
-2070
-2517
-3936
-2548
-2177
-3475
-3033
-1352
-2078
-3060
-2529
-3198
-2913
-1871
-2342
-2424
-1867
-2160
-2470
-2193
-1458
-1215
-1439
-1576
-1064
-768
-451
-254
-170
-95
-155
-199
648
1010
783
1262
1723
1517
1612
2240
2077
2195
2987
3224
3212
3465
1967
-337
-1169
-843
-270
737
843
-162
-517
-1565
-3466
-3733
-2159
-1217
-1453
-1595
-1246
-933
-879
-804
-279
549
1305
1511
2130
3946
5449
5412
4935
5020
5141
5375
5874
6638
7424
7597
6785
6043
5863
5478
5073
4908
4551
4183
3542
2671
2161
1484
436
-643
-1098
-1354
-1629
-1837
-1998
-2338
-3101
-3940
-4340
-4303
-3956
-3725
-3091
-3052
-3563
-3498
-3466
-3761
-3185
-2455
-2664
-2564
-2099
-1644
-1822
-1791
-1595
-1354
-1789
-1568
-1246
-1745
-1462
-1409
-2677
-2896
-2175
-2657
-2952
-1904
-1586
-2571
-3101
-2989
-2505
-2235
-1759
-1764
-1822
-1483
-1733
-2336
-1696
-829
-1270
-1559
-537
57
190
356
318
56
89
703
978
1205
826
-1389
-4039
-3986
-1696
-247
-268
-527
-808
-2096
-4052
-4623
-2493
95
603
0
-59
772
1203
1017
1676
3445
4696
4569
5049
6754
8542
8829
7782
7275
7632
8046
8237
9242
10416
10500
8646
6230
5281
5920
6638
6181
5600
4985
3700
1553
110
360
647
-292
-1722
-2268
-2334
-2704
-3500
-4185
-4305
-4681
-5313
-5223
-3985
-2838
-2878
-3735
-4249
-4269
-4213
-3881
-3255
-2246
-1839
-2320
-3040
-2696
-1696
-1561
-2066
-2044
-1405
-1441
-1902
-1526
-1065
-1826
-3036
-3212
-2692
-2449
-2108
-1932
-2035
-2423
-3148
-3646
-3031
-2111
-2136
-2716
-2150
-1783
-2381
-2573
-1822
-1249
-1331
-1077
-1022
-1082
-944
-437
-319
-723
-1915
-4639
-6986
-5737
-2384
-486
-1149
-2477
-3618
-5321
-6761
-5901
-2327
996
1568
35
-912
-243
778
1500
3118
5439
6918
6885
6931
8301
10023
10478
9475
9054
9997
11259
11842
12153
12417
11529
9098
6931
6880
8431
9159
8143
6317
4720
2796
558
-25
926
1389
131
-1713
-2797
-3349
-3928
-4715
-4867
-4534
-4552
-4787
-4605
-3823
-3399
-3879
-4605
-4514
-3360
-2087
-1241
-1043
-1315
-2057
-2981
-3080
-1869
-454
-70
-528
-1437
-2340
-2768
-2687
-2251
-1896
-2096
-2666
-3187
-3597
-3779
-3854
-4177
-4492
-4313
-3938
-3915
-3816
-3774
-4073
-4867
-4861
-3997
-3231
-2597
-2106
-1859
-2298
-2789
-3142
-3026
-1808
-1068
-2658
-6251
-8261
-5992
-2301
-1006
-2729
-3742
-3804
-5161
-6592
-4588
588
3584
2319
-216
-339
1851
3467
4208
6203
9028
9836
8150
7715
10268
12901
12562
10813
10997
12621
12988
11941
11974
12667
11296
8039
6353
7417
8558
7251
4425
2693
2247
1116
-1146
-1687
-289
-740
-3358
-4896
-4647
-4193
-4254
-4899
-5355
-4467
-3829
-4785
-4921
-2793
-1484
-2499
-2970
-1774
-329
-6
-301
-338
-8
-132
-694
-518
725
1467
444
-1131
-1897
-1866
-1716
-1838
-1795
-1834
-2628
-3896
-5047
-4883
-4391
-4334
-4845
-4822
-4896
-5444
-6093
-5831
-4785
-4652
-5036
-5248
-4722
-4006
-4078
-4895
-5273
-4636
-4052
-5733
-8543
-9652
-6868
-3499
-3052
-5159
-5945
-5393
-6246
-6945
-4705
299
2999
1797
-319
119
2582
4484
5401
7575
10503
11447
9961
9405
11512
13908
14050
12840
13286
14712
14732
12988
12394
12821
11732
9297
7951
8396
8849
7102
4228
2070
660
-850
-2255
-2049
-1012
-1187
-3441
-6009
-7124
-6617
-5954
-5413
-4446
-3514
-3839
-5210
-5635
-4192
-2465
-1750
-1271
-366
721
835
644
1011
1269
859
548
1178
2148
2188
1289
21
-1156
-1849
-2005
-1520
-1122
-1389
-2876
-4596
-5713
-5735
-5366
-5122
-4826
-4596
-5072
-6469
-7159
-6413
-5348
-5127
-4820
-4042
-3428
-3615
-3785
-4264
-4577
-4553
-3704
-3538
-5568
-8557
-8424
-4626
-2086
-3423
-5841
-5456
-4638
-5524
-5952
-2487
2402
3132
-22
-1512
962
4173
5134
5734
8130
10541
9812
7944
8954
12456
14128
12465
11431
12568
13720
12536
11276
11518
11774
10013
7481
6567
7265
7187
4876
2089
292
-785
-2010
-2595
-1877
-1206
-2619
-5206
-6856
-6461
-5334
-4612
-4073
-3372
-3206
-3722
-4275
-3562
-1713
-386
-47
217
1243
2060
2181
2121
2443
2401
1919
1798
2475
3023
2482
1112
-171
-1060
-1645
-1885
-1594
-1717
-2953
-4308
-5667
-6193
-6149
-5781
-5884
-6179
-6281
-6815
-7544
-7775
-6537
-5794
-5836
-5752
-4280
-3388
-4434
-5654
-5667
-4250
-3431
-3890
-5562
-7842
-8133
-5591
-2603
-2618
-4093
-4333
-4221
-5148
-5623
-2159
2514
4038
1731
-11
1267
3943
5520
6374
8405
10770
10702
8772
8798
11795
14184
12883
11231
11810
13365
12515
10872
10608
11341
9601
6562
4973
6638
6788
4057
1262
-628
-1822
-2768
-3109
-2504
-1886
-3957
-6363
-8401
-7668
-5646
-4031
-3209
-2207
-2321
-3780
-4792
-3648
-1874
-631
579
1478
2297
3203
3438
2882
2604
2333
1802
1521
2703
3857
3522
1985
373
-1104
-1980
-2108
-1864
-1887
-2997
-4489
-5322
-5921
-6154
-5562
-5098
-5681
-6559
-7005
-7003
-6765
-5959
-4856
-4372
-4333
-4270
-3943
-3799
-3949
-4190
-4064
-3315
-2412
-3072
-6089
-8608
-7512
-3865
-2026
-3527
-4864
-4083
-4202
-5963
-5559
-1106
2958
2236
-581
-602
2313
4402
4856
6012
8693
10092
8746
7606
9334
12461
13058
11452
10790
12050
12749
11508
10431
10660
10432
8342
6245
6033
6741
5786
2670
48
-491
-729
-2670
-4650
-4355
-3116
-3707
-5778
-6468
-5338
-4656
-5235
-5054
-3380
-1861
-1979
-2525
-1949
-436
645
831
1166
2405
3628
3549
2959
3220
4000
3619
2297
1822
2402
2533
1441
78
-768
-1403
-2313
-3170
-3479
-3480
-4065
-5632
-7025
-7119
-6337
-6209
-6716
-6508
-5878
-6264
-7242
-6915
-5247
-4221
-4307
-4030
-2670
-1662
-2200
-3324
-3511
-2633
-1678
-1971
-3676
-5975
-6702
-4954
-2581
-2059
-3252
-3989
-4094
-4828
-5640
-3796
291
2450
1086
-723
143
2503
3964
4644
6242
8388
8871
7803
7772
9996
12095
12014
10661
10590
11747
11708
10371
9963
10521
9721
7265
5616
6013
6359
4839
2261
60
-1610
-2876
-3414
-3365
-3332
-3989
-5364
-6636
-7012
-6317
-5281
-4257
-3371
-2704
-2665
-2509
-1646
-762
-59
956
1989
2371
2529
3245
4242
4196
3460
3273
3609
3163
2473
2475
2413
1274
-315
-1071
-1279
-1794
-2720
-3622
-4420
-5559
-6351
-6625
-6495
-6272
-6153
-6304
-6744
-6820
-6461
-5892
-5448
-4960
-4202
-3528
-2965
-2348
-1492
-860
-1283
-2450
-2929
-1811
-644
-1429
-4303
-6817
-6479
-4134
-2783
-3256
-3731
-3621
-4545
-6592
-6719
-3313
538
1084
-445
-653
835
2139
2960
4549
7028
8642
8382
7831
8870
11086
12407
11974
11044
11181
11756
11499
10733
10708
10705
9278
7015
5830
5936
5633
4006
1941
272
-1256
-2977
-4312
-4699
-4591
-4792
-5471
-6165
-6487
-6052
-4955
-3979
-3697
-3389
-2358
-1473
-1285
-633
1148
2463
2082
1543
2428
3751
3949
3647
3912
4175
3501
2339
1645
1533
1355
458
-1077
-2257
-2436
-2483
-3401
-4638
-5227
-5645
-6638
-7417
-6995
-6200
-6295
-6840
-6675
-5920
-5342
-5070
-4583
-3785
-3039
-2779
-2517
-1483
173
1019
302
-1011
-1430
-817
-310
-1064
-3153
-5290
-5842
-4759
-3562
-3260
-3497
-4047
-5368
-6973
-7113
-4917
-1866
-273
-554
-1053
-379
1067
2431
3845
5683
7348
7936
7851
8670
10804
12549
12494
11517
11192
11334
11175
10975
11286
11353
10167
8030
6246
5347
4626
3383
1719
187
-957
-1962
-3263
-4582
-5213
-5149
-5316
-5915
-6001
-5232
-4578
-4571
-4324
-3186
-1858
-1177
-731
214
1452
2122
2155
2260
2845
3481
3793
3916
4087
4167
3726
2635
1316
466
121
-235
-973
-1755
-2348
-3038
-4224
-5482
-6128
-6234
-6508
-6995
-7065
-6622
-6264
-6308
-6298
-5808
-5068
-4637
-4382
-3714
-2601
-1798
-1465
-891
188
892
618
21
-23
205
32
-398
-823
-2195
-5061
-7409
-6703
-3998
-2899
-4350
-5760
-5740
-5960
-7153
-6995
-4073
-963
-507
-1563
-945
1650
3804
4384
4925
6567
8287
8909
9364
11110
13448
14209
12862
11368
11318
12002
11973
11366
10982
10523
9017
6793
5149
4410
3610
2068
233
-1115
-1977
-3149
-5230
-7477
-8108
-6782
-5474
-5730
-6308
-5642
-4724
-4949
-4951
-2968
-472
78
-471
388
2432
3414
3073
2946
3343
3355
2990
3126
3777
4193
3889
2825
1205
-373
-1323
-1784
-2263
-2775
-3044
-3302
-4058
-5218
-6175
-6655
-6933
-7204
-7166
-6495
-5493
-4881
-4799
-4616
-4059
-3603
-3379
-2699
-1342
-161
339
679
1218
1443
1112
816
855
701
106
-268
-277
-1115
-3779
-6949
-8098
-6697
-5016
-5014
-6033
-6454
-6417
-7042
-7797
-6893
-4226
-2020
-1647
-1664
-51
2765
4796
5461
6093
7483
8848
9568
10571
12702
14904
15373
14050
12617
12177
12202
11942
11456
10929
10003
8376
6480
4894
3626
2233
361
-1812
-3578
-4469
-4979
-5820
-6677
-6793
-6510
-6906
-7734
-7477
-5733
-3979
-3307
-2975
-1953
-669
32
449
1360
2494
2976
2847
2927
3493
3954
3849
3331
2771
2294
1861
1378
694
-316
-1485
-2512
-3275
-3838
-4213
-4454
-4865
-5666
-6531
-6883
-6657
-6313
-6114
-5857
-5366
-4796
-4295
-3672
-2787
-1905
-1387
-1168
-817
-89
846
1578
1828
1724
1602
1593
1490
1123
603
143
-255
-951
-2515
-5028
-7311
-7759
-6345
-4994
-5233
-6342
-6835
-6725
-6920
-7136
-6074
-3699
-1629
-894
-489
1043
3515
5482
6305
6793
7808
9191
10433
11592
12954
14183
14499
13720
12556
11791
11499
11225
10620
9699
8565
7290
5913
4468
2939
1268
-545
-2365
-3885
-4793
-5178
-5483
-6026
-6741
-7397
-7723
-7401
-6472
-5544
-4998
-4331
-3045
-1642
-840
-375
389
1267
1650
1711
2130
2959
3561
3542
3079
2487
1955
1565
1280
891
236
-633
-1593
-2594
-3493
-4039
-4209
-4334
-4724
-5301
-5720
-5750
-5488
-5232
-5115
-4948
-4526
-3955
-3429
-2831
-2005
-1161
-622
-403
-210
197
791
1310
1511
1439
1279
1063
737
431
360
395
154
-456
-1096
-1590
-2322
-3710
-5433
-6462
-6123
-4943
-4099
-4094
-4393
-4368
-4094
-3862
-3517
-2670
-1322
65
1203
2296
3622
5068
6214
6860
7218
7584
8165
9111
10359
11408
11691
11242
10610
10062
9378
8516
7701
7008
6262
5387
4519
3688
2790
1756
515
-886
-2274
-3415
-4225
-4657
-4453
-3768
-3364
-3684
-4262
-4313
-3853
-3405
-3000
-2482
-1969
-1615
-1246
-702
-332
-509
-1006
-1364
-1437
-1550
-1685
-1610
-1515
-1613
-1993
-2642
-3144
-3228
-2918
-2478
-2481
-2853
-2917
-2436
-1929
-1953
-2267
-2274
-1906
-1516
-1415
-1345
-1076
-796
-489
-265
-395
-702
-898
-629
-64
77
-338
-845
-954
-598
-290
-384
-914
-1434
-1350
-796
-304
-220
-431
-536
-450
-194
175
468
690
831
1026
1391
1718
1940
2164
2441
2692
2614
2219
1819
1643
1745
1865
1863
1742
1514
1385
1372
1351
1271
1027
743
603
635
822
950
971
1040
1176
1354
1417
1336
1329
1408
1526
1605
1642
1804
1952
1946
1863
1767
1688
1484
1150
901
739
591
352
4
-340
-702
-998
-1152
-1234
-1292
-1477
-1760
-1984
-2149
-2219
-2270
-2324
-2316
-2281
-2163
-1991
-1823
-1659
-1567
-1456
-1287
-1145
-1017
-882
-699
-507
-422
-337
-243
-209
-196
-159
-64
-74
-244
-380
-396
-342
-318
-403
-538
-720
-912
-1022
-1019
-928
-879
-930
-1006
-1066
-1113
-1160
-1173
-1047
-817
-654
-593
-525
-354
-143
29
225
416
519
640
872
1168
1358
1375
1353
1374
1439
1559
1668
1704
1652
1581
1574
1531
1465
1491
1531
1463
1299
1176
1155
1127
1034
841
527
253
121
96
66
-27
-128
-213
-323
-424
-488
-510
-545
-600
-603
-605
-612
-566
-487
-417
-369
-336
-324
-350
-366
-341
-269
-147
-59
-54
-66
-34
42
89
64
50
127
251
314
281
245
277
366
441
442
420
399
357
358
457
527
440
332
328
345
281
187
57
-167
-315
-237
-190
-442
-775
-843
-721
-751
-992
-1224
-1235
-1085
-1078
-1320
-1500
-1390
-1176
-1122
-1165
-1104
-950
-789
-612
-433
-363
-382
-301
-67
150
257
279
226
212
398
646
665
517
500
669
853
894
746
553
477
534
683
832
793
543
382
504
714
829
823
649
398
280
372
536
601
475
258
171
184
120
-4
-79
-138
-218
-248
-307
-552
-908
-1128
-1156
-1177
-1252
-1262
-1159
-1081
-1129
-1171
-1163
-1240
-1384
-1329
-1031
-774
-626
-405
-85
201
359
423
481
637
907
1174
1369
1441
1447
1538
1706
1829
1836
1720
1531
1374
1339
1267
1057
947
1006
961
658
351
183
-4
-188
-299
-398
-497
-443
-264
-239
-289
-265
-271
-355
-334
-237
-328
-358
108
765
875
370
4
191
552
528
61
-258
34
601
713
292
-85
-168
-147
-214
-456
-781
-940
-835
-707
-696
-793
-1056
-1326
-1261
-889
-788
-1228
-1555
-1154
-450
-326
-697
-776
-460
-321
-490
-517
-368
-367
-449
-325
-104
-143
-372
-416
-204
-62
-244
-667
-1204
-1852
-2582
-3161
-3320
-3144
-2872
-2558
-2211
-2025
-2077
-2048
-1696
-1261
-1029
-813
-236
710
1652
2394
3088
3801
4263
4291
4234
4481
4901
5171
5282
5372
5390
5179
4770
4323
3903
3405
2691
1865
1232
881
545
50
-479
-998
-1719
-2736
-3803
-4658
-5216
-5279
-4606
-3499
-2665
-2276
-1827
-1175
-773
-623
-198
498
896
1118
1886
3019
3548
3312
3112
3200
3005
2432
2165
2413
2527
2135
1689
1521
1224
446
-450
-979
-1325
-1868
-2433
-2593
-2458
-2538
-2870
-3023
-2887
-2850
-3016
-2994
-2619
-2250
-2113
-1906
-1426
-918
-591
-257
161
369
290
265
448
508
286
58
-51
-240
-549
-727
-852
-1360
-2294
-3383
-4689
-6291
-7500
-7395
-6292
-5497
-5501
-5488
-4941
-4518
-4530
-4175
-2991
-1801
-1209
-413
1406
3697
5375
6276
7005
7778
8273
8375
8556
9246
10091
10351
9899
9374
9175
8856
7882
6499
5301
4240
2886
1448
588
284
-249
-1482
-3043
-4364
-5203
-5604
-5752
-5722
-5467
-5028
-4646
-4312
-3624
-2529
-1566
-1072
-649
136
1155
2094
2891
3512
3846
3902
3761
3531
3382
3336
3056
2304
1450
975
728
297
-224
-521
-792
-1480
-2472
-3250
-3699
-4072
-4437
-4599
-4478
-4180
-3802
-3453
-3185
-2875
-2488
-2226
-2165
-1982
-1451
-862
-499
-124
530
1136
1220
911
758
897
897
469
-39
-165
-43
-202
-718
-1112
-1270
-1750
-2739
-3567
-3988
-4927
-6875
-8551
-8522
-7330
-6577
-6406
-5740
-4567
-3978
-4037
-3485
-1846
-200
624
1350
2968
5224
7087
8191
9103
10148
10762
10508
10041
10275
10923
10899
10032
9207
8840
8278
7102
5728
4519
3218
1609
31
-1108
-1779
-2276
-2868
-3640
-4331
-4733
-5034
-5399
-5534
-5154
-4600
-4268
-3960
-3191
-1922
-620
362
1038
1629
2223
2730
3108
3460
3756
3694
3248
2848
2781
2632
1952
954
87
-625
-1363
-1983
-2290
-2357
-2397
-2517
-2792
-3238
-3701
-4053
-4302
-4473
-4438
-4094
-3524
-2910
-2363
-1801
-1186
-734
-650
-732
-633
-351
-147
-45
166
489
678
651
651
748
632
131
-497
-945
-1254
-1551
-1806
-1957
-2111
-2428
-2836
-3222
-3795
-5060
-6864
-8157
-8177
-7386
-6608
-5796
-4585
-3314
-2620
-2217
-1256
256
1443
1973
2558
3888
5775
7497
8753
9872
10938
11383
10927
10275
10137
10109
9476
8412
7602
7106
6451
5525
4608
3684
2424
788
-836
-2050
-2753
-3139
-3514
-3910
-4109
-4039
-3833
-3642
-3659
-4035
-4372
-4015
-3022
-2081
-1332
-332
810
1463
1681
2179
2892
2962
2304
1800
1826
1838
1546
1281
1163
849
136
-752
-1453
-1852
-2233
-2841
-3335
-3257
-2784
-2411
-2194
-2016
-2074
-2442
-2773
-2826
-2727
-2531
-2122
-1582
-1129
-704
-136
362
429
186
27
-82
-420
-783
-731
-430
-355
-489
-472
-293
-320
-678
-1151
-1492
-1787
-2243
-2705
-2826
-2593
-2489
-2695
-2889
-3042
-3710
-5054
-6165
-6252
-5744
-5469
-5199
-4216
-2808
-1734
-950
157
1538
2539
2926
3171
3898
5144
6372
7295
8229
9335
10026
9975
9766
9778
9532
8617
7462
6507
5732
5035
4380
3723
3016
2257
1340
295
-610
-1323
-2024
-2754
-3351
-3740
-3880
-3728
-3506
-3402
-3190
-2696
-2275
-2180
-2047
-1651
-1320
-1140
-738
-88
384
667
1082
1501
1563
1306
1009
652
185
-223
-524
-862
-1163
-1250
-1314
-1542
-1688
-1626
-1665
-1880
-1902
-1683
-1476
-1300
-1120
-1135
-1264
-1180
-983
-972
-961
-648
-354
-377
-400
-166
51
-18
-213
-362
-509
-674
-825
-916
-915
-916
-1026
-1141
-1117
-1063
-1169
-1347
-1484
-1701
-1969
-2047
-1999
-2117
-2309
-2272
-2223
-2710
-3702
-4550
-4816
-4729
-4721
-4664
-4097
-3089
-2191
-1524
-568
805
1959
2474
2792
3490
4501
5359
5985
6665
7511
8284
8752
8994
9164
9163
8770
7962
7002
6172
5451
4689
3847
3031
2326
1676
960
177
-535
-1101
-1723
-2533
-3269
-3616
-3678
-3790
-3896
-3735
-3457
-3467
-3662
-3391
-2595
-2122
-2294
-2227
-1393
-582
-382
-137
600
1125
966
712
828
1002
900
534
49
-316
-422
-568
-962
-1205
-1052
-961
-1232
-1432
-1247
-961
-787
-656
-601
-658
-660
-616
-779
-1042
-1007
-767
-750
-859
-627
-127
150
131
127
173
36
-270
-491
-520
-523
-642
-799
-813
-660
-507
-481
-570
-731
-955
-1223
-1506
-1817
-2136
-2387
-2520
-2621
-2882
-3435
-4129
-4584
-4644
-4556
-4517
-4305
-3701
-2907
-2173
-1351
-194
1121
2179
2846
3431
4228
5120
5823
6349
6945
7579
7951
8035
8138
8352
8365
7930
7205
6434
5638
4737
3729
2698
1817
1109
358
-514
-1225
-1620
-1973
-2509
-3069
-3457
-3692
-3834
-3890
-3870
-3781
-3703
-3639
-3353
-2749
-2189
-1897
-1505
-852
-414
-339
-79
532
901
795
737
1010
1221
1078
831
676
475
134
-254
-589
-858
-1033
-1185
-1408
-1565
-1464
-1249
-1090
-852
-477
-185
-28
100
97
-60
-131
-137
-338
-556
-386
-28
67
70
287
468
332
135
71
-45
-313
-598
-888
-1172
-1266
-1194
-1201
-1227
-1069
-887
-937
-1048
-1010
-1009
-1274
-1639
-1851
-1978
-2128
-2268
-2533
-3105
-3667
-3781
-3632
-3611
-3541
-3149
-2630
-2121
-1423
-479
517
1417
2123
2643
3257
4089
4793
5149
5472
5984
6400
6521
6612
6837
6921
6634
6144
5620
5002
4276
3521
2735
1892
1091
368
-347
-993
-1462
-1826
-2213
-2562
-2800
-2955
-3024
-3031
-3043
-3012
-2790
-2446
-2219
-2167
-2151
-1942
-1440
-927
-748
-679
-210
505
848
828
1034
1456
1488
1086
849
923
829
418
-9
-325
-569
-698
-815
-1052
-1181
-1046
-934
-1000
-943
-626
-351
-224
-85
72
160
206
173
-54
-341
-400
-340
-455
-642
-620
-478
-446
-452
-386
-345
-400
-476
-577
-741
-889
-956
-1013
-1069
-1046
-933
-823
-728
-604
-495
-403
-311
-259
-352
-587
-844
-1063
-1333
-1850
-2644
-3406
-3753
-3762
-3794
-3831
-3542
-2953
-2423
-1975
-1287
-367
463
1075
1588
2157
2855
3614
4201
4560
4962
5502
5905
6044
6177
6399
6423
6110
5640
5160
4606
3912
3088
2181
1312
552
-131
-771
-1271
-1568
-1784
-2045
-2293
-2431
-2470
-2488
-2482
-2431
-2300
-2045
-1716
-1427
-1155
-854
-754
-912
-764
-107
242
-100
-160
561
1040
728
572
1038
1245
828
481
455
296
-58
-401
-861
-1338
-1439
-1329
-1557
-1890
-1730
-1268
-1051
-1015
-842
-566
-276
30
193
181
235
324
142
-175
-182
-36
-195
-486
-470
-274
-193
-138
-45
-98
-246
-218
-134
-271
-478
-486
-458
-590
-656
-463
-235
-210
-278
-288
-250
-234
-323
-569
-865
-1109
-1354
-1669
-2044
-2522
-3153
-3728
-4017
-4142
-4303
-4322
-3970
-3416
-2888
-2267
-1352
-278
691
1470
2137
2823
3566
4216
4630
4946
5370
5768
5902
5904
6034
6177
6070
5785
5465
5034
4451
3819
3117
2243
1351
616
-53
-768
-1366
-1706
-1905
-2088
-2201
-2193
-2101
-1957
-1795
-1659
-1528
-1332
-1114
-953
-771
-468
-181
-119
-191
-144
20
-17
-323
-470
-284
-234
-558
-699
-412
-287
-572
-753
-675
-781
-1099
-1265
-1352
-1590
-1752
-1671
-1662
-1770
-1614
-1199
-940
-813
-459
36
375
599
804
922
997
1084
1004
751
631
647
464
118
-53
-74
-187
-318
-332
-374
-478
-428
-303
-419
-675
-690
-550
-574
-684
-694
-679
-686
-597
-467
-459
-485
-396
-315
-393
-562
-736
-930
-1124
-1295
-1557
-2001
-2505
-2916
-3199
-3395
-3471
-3381
-3135
-2754
-2264
-1644
-850
92
988
1696
2309
2979
3642
4159
4535
4838
5081
5223
5280
5289
5291
5300
5259
5086
4785
4438
4044
3533
2921
2281
1627
918
199
-446
-1004
-1469
-1792
-1968
-2084
-2153
-2107
-1955
-1786
-1649
-1498
-1324
-1154
-1025
-929
-805
-659
-555
-508
-437
-361
-484
-921
-1320
-1265
-1056
-1241
-1651
-1689
-1436
-1378
-1416
-1209
-960
-967
-1024
-979
-1010
-1099
-1047
-1039
-1298
-1449
-1158
-750
-614
-519
-191
247
633
910
1041
1110
1285
1432
1317
1112
1045
922
561
220
75
-100
-358
-465
-452
-547
-594
-401
-245
-343
-398
-196
-40
-100
-134
-37
26
62
171
253
252
320
448
420
306
353
439
262
-96
-378
-589
-843
-1123
-1467
-1986
-2575
-2942
-3102
-3295
-3511
-3494
-3225
-2928
-2582
-1989
-1148
-276
494
1168
1832
2582
3329
3872
4187
4478
4783
4930
4918
4932
4983
4918
4747
4569
4318
3928
3508
3116
2600
1926
1301
752
91
-649
-1236
-1637
-1977
-2275
-2485
-2599
-2579
-2421
-2234
-2084
-1885
-1601
-1354
-1190
-1023
-815
-640
-525
-431
-340
-293
-344
-492
-610
-607
-653
-930
-1259
-1367
-1398
-1604
-1844
-1880
-1851
-1932
-1950
-1808
-1685
-1617
-1423
-1163
-996
-828
-520
-237
-117
-6
232
481
643
785
951
1139
1345
1529
1656
1793
1909
1897
1768
1645
1475
1182
870
622
335
10
-149
-152
-224
-343
-258
-18
127
168
292
472
534
496
470
462
414
361
300
170
34
2
13
-72
-219
-296
-347
-507
-759
-1002
-1216
-1461
-1739
-2038
-2385
-2766
-3062
-3220
-3312
-3420
-3483
-3321
-2940
-2488
-2012
-1385
-580
216
890
1521
2214
2876
3351
3656
3903
4127
4284
4340
4312
4262
4210
4119
3928
3642
3343
3055
2730
2332
1849
1318
802
336
-143
-691
-1186
-1524
-1775
-2032
-2214
-2215
-2092
-1951
-1792
-1575
-1286
-978
-744
-601
-469
-293
-157
-127
-129
-97
-77
-125
-198
-275
-386
-527
-758
-1157
-1587
-1841
-2013
-2341
-2711
-2825
-2716
-2601
-2456
-2139
-1717
-1301
-875
-447
-97
225
600
888
953
964
1107
1275
1289
1225
1260
1387
1522
1613
1658
1701
1783
1828
1724
1518
1344
1153
846
491
209
-33
-266
-396
-423
-451
-441
-288
-68
85
223
431
629
723
738
748
735
665
526
340
164
16
-147
-346
-516
-614
-722
-892
-1064
-1190
-1330
-1546
-1799
-2028
-2238
-2456
-2680
-2923
-3179
-3338
-3324
-3235
-3209
-3149
-2841
-2318
-1797
-1308
-677
109
881
1543
2150
2763
3353
3808
4057
4185
4309
4409
4391
4246
4058
3877
3706
3512
3237
2904
2586
2311
1986
1544
1090
711
349
-78
-517
-852
-1094
-1322
-1538
-1671
-1693
-1633
-1551
-1465
-1359
-1190
-985
-826
-724
-645
-560
-488
-444
-477
-581
-672
-701
-790
-1063
-1355
-1464
-1511
-1736
-2032
-2124
-2044
-2002
-1999
-1895
-1669
-1391
-1109
-882
-701
-463
-171
31
104
204
392
561
659
757
892
1049
1228
1373
1430
1460
1558
1646
1605
1488
1407
1340
1196
1002
819
661
519
378
213
65
0
-18
-77
-168
-184
-128
-118
-151
-137
-86
-55
-30
-7
-12
-29
-13
-17
-99
-206
-253
-285
-378
-503
-600
-674
-763
-874
-984
-1085
-1176
-1259
-1359
-1447
-1513
-1584
-1666
-1734
-1804
-1894
-1958
-1937
-1876
-1825
-1718
-1464
-1102
-735
-343
139
705
1268
1776
2249
2715
3158
3500
3709
3844
3938
3933
3802
3620
3424
3177
2867
2563
2268
1934
1599
1299
991
638
296
-4
-313
-653
-973
-1241
-1474
-1678
-1854
-1999
-2060
-2026
-1964
-1906
-1784
-1571
-1347
-1161
-967
-750
-552
-400
-287
-211
-176
-159
-158
-204
-292
-375
-431
-512
-629
-737
-794
-825
-873
-930
-943
-900
-841
-802
-761
-671
-536
-401
-279
-143
39
249
456
636
799
966
1122
1219
1240
1230
1213
1156
1049
924
810
706
599
503
427
356
282
221
170
101
24
-45
-113
-218
-329
-400
-467
-558
-637
-670
-700
-729
-727
-708
-698
-694
-693
-715
-757
-797
-867
-972
-1055
-1106
-1189
-1276
-1300
-1274
-1260
-1247
-1191
-1119
-1037
-905
-737
-604
-449
-202
76
308
565
902
1246
1540
1830
2132
2382
2595
2789
2906
2936
2946
2937
2842
2667
2490
2301
2061
1794
1529
1256
984
747
516
267
43
-125
-288
-477
-648
-785
-917
-1044
-1144
-1219
-1276
-1288
-1251
-1198
-1145
-1060
-944
-836
-756
-688
-625
-580
-556
-550
-559
-580
-595
-614
-652
-699
-728
-757
-795
-832
-856
-860
-859
-841
-788
-708
-606
-473
-305
-125
55
242
412
556
662
727
742
713
660
580
469
359
267
194
145
113
100
104
126
149
152
137
108
56
-33
-153
-280
-411
-544
-678
-785
-849
-883
-891
-875
-828
-753
-666
-594
-553
-507
-455
-437
-470
-508
-507
-494
-497
-487
-430
-319
-179
-37
103
266
464
643
743
805
888
966
975
927
887
886
894
887
872
898
982
1091
1164
1207
1276
1376
1444
1430
1384
1358
1332
1259
1139
1012
910
832
734
610
493
416
365
280
165
67
5
-66
-173
-299
-409
-491
-571
-672
-781
-860
-886
-902
-939
-973
-951
-895
-859
-853
-842
-808
-773
-774
-803
-840
-848
-831
-840
-857
-838
-764
-677
-605
-530
-425
-306
-209
-156
-125
-91
-71
-92
-155
-219
-259
-288
-336
-375
-372
-324
-259
-200
-125
-23
94
186
243
290
324
331
306
254
194
140
91
40
0
-19
-12
5
22
41
59
67
57
20
-30
-91
-169
-262
-343
-405
-450
-493
-504
-469
-403
-323
-235
-128
-2
123
229
314
387
446
481
488
473
455
445
427
415
420
449
504
577
663
756
867
975
1062
1135
1188
1221
1224
1195
1147
1087
1026
953
876
813
769
729
696
669
637
605
560
491
402
300
182
50
-95
-240
-374
-493
-601
-695
-773
-832
-873
-905
-928
-941
-947
-946
-945
-942
-936
-931
-921
-914
-905
-893
-879
-850
-819
-785
-751
-706
-661
-619
-583
-557
-537
-519
-515
-515
-514
-511
-500
-486
-460
-421
-375
-320
-261
-198
-133
-71
-13
39
85
126
162
189
216
245
272
300
328
360
394
424
451
472
487
495
482
458
427
386
335
275
215
165
115
72
42
25
18
20
34
51
77
107
135
164
193
219
241
258
274
287
293
304
306
306
309
317
321
327
338
350
358
366
380
388
381
381
381
369
350
334
326
315
304
306
312
317
331
347
360
366
380
385
370
355
338
306
259
210
156
95
25
-40
-105
-177
-243
-308
-375
-445
-507
-559
-621
-679
-722
-754
-789
-809
-803
-798
-785
-759
-716
-678
-638
-586
-538
-498
-453
-408
-371
-343
-311
-281
-265
-253
-236
-218
-215
-209
-201
-199
-206
-211
-216
-229
-245
-253
-266
-274
-266
-248
-222
-179
-120
-52
17
94
169
231
287
335
367
383
397
415
416
417
433
443
445
459
475
477
475
469
448
416
381
348
300
250
214
176
142
125
117
110
107
124
135
143
161
183
191
201
217
225
228
235
240
231
221
208
187
152
120
79
35
-9
-42
-73
-106
-121
-127
-132
-131
-126
-117
-111
-107
-94
-90
-81
-67
-49
-38
-19
2
16
32
55
69
79
89
93
91
80
59
35
-1
-50
-96
-147
-201
-248
-288
-323
-339
-348
-349
-336
-317
-298
-278
-261
-247
-238
-236
-234
-230
-229
-222
-204
-187
-160
-125
-88
-51
-8
28
62
94
118
136
147
148
145
140
125
112
95
78
72
64
55
53
52
44
39
36
29
24
18
8
8
9
9
12
20
27
32
34
21
10
-4
-32
-58
-89
-126
-153
-176
-192
-198
-193
-181
-160
-134
-103
-73
-51
-36
-25
-25
-29
-33
-40
-43
-38
-25
1
36
72
113
156
189
217
237
243
243
239
229
221
213
211
220
229
243
262
280
295
308
309
309
301
287
273
256
236
219
200
178
159
134
103
73
40
5
-31
-67
-94
-116
-138
-150
-151
-152
-147
-143
-138
-136
-136
-136
-149
-161
-177
-200
-218
-237
-252
-264
-270
-269
-263
-255
-236
-216
-198
-181
-161
-146
-134
-124
-115
-117
-119
-111
-111
-111
-102
-88
-73
-47
-15
17
45
77
107
129
144
156
155
145
139
130
118
104
97
85
75
71
64
43
25
10
-22
-51
-72
-95
-123
-137
-138
-139
-138
-122
-105
-99
-88
-74
-77
-80
-74
-72
-79
-70
-53
-47
-30
10
42
59
86
105
101
93
86
46
-22
-82
-137
-212
-267
-292
-325
-344
-285
-179
-85
31
181
305
402
536
646
656
629
623
578
486
441
410
322
251
270
287
272
300
345
331
309
347
347
268
201
159
71
-31
-75
-129
-228
-283
-285
-306
-333
-312
-294
-311
-295
-240
-213
-212
-186
-163
-169
-163
-139
-155
-199
-224
-245
-292
-333
-349
-380
-415
-416
-395
-384
-363
-329
-299
-272
-225
-174
-145
-120
-85
-55
-34
-6
20
33
47
71
94
109
128
154
169
181
199
215
213
204
203
187
158
131
108
70
35
15
-2
-24
-34
-22
-15
-8
15
43
59
79
116
142
153
168
183
184
175
174
162
131
109
89
62
38
24
15
4
1
15
33
43
55
70
79
78
75
77
61
39
27
17
4
1
13
25
40
72
107
135
162
187
199
197
189
171
142
106
69
29
-12
-45
-73
-92
-111
-125
-133
-140
-151
-162
-177
-194
-215
-236
-255
-273
-284
-290
-288
-281
-260
-235
-208
-178
-153
-130
-114
-102
-93
-84
-81
-78
-73
-68
-65
-55
-46
-42
-39
-37
-34
-35
-32
-30
-19
-14
-6
8
21
37
53
65
79
96
107
119
131
146
158
167
182
194
199
205
211
210
210
200
184
172
155
139
127
116
107
104
101
98
94
86
76
63
44
24
2
-20
-41
-58
-72
-82
-85
-84
-77
-65
-55
-45
-35
-26
-24
-25
-32
-42
-53
-66
-84
-98
-111
-118
-119
-116
-107
-92
-73
-55
-29
-11
4
16
19
21
19
14
4
-1
-9
-15
-17
-17
-22
-20
-18
-13
0
10
27
46
63
85
103
117
126
128
122
112
92
64
35
4
-31
-61
-90
-115
-132
-141
-141
-139
-131
-119
-103
-89
-76
-68
-57
-52
-53
-50
-53
-51
-55
-59
-62
-66
-69
-71
-71
-66
-59
-48
-32
-9
13
39
65
91
120
140
154
162
165
161
153
142
128
117
108
103
99
98
102
105
113
121
127
126
123
118
105
87
65
42
20
-3
-26
-44
-61
-74
-82
-86
-88
-83
-82
-81
-73
-67
-64
-61
-63
-70
-76
-86
-97
-109
-124
-137
-147
-152
-154
-147
-138
-122
-101
-78
-50
-19
10
38
61
74
81
82
82
72
61
50
37
26
23
19
17
20
29
42
53
66
75
83
89
91
93
90
83
74
66
56
45
36
25
14
4
-1
-7
-11
-15
-17
-18
-22
-26
-31
-37
-43
-52
-59
-67
-76
-85
-95
-99
-104
-101
-95
-83
-71
-57
-40
-21
-8
8
23
30
36
36
31
25
14
3
-7
-14
-18
-21
-14
-8
4
19
36
51
65
77
84
83
76
64
51
36
17
-1
-18
-34
-46
-51
-55
-52
-46
-39
-24
-13
0
11
23
30
35
39
42
43
35
30
20
12
5
-7
-15
-22
-28
-33
-34
-31
-25
-18
-7
2
13
20
28
33
34
33
28
20
12
3
-5
-7
-11
-11
-5
1
8
14
21
26
28
30
28
25
17
12
3
0
-9
-16
-17
-13
-9
-5
3
8
13
15
18
19
17
13
5
0
-7
-11
-15
-19
-21
-26
-28
-25
-29
-34
-34
-37
-37
-38
-40
-39
-37
-39
-40
-39
-36
-32
-31
-27
-23
-19
-12
-11
-8
-5
-4
0
4
6
7
7
12
10
9
9
11
10
10
8
7
6
7
11
11
14
18
20
22
23
26
27
26
23
21
20
18
16
19
19
19
18
23
25
24
28
29
27
24
25
21
21
20
18
14
10
9
2
0
-7
-8
-12
-19
-21
-26
-23
-22
-21
-19
-15
-11
-6
-9
-9
-9
-12
-11
-13
-15
-18
-19
-19
-15
-15
-12
-8
-7
-2
-3
0
-1
-3
-6
-7
-8
-10
-9
-8
-9
-8
-3
-1
0
5
8
11
12
12
14
13
8
3
1
-6
-8
-13
-14
-15
-17
-16
-16
-14
-13
-13
-11
-9
-6
-4
-4
-3
-5
-5
-7
-8
-11
-12
-10
-12
-12
-8
-5
-4
0
4
6
9
13
13
15
15
13
16
14
19
24
22
25
23
27
29
29
30
25
27
25
20
20
22
20
21
24
23
21
20
16
12
8
4
-3
-4
-8
-9
-12
-14
-10
-7
-7
-5
-6
-8
-13
-19
-19
-21
-22
-23
-21
-21
-18
-13
-10
-8
-9
-9
-10
-15
-18
-22
-24
-26
-25
-23
-22
-17
-15
-13
-11
-13
-12
-12
-13
-12
-11
-13
-9
-7
-2
1
3
3
6
8
5
8
6
6
8
9
9
12
14
18
17
17
21
20
21
19
18
15
12
11
10
9
5
4
2
0
0
1
4
2
3
2
2
1
2
5
4
2
-1
-2
-2
-3
-2
-3
-5
-8
-7
-5
-2
0
5
7
7
11
13
11
8
6
5
2
-2
1
1
-1
-4
-4
-5
-7
-6
-7
-7
-7
-5
-8
-6
-7
-5
-5
-2
-1
-3
-2
-3
-3
-1
0
0
-3
-4
-5
-5
-6
-4
-5
-8
-7
-8
-6
-7
-4
-5
-3
-6
-8
-4
-3
1
-3
-5
-9
-8
-5
-2
-2
-1
2
-1
-1
1
4
6
7
7
8
7
4
2
2
4
5
2
1
1
0
1
2
2
5
7
6
6
4
6
7
6
7
6
6
7
8
11
10
9
9
6
6
5
6
6
6
1
3
1
-1
0
1
2
-1
-4
-3
-5
-8
-5
-3
-5
-6
-8
-6
-5
-9
-9
-9
-9
-9
-9
-10
-10
-8
-6
-8
-6
-4
-5
-6
-5
-4
-1
1
-2
-1
-4
-3
-5
-4
-6
-2
-1
-3
-5
-2
-1
-4
1
-2
1
2
0
2
4
4
5
5
2
4
3
3
4
2
3
5
4
7
3
3
6
4
5
5
1
-2
0
-2
-2
2
3
0
-1
-2
-2
-1
4
4
4
7
5
6
1
4
5
4
6
4
1
-2
3
3
4
2
-1
1
-2
0
1
2
2
-2
-1
-1
-1
0
0
1
-3
-1
-1
-3
-3
-4
-1
2
-3
0
-1
-3
-1
-3
-1
-1
-4
-3
0
-2
-3
-2
-2
-1
-3
-3
-5
-4
-5
-2
-2
-4
-3
-7
-4
-7
-8
-4
-2
-3
-3
-5
-3
-4
-4
0
0
-1
-3
0
1
-1
3
1
3
3
3
3
5
4
6
8
6
5
4
5
4
3
4
2
0
2
2
0
1
1
0
1
3
2
3
3
2
0
2
1
2
1
-2
-1
-3
-1
0
-1
-1
2
2
1
-2
-1
-1
-3
-3
-1
0
-2
0
0
2
2
1
-3
-5
-3
-3
-3
0
0
3
3
1
3
4
2
5
2
1
-1
-1
1
0
2
-1
-3
-1
-3
-4
-4
0
-2
-1
-1
-4
-2
-3
-2
-3
-2
-1
0
-1
1
0
-1
-1
-1
-1
-3
-2
-1
0
-2
0
-1
0
-1
1
0
-4
-2
0
-3
-1
-3
-1
-2
-1
1
-3
-2
-2
1
2
0
4
1
3
3
4
5
5
5
8
7
2
1
3
3
1
2
0
-1
-1
0
1
0
1
1
1
0
2
0
1
0
-2
-5
-4
0
-1
-1
-2
-4
-2
-1
-3
-3
-2
1
0
-2
-2
-1
-1
-3
-4
-2
-2
-2
-4
-1
-4
-3
-1
-2
-2
-4
0
0
-1
2
1
1
2
2
3
2
4
6
0
3
3
4
5
2
3
2
0
2
3
2
0
2
0
0
1
-1
-3
-3
-4
-2
-3
-3
-2
-1
-1
-2
0
0
2
1
0
-1
1
2
5
2
4
2
2
2
-2
1
-1
-2
-2
-1
-3
-4
-5
-3
-4
-4
-5
-3
-2
-2
-1
-2
-2
1
-1
0
-2
0
1
1
3
2
5
1
1
1
-1
2
1
3
0
-2
-2
-2
-1
-3
0
1
-2
-2
-1
1
-1
-2
1
-2
-2
1
-2
2
0
0
3
0
2
-1
0
2
0
3
3
3
1
-1
2
1
2
3
3
2
2
3
0
-1
-2
1
0
-1
2
0
2
4
2
3
0
1
1
1
2
0
1
-1
-2
0
1
0
-1
-1
-1
2
1
2
2
-2
-2
-1
-2
1
0
-2
-2
-4
-1
-1
-2
-4
-4
-3
-3
-2
-3
-4
-3
-2
-3
-1
-2
-1
0
-3
-5
-2
1
0
-1
-3
-1
-2
-2
-2
1
2
1
0
0
1
0
2
0
2
2
4
1
1
3
2
1
2
2
3
4
1
3
3
3
1
1
2
2
1
3
1
1
-1
-1
2
-1
-2
0
2
2
0
0
-1
-2
-1
-4
-3
-1
0
-1
-1
1
0
2
2
2
-1
-1
2
0
-2
0
2
-1
2
0
-2
-1
0
1
-1
0
-2
-3
-3
-3
0
2
-1
-1
1
0
0
2
0
1
-1
-1
-1
-3
1
-2
-2
-1
-1
-2
1
-1
-2
-4
-3
-6
-2
-3
-2
-1
-1
2
2
1
1
1
-1
-1
-2
0
0
0
-2
1
1
2
2
-2
-1
2
2
0
0
3
3
1
1
1
0
2
-1
-1
0
-2
1
0
5
0
2
4
0
1
1
3
5
4
5
4
3
5
3
2
2
1
4
4
2
1
1
2
4
-2
-2
-4
0
-1
-2
-3
-4
0
1
0
-4
-3
-5
-1
1
0
-1
-2
-2
-1
-3
-2
-2
-3
-3
-3
-3
-2
-2
-1
-3
-2
-1
0
-1
-3
-2
-3
-4
0
-4
-4
-1
-2
-2
-3
-2
1
0
1
2
1
1
1
1
-3
-1
-1
0
1
3
4
3
2
1
1
1
3
0
0
3
2
3
2
1
2
2
0
3
2
1
-3
-1
-1
-1
-1
-3
2
3
4
2
1
3
4
3
3
1
4
1
3
4
1
3
4
6
3
0
-1
-2
-1
2
1
2
0
-1
-1
0
3
1
0
-2
-1
-2
2
0
1
0
0
2
0
0
-2
-2
-2
-5
-4
-3
-3
0
-2
-4
-4
-6
-4
-4
-6
-4
-6
-6
-3
-2
1
0
-4
-4
-2
-4
-1
0
-2
-1
1
2
0
0
-1
0
2
0
0
1
1
3
0
5
4
0
0
-1
1
0
0
0
2
0
2
0
0
2
2
4
3
2
4
1
6
6
5
4
4
4
2
5
4
6
4
3
2
1
0
4
3
2
2
2
0
-4
0
-2
-3
-1
-2
-2
-4
-2
-3
0
-1
-2
-4
-2
-3
-1
-2
-1
-1
0
0
-1
2
-2
-1
0
-3
0
3
0
-1
-2
-2
1
-3
-1
-2
-2
-3
-3
-3
-3
-1
-3
-1
-1
0
-1
-1
-1
-5
-1
-4
-4
-2
-1
0
3
2
3
3
1
3
2
1
2
1
0
-1
-2
-2
0
0
-2
-1
1
1
1
1
-1
-2
-1
-2
-2
0
2
4
3
5
2
1
-1
-1
0
0
3
1
0
4
4
2
2
4
1
1
1
-1
2
1
-1
0
1
1
2
1
0
2
1
0
1
1
-4
-3
-2
0
-1
1
1
1
1
-1
2
-1
-3
2
-2
1
2
-1
-1
-1
-2
-2
-1
1
-1
-2
0
0
-1
-1
1
-3
-2
-2
-1
-2
-1
0
1
-2
-4
0
-1
1
0
0
-1
-1
-2
0
2
-1
-2
-2
1
2
0
-2
-2
-1
1
-1
2
1
0
1
0
0
0
2
0
-2
0
-1
-1
0
-2
-2
-2
-3
0
1
3
1
0
4
1
1
3
1
0
2
2
2
2
1
2
1
6
4
1
1
0
2
0
2
3
3
4
1
-1
0
-1
0
-1
-1
-2
-3
-1
-2
-2
-3
-1
0
-3
-2
-2
0
-2
0
-1
-1
2
1
-1
2
-1
0
1
1
1
0
0
0
-3
1
1
2
3
0
1
0
-1
-2
-1
1
1
0
-1
-1
0
-2
-1
-2
-3
-1
-3
0
-1
0
-2
-1
-1
0
4
3
2
1
0
1
-3
-2
-1
-3
-2
1
-1
-1
-1
-2
-4
1
1
0
-3
-2
-1
0
1
1
2
1
-1
-2
-2
1
3
2
0
2
5
4
1
1
4
2
2
2
3
3
3
1
1
-1
0
2
2
-1
-1
-1
-3
-1
-1
-1
-2
-1
-1
0
-1
-1
4
3
2
1
1
2
-1
-1
0
-1
1
1
-1
1
-2
-2
-5
-4
-2
0
1
-2
-4
-3
-4
-3
-3
-1
1
1
0
1
2
2
2
0
1
1
2
1
0
0
-1
2
2
4
1
0
0
4
2
0
0
-1
-2
-2
-1
0
-1
-1
1
-1
1
2
1
2
-1
-1
-4
-1
-2
0
0
1
-2
3
2
-1
1
0
1
1
0
-1
3
4
0
-2
-1
0
0
1
0
-1
-2
0
-1
1
-1
-3
2
-1
-1
0
-1
1
0
-1
-1
0
0
1
-1
-1
1
2
-1
-1
-2
-2
0
1
0
-3
-1
0
-3
-1
-1
-2
0
-2
0
0
-2
0
0
2
1
-1
1
0
0
2
1
2
2
1
4
5
1
1
1
0
0
-1
1
1
3
4
3
3
-2
0
-2
-2
0
0
-2
-2
-3
-1
1
-1
1
0
-1
-1
-1
-2
-1
0
0
0
-2
0
0
0
-1
0
1
0
-1
-2
-3
-1
0
-2
-2
-1
0
0
1
-2
-1
-1
-1
0
3
0
0
1
2
1
2
2
0
2
3
1
1
0
-2
-2
-4
-1
-3
-2
0
1
1
0
-1
-1
-2
-3
0
0
1
1
1
1
-1
-2
-2
1
1
3
3
0
2
3
3
1
2
1
0
2
1
3
-1
0
0
0
0
-1
-1
2
1
-1
-1
1
0
-2
0
-2
0
0
0
-2
0
1
-2
-1
0
2
0
1
1
2
1
0
-2
-3
-5
-3
0
-2
2
2
1
-1
-2
-2
-1
-1
-3
-1
0
-1
-2
-2
-2
0
1
-2
1
2
0
-1
2
1
-3
-1
-2
-3
0
1
2
2
2
3
0
1
0
0
-2
-1
2
2
2
-1
2
0
1
2
3
2
1
4
3
2
-1
2
2
2
5
4
3
2
0
0
-2
-4
-1
-2
-3
0
-1
-1
-1
-1
2
0
0
-1
0
-3
-1
0
0
1
1
2
2
0
0
1
-1
-1
-1
1
-2
-1
0
-3
-2
-2
-2
-2
-3
0
1
-2
0
-1
-1
0
-2
-1
-2
1
-1
0
-2
-1
-1
0
-1
2
0
1
-2
-2
-1
1
3
1
0
-2
-1
-5
-1
0
0
3
0
3
0
0
1
0
1
2
-1
0
0
0
-1
0
2
2
2
0
0
0
1
-1
0
2
2
-1
-1
4
1
1
2
1
2
1
-1
1
0
-1
-1
-2
1
1
0
3
2
0
0
1
0
-3
-1
0
-1
0
0
1
-4
0
1
1
1
-1
1
1
2
2
2
-1
-2
-2
-1
0
0
0
1
0
2
1
0
0
-1
0
0
0
2
1
-1
-2
-1
-2
-2
-2
-2
-6
-2
-3
-3
-2
-3
-2
-3
-2
0
0
-1
-1
1
1
-1
0
1
-1
-2
0
-2
-1
-1
-1
0
-1
1
1
0
5
2
0
3
1
2
-1
3
4
5
2
1
4
2
1
3
2
3
3
1
3
2
0
0
3
4
4
1
3
1
1
3
3
1
4
0
-3
1
0
-3
-4
-2
0
-2
-2
0
-2
-1
0
0
-1
-2
-3
0
3
3
0
-3
-1
-3
-2
-2
1
1
0
0
-3
-2
-1
-2
-1
-1
-2
-3
-2
0
-1
0
3
3
1
3
2
-1
1
1
2
0
-3
0
0
-1
0
1
0
0
1
2
3
-1
0
-2
0
0
0
-3
-2
-2
-3
-2
-2
-2
-1
0
-1
0
1
1
1
1
0
1
0
2
1
1
1
0
0
0
-2
1
0
3
6
1
2
1
2
1
0
1
1
1
4
3
2
2
4
4
2
5
4
4
-1
-1
1
1
-2
0
0
-2
0
-1
-2
-2
-1
-1
-4
-3
-3
-1
-1
-4
-3
-1
-1
-1
2
-1
-1
1
-1
0
-1
-1
-2
-2
-3
-1
-2
-1
-3
-2
2
-1
-2
1
2
1
3
2
3
3
0
0
0
-1
-2
-1
1
0
0
0
0
0
-3
-1
-1
-2
-1
-2
-1
-2
2
0
0
1
-4
-1
2
2
2
2
2
3
5
5
3
1
2
4
3
1
0
-3
-3
-2
0
1
3
1
-1
2
-2
2
3
1
1
-1
-1
-1
2
1
0
1
1
1
2
-1
0
0
0
-1
0
-1
-2
-1
0
0
3
1
-2
-3
-3
-2
-4
-3
0
1
-1
-1
3
1
1
-1
-4
-1
-2
-2
-2
-2
1
-2
-1
0
0
2
-1
0
-1
-3
-3
-3
-1
0
-3
0
-3
1
0
-3
2
-2
3
2
3
4
0
0
-2
1
3
3
3
2
2
3
2
3
2
4
4
2
2
1
-1
1
-1
1
1
2
-1
-1
1
2
0
0
-2
-4
-2
-2
-1
0
-1
1
0
-2
-2
-1
-3
-4
-2
-1
0
0
-1
-2
0
-3
-1
-3
-3
1
2
1
1
2
0
0
-1
0
0
2
0
1
1
1
1
1
1
2
1
0
2
0
2
-1
-3
-1
-1
-2
-1
1
-1
1
1
0
3
2
3
2
2
1
2
2
2
3
0
-3
-1
0
2
0
0
0
-2
-2
-1
3
0
-1
-1
-1
2
0
2
-2
0
2
-4
-4
-1
-2
0
-1
0
0
-2
-2
-3
-2
-2
1
1
-1
3
1
-2
-1
0
0
-1
-3
-5
-3
-2
1
-1
0
0
2
1
-1
1
0
1
-1
-3
-4
0
3
1
1
2
0
4
2
1
4
3
6
4
2
5
4
4
2
-1
4
1
1
1
2
-1
-2
2
0
0
0
1
0
-1
0
-2
-3
-1
-2
-1
-3
-1
-2
-1
-2
0
1
0
-2
0
1
0
2
3
0
-1
0
-4
-2
-5
-5
-3
-5
-3
-1
-1
-2
-1
-2
0
-1
3
3
1
2
1
-1
0
1
1
0
2
1
0
-1
0
1
1
2
1
2
0
1
-1
0
0
-1
-1
1
0
-2
2
-1
-2
1
-1
-2
1
-1
3
4
2
1
0
-2
-1
1
0
-1
-1
1
0
2
1
2
1
-2
-1
0
-1
-2
-2
-2
-2
-3
-1
-1
-2
-2
-1
0
1
4
2
4
1
1
1
-2
-2
-1
0
-2
0
1
1
2
1
0
2
3
0
-2
1
0
2
3
1
-1
0
0
1
3
-1
0
-1
-1
3
1
1
2
0
1
1
-2
1
0
-1
-1
-1
-1
1
-1
0
2
1
0
1
-1
2
0
0
2
-2
-2
1
1
0
-1
2
2
1
-1
-2
-1
-3
-2
-3
-1
-1
-3
-4
-4
-2
-1
0
-2
-4
-2
-2
-5
-2
-3
-3
-2
-2
0
-2
2
3
2
2
-1
0
-1
1
0
1
1
1
4
4
4
1
1
3
2
4
0
1
2
3
4
3
4
2
3
3
2
3
0
1
1
2
1
1
2
-1
-1
0
-1
2
1
0
-1
1
1
-5
-1
0
1
0
0
-2
0
-1
3
-2
-4
-3
-2
0
0
-2
-4
-2
-3
-1
0
-2
-2
-3
-2
-1
-2
-3
-2
1
-1
-1
-2
-2
1
0
-1
0
-2
0
0
0
0
1
1
2
0
0
-2
-1
1
0
0
-2
-1
-1
0
0
0
-1
-3
1
1
2
0
-1
0
0
0
2
4
1
5
4
3
1
-1
0
-2
2
2
1
2
2
2
1
0
2
3
2
1
2
4
1
2
2
1
0
2
-2
-1
-1
-3
-1
0
-1
-3
-2
-1
0
-2
-1
0
-1
-2
-1
-3
-1
0
-1
-2
-3
-4
0
-2
-2
-2
-4
-2
1
0
1
1
-1
-1
0
1
-1
-3
0
-3
1
1
-4
-1
-1
0
0
1
0
-1
1
2
3
2
0
-2
0
1
2
4
3
1
2
1
3
3
1
2
-1
-1
0
0
-2
-2
0
1
1
2
2
1
-3
2
2
1
1
0
3
0
-2
2
2
0
-1
-3
-2
-2
-2
-1
0
-2
0
2
1
0
-1
-3
-4
1
0
1
-2
-1
2
1
-1
-1
2
0
-2
-1
1
1
0
-1
-1
-4
-3
-2
-1
-1
-3
-1
1
2
0
1
2
0
1
-1
2
2
-1
2
0
-1
1
0
2
2
-1
2
0
1
1
-1
-2
-4
0
-1
-2
-1
2
0
-1
2
-1
-2
0
1
0
1
0
0
1
2
-1
1
1
-1
0
-1
1
-1
1
2
3
2
2
1
-1
0
-2
2
2
1
3
-1
-3
-1
-4
-2
0
1
-4
-2
0
-2
-2
-2
-3
-2
-1
-3
0
0
3
1
-1
3
2
-1
-2
0
-1
-2
3
1
-1
-2
-1
-3
0
0
0
2
3
3
1
-2
-2
2
-1
-1
0
1
2
0
0
-1
0
4
3
3
2
1
1
-1
-2
1
2
2
0
0
1
1
-1
-3
0
-2
-2
1
1
1
0
-1
-3
-5
-2
-1
0
0
-1
2
1
-1
2
1
0
0
-1
-2
-1
-2
-4
-4
0
0
1
2
0
0
1
-2
2
-1
1
-1
-5
-3
-2
1
2
0
0
1
-2
0
3
2
-2
0
1
1
-1
-1
0
1
0
-1
0
3
3
1
1
0
0
1
2
2
1
0
4
0
0
0
1
0
0
1
2
0
-2
-2
-2
2
1
2
1
0
1
2
0
0
-4
-2
-2
-3
-1
1
1
0
-2
-1
0
-1
0
0
-1
1
-1
2
2
0
-2
-2
-2
-2
0
-3
-4
-3
-2
-2
-2
-1
2
-2
-2
-3
0
1
0
2
2
3
1
2
1
0
0
-1
0
1
0
-2
-1
-1
1
-1
1
-1
0
1
1
0
1
0
1
1
2
0
2
4
2
2
1
0
0
0
1
3
3
2
3
0
-2
0
-2
-2
1
-1
-2
-3
1
-2
1
2
1
0
0
0
0
-1
-1
-2
-2
-2
-1
0
-4
-1
1
-1
-1
0
-3
1
0
-2
-3
-4
-3
-1
1
-4
-2
0
2
0
2
4
3
0
3
2
1
2
-1
0
0
2
3
1
2
2
2
0
1
0
1
0
1
1
1
2
0
-1
1
-2
0
-1
-1
1
0
1
-1
1
1
1
1
-1
-3
-2
-2
-1
-1
-1
0
1
0
-1
-2
-2
-3
-1
1
-1
0
-2
-4
-2
-2
0
0
1
-1
1
2
2
3
0
3
1
-2
1
-1
-2
1
1
0
1
0
0
-1
2
-1
-2
0
-3
-3
0
2
-3
-5
-1
1
2
2
-2
0
0
-1
5
2
0
3
0
-1
1
4
3
1
-1
5
2
3
3
1
-1
-2
-2
0
-1
-2
1
1
2
2
0
0
-3
-1
2
2
1
0
0
1
2
1
-2
-2
1
-1
-2
-3
-2
-4
-2
-3
-1
-1
-4
-1
-1
-1
-2
-1
-2
-3
0
1
0
0
-2
1
0
1
2
0
1
4
4
2
2
3
0
0
1
0
0
-4
-1
-2
0
0
1
0
-2
-2
-1
2
-1
-1
2
1
0
-2
-2
-1
-1
0
-3
0
-2
3
3
1
1
-2
0
-1
0
-1
-1
1
2
3
4
3
1
-2
0
-1
0
2
1
2
0
1
1
0
-2
1
0
1
2
0
4
1
4
2
-1
1
-1
1
0
-2
-1
0
1
0
1
1
1
1
1
0
-1
1
1
-3
-1
-2
-2
-1
0
-2
-3
-5
-2
-4
-3
-3
0
-1
-2
-1
-2
1
-2
-1
1
2
0
-1
1
-2
-1
0
-1
-1
-1
-1
-2
0
0
3
4
3
0
0
2
1
2
0
4
3
1
-1
0
1
1
0
2
1
1
1
-2
-3
0
1
4
1
0
2
-1
0
2
-1
0
3
2
1
0
0
1
0
0
-2
-2
-3
-1
0
-1
2
2
1
1
1
1
-2
-1
-1
-1
0
-2
0
-1
2
-4
-2
1
0
-1
-2
-1
-1
0
-1
2
1
-1
3
3
3
2
2
0
1
2
1
1
2
2
2
-1
0
-1
-2
-1
-3
0
-1
-2
-1
0
0
-2
-2
0
0
-1
-1
0
-1
-1
-1
1
-2
2
-1
0
-1
-1
-2
-3
0
1
2
0
2
0
-1
1
0
-1
0
0
2
2
-1
2
3
5
2
0
0
-2
-2
-1
-1
0
2
1
1
2
0
-1
-2
2
1
0
3
0
0
1
-2
1
0
0
0
1
0
-1
1
2
4
2
0
-3
-2
1
1
-3
-1
-2
0
-1
-2
0
-1
1
0
0
2
1
2
0
-2
-2
-1
-1
3
1
2
-3
-1
-1
0
-1
-2
-2
-2
0
-2
0
0
4
0
2
1
3
4
3
0
-2
1
-1
0
1
2
0
-1
-2
1
1
-1
-3
-3
-1
0
0
0
-1
2
1
0
2
-1
0
-5
-2
0
-2
-1
0
-1
-1
0
-1
3
1
-1
1
0
0
-1
-1
1
0
0
-1
-4
1
1
4
3
2
2
-1
-2
-1
3
-1
0
-1
2
0
0
1
2
0
-1
-1
1
1
1
1
1
4
1
0
0
0
-1
-2
0
1
-2
-2
-1
1
2
4
2
2
0
0
1
-1
-1
1
-2
-4
-3
-4
0
1
0
-2
-1
2
1
0
-1
1
-3
1
0
-1
0
3
1
1
1
-2
1
-1
1
3
-2
0
-1
0
-1
0
0
1
0
-2
0
-1
-2
-1
0
3
2
0
-2
-4
-2
0
-2
-2
-2
-1
-2
-4
-1
-2
-1
-1
0
-1
2
4
-1
1
2
-1
1
3
3
1
3
4
1
1
3
5
2
1
1
2
1
0
2
2
1
-2
1
2
3
0
1
0
-3
0
1
-1
0
-3
-2
0
-1
1
-1
0
2
0
0
2
-2
-3
0
-1
1
-1
-2
1
2
-1
-3
-1
-1
-2
-2
-2
1
1
3
4
2
-2
-1
0
-1
-1
-3
2
0
0
0
-1
0
-3
-3
-1
-1
-1
0
-1
-1
-1
1
1
0
-2
-2
-1
0
3
1
1
-1
0
0
-3
-1
0
1
-1
-1
-1
1
2
4
1
1
-1
0
1
1
2
2
1
0
1
2
2
1
0
-1
-4
1
2
2
3
-2
-1
-1
0
0
-1
-1
-1
-1
-2
2
-1
1
2
1
0
0
-1
-1
0
-1
1
-2
1
0
1
1
2
0
-1
1
2
2
1
-1
1
2
4
2
-2
-3
0
2
1
-1
2
0
-1
-2
-3
0
-3
-2
-4
-4
-2
-1
-1
1
0
0
2
1
-2
-3
-3
-2
-3
-1
-2
-2
-2
-1
1
0
1
0
-1
1
0
0
4
2
3
0
-1
0
1
1
4
3
3
1
1
-2
-1
1
2
2
0
-2
-1
2
3
3
4
1
2
1
-2
2
-2
0
-1
2
2
0
-1
-3
-2
-1
2
3
2
1
1
0
0
0
1
0
0
-2
-3
-4
-2
-2
-1
-1
0
-1
-1
0
-1
-2
1
0
0
0
-2
-1
-2
-2
-1
0
0
1
0
0
0
-2
2
1
1
-1
0
-1
-1
-1
0
2
2
0
1
0
0
1
1
0
-2
0
2
2
1
-1
-1
0
-1
-3
0
-1
-1
-2
-1
-2
1
0
0
5
3
3
2
1
-2
0
2
1
1
-1
0
-1
-1
-1
1
1
2
1
0
0
1
1
-1
-2
0
0
0
3
3
2
0
0
-1
0
-2
-2
-3
-2
0
1
-1
0
-1
0
2
1
1
2
-1
1
0
-6
-4
-3
0
-2
-2
0
0
0
0
-2
0
-1
-1
-1
-1
0
1
-1
-1
-1
1
4
-1
0
-2
-1
-1
-1
-2
1
0
1
0
0
1
1
1
1
0
0
-1
1
1
1
1
1
0
1
2
1
3
1
1
4
1
0
1
1
1
0
-1
-1
-2
-1
-1
-1
-3
-1
1
0
0
-1
-2
0
0
2
-2
-1
2
1
2
1
0
-1
-1
-1
0
-1
-2
0
-1
0
0
-2
1
0
-2
2
1
2
0
-1
2
1
1
0
1
-1
-1
-1
-1
-1
-1
1
-1
-1
1
0
-3
-2
-2
-3
0
-2
-4
-2
-4
-2
-2
-4
-3
-1
-2
0
3
-1
0
2
2
2
0
0
-2
-2
1
3
2
3
5
2
3
3
3
3
1
0
1
2
2
1
0
1
1
-1
1
-1
0
-1
1
0
1
2
-2
0
1
1
-1
1
0
0
0
0
-2
-3
-1
-1
-2
-1
0
0
1
-2
-2
-3
-3
-3
-2
1
3
0
1
1
-1
-1
0
-1
-2
-1
1
-1
-1
-1
0
0
-2
-2
-1
1
-1
-1
-1
0
1
0
-1
0
1
-1
0
1
1
2
0
-1
0
-3
-1
-1
-1
-1
0
-1
-1
0
1
3
1
0
-1
-2
2
1
1
0
2
2
1
2
0
-2
0
0
1
2
-1
1
1
0
-1
2
2
1
-1
-1
1
-1
-1
-2
-2
0
2
2
5
1
3
0
0
1
-2
2
3
2
-1
0
-2
0
-1
-1
1
1
-2
-1
3
1
1
-1
-3
-1
-1
-3
0
0
-1
0
0
0
-2
0
0
-3
0
0
1
-1
1
-2
-5
-1
-3
0
-2
-2
1
1
-1
0
1
-1
-2
-2
1
-1
2
1
0
-2
-1
0
-1
0
1
3
4
4
4
4
3
2
1
2
3
2
-1
-2
-1
-1
-1
-1
1
1
0
1
3
1
3
0
-2
-1
-1
0
-1
0
-1
2
0
-2
-2
-1
-2
1
-1
0
0
0
-1
-1
1
0
0
-1
1
0
-1
0
2
0
1
-1
0
0
1
0
1
1
1
1
1
0
-3
-1
0
2
-2
-2
0
-2
0
1
-1
0
0
1
1
1
1
2
0
-2
0
1
0
-2
-3
-4
-5
-5
-3
1
-1
-1
0
0
1
0
0
0
-1
-1
0
3
4
1
1
0
3
1
0
2
3
2
-1
-2
1
0
1
-1
1
0
3
2
0
-1
-2
0
0
2
-1
0
0
0
0
0
0
-1
1
0
1
2
1
1
2
1
1
0
2
0
1
4
1
1
2
0
0
3
0
-3
-2
0
0
0
1
-3
-3
0
0
0
1
0
-1
-3
-2
0
1
1
-1
-2
-1
-3
-2
-4
-1
-2
-3
-2
-5
0
-1
-3
-2
-3
-2
0
-2
-1
-2
0
-1
0
3
-1
1
2
-1
1
1
-1
0
1
2
3
1
4
0
0
1
1
2
1
4
2
3
0
1
1
2
2
-3
0
1
0
1
1
1
2
3
1
1
0
-1
-1
1
3
0
0
-1
2
-2
-1
0
0
0
-2
-1
0
0
-2
-2
0
-2
-1
0
-1
0
0
1
0
-1
2
0
2
1
3
0
0
1
2
-1
1
2
-1
0
1
1
3
2
-2
1
-1
-2
-3
-3
-3
-1
-1
-4
-3
-1
-1
-3
-2
-2
-1
-5
-2
-1
0
-1
-3
0
-1
-2
-4
-2
-2
-3
-1
2
1
3
4
1
1
3
3
1
3
1
3
3
4
4
4
0
1
2
1
1
4
5
2
2
1
4
-2
2
1
-1
0
1
1
1
2
1
3
2
-1
1
2
-1
-2
0
-1
0
-1
-3
0
1
-2
-1
-3
-4
-7
-4
-2
-4
-2
0
-2
-3
0
-1
-1
-1
-1
1
-3
1
1
1
1
0
1
-1
1
2
0
-1
0
1
1
1
1
2
-1
1
0
-1
-1
2
1
2
1
4
0
-1
0
1
1
2
0
0
2
0
1
0
0
2
1
0
-1
-1
0
-2
-2
1
0
1
1
0
0
0
0
0
1
2
-2
0
2
-1
2
-2
-1
0
-2
-1
1
0
0
-1
-4
-2
0
-3
-1
-1
-2
1
2
3
3
-1
1
0
2
3
-2
-1
-4
-2
0
0
-1
1
1
2
2
0
0
0
2
1
-1
1
1
0
0
0
0
-1
-2
-1
2
1
0
0
3
0
-2
0
1
2
2
1
2
0
-1
1
1
-1
-1
-2
-1
0
-1
-1
-2
-1
-3
0
1
1
1
2
0
-1
2
0
0
0
-1
0
-2
-1
-2
0
1
0
-1
-3
-1
1
-2
-1
0
-3
-1
-2
0
2
4
1
0
0
2
-2
0
0
-4
-2
-1
-1
-3
2
3
3
3
3
3
3
-1
0
1
-1
-1
2
3
1
-1
-3
-3
-1
-2
0
1
0
0
0
1
1
0
1
1
1
-2
2
1
-2
3
0
1
3
-1
2
3
1
2
0
-1
0
1
-3
0
0
3
0
-1
0
-1
-1
1
4
-2
-1
-1
-3
-2
-2
-1
0
-2
-1
0
-2
1
-3
-2
-1
-1
1
0
1
0
-1
1
0
-2
-1
1
-1
-1
0
-2
-3
-1
0
-1
1
2
-1
-1
-1
0
0
-1
-1
0
0
3
0
0
1
2
2
-1
-1
0
0
0
-2
0
3
2
2
2
2
0
2
1
-2
-1
-2
2
0
1
0
-3
0
0
1
0
-1
0
1
-1
0
3
-1
2
1
2
-1
1
1
-1
2
-1
0
2
0
-1
-1
0
0
0
0
1
0
-1
0
3
-1
1
0
-1
2
-2
2
1
1
0
1
0
2
0
-1
-2
-4
-1
-2
3
2
2
1
-1
-1
-1
-1
2
-1
-1
0
1
1
0
1
0
0
-2
-2
-4
-3
-1
-2
0
-2
-1
0
1
1
-1
-1
1
0
-5
-3
-1
-2
-1
0
1
1
1
-1
0
1
-1
0
-2
1
-2
-1
3
-2
-3
-1
1
2
4
3
4
2
1
0
2
3
2
1
1
0
2
4
2
4
0
0
1
1
1
1
-1
-1
2
1
0
-1
-1
-3
-1
-3
-3
-2
0
-1
-1
-3
-1
-2
-1
-1
1
-3
-2
-2
-1
1
-1
0
3
3
2
2
1
2
0
0
0
-1
-1
-2
-1
1
1
-1
0
-1
2
2
-2
-3
-2
3
0
3
0
0
0
1
4
1
1
0
0
-3
-3
-1
2
1
-3
-3
-2
-4
-1
-2
1
4
1
2
0
0
1
-1
1
2
1
0
0
-2
0
1
0
-2
0
1
2
-1
1
4
0
1
-2
-1
0
1
2
1
0
-1
-2
0
2
-1
-2
-2
-2
1
2
3
1
0
-1
-1
-2
1
-1
-1
1
-3
0
0
2
0
-1
-2
-2
-1
-3
-3
-3
-2
0
-5
-3
-1
2
1
4
3
2
2
1
2
2
-1
-1
2
2
3
3
0
2
3
2
2
0
-1
-2
0
1
2
2
-1
2
1
0
1
2
0
0
3
2
0
1
-1
-2
-2
-3
1
-2
-1
-1
-2
1
-4
-1
2
-1
-1
-2
-3
-5
-4
-1
-3
-4
0
-1
-2
-1
-1
-1
0
1
-1
1
0
-1
0
-1
2
1
1
2
0
-2
2
-1
1
2
3
3
1
2
2
3
3
4
1
0
0
1
1
0
0
0
2
-1
1
0
1
1
0
0
-2
-2
0
0
0
3
2
0
-2
-1
-2
0
-3
-3
-4
-3
-3
-3
-1
-4
-1
0
2
0
0
-1
-3
-1
-2
-2
-1
2
2
1
2
1
2
1
3
2
1
2
5
4
0
2
3
0
1
0
0
1
-1
-2
-1
2
3
-1
-1
0
-1
1
1
-1
-3
-2
1
0
0
1
-2
1
-1
-3
-2
-1
-2
-1
-4
0
2
2
1
1
2
-1
2
0
2
1
-1
-2
0
0
-3
-1
0
-1
-1
2
1
3
0
4
2
0
1
2
-1
-3
-1
-1
1
-1
0
0
0
1
-1
-2
-2
-2
-2
0
-1
1
1
-1
-2
-4
-1
0
0
-2
-3
0
-1
1
0
-1
0
-2
0
1
0
1
1
-1
-1
2
1
4
2
1
2
0
0
2
2
2
1
-1
3
1
3
1
-2
1
1
0
-1
1
4
1
1
2
1
0
1
2
0
-2
-1
-2
-1
-2
-4
-3
-3
-3
-3
-3
-1
-3
-1
0
0
-1
-1
4
2
3
2
2
0
-1
-1
-2
-2
0
0
-1
2
1
1
0
-1
0
-1
-2
-5
-2
-1
1
1
0
1
2
-1
0
4
1
2
2
3
2
1
-1
-1
0
0
-1
1
3
0
0
-1
2
2
2
1
2
0
1
3
2
-2
-2
1
2
0
-1
0
1
1
-2
-1
-1
0
0
0
-1
-1
-1
0
-1
1
-1
-2
-3
-2
0
-3
-1
2
-1
0
1
-1
0
1
-2
-5
-1
-2
-1
0
0
-1
1
-1
0
0
2
-3
-3
-2
0
2
2
1
-1
1
-1
1
3
3
2
2
4
4
2
2
1
1
2
2
3
-1
1
-1
-1
1
-2
0
0
-1
-3
0
-1
-2
1
1
0
0
1
1
0
1
0
-2
0
-2
-2
-2
-1
2
0
-2
-3
-3
-2
2
1
0
0
2
3
0
0
1
-1
1
-1
-1
2
-1
1
1
-1
2
1
2
3
3
2
2
2
0
0
1
1
0
1
0
-3
0
0
2
4
4
2
1
0
1
0
0
-1
-2
0
-4
-4
-2
-1
-1
-5
-4
-1
0
-1
-3
-4
-5
-2
0
0
0
-1
1
1
2
2
0
0
0
0
-1
1
1
-1
-1
-1
2
-2
-2
3
0
0
0
-1
1
2
1
-2
-2
3
1
0
1
-3
0
1
1
-2
0
0
-1
1
2
3
3
1
4
1
1
-2
-3
1
-1
-1
0
1
0
2
1
3
4
2
3
2
0
-2
0
0
-3
-1
0
-2
-2
-2
1
-1
-2
-3
-1
0
-1
1
0
-1
0
2
1
0
1
4
2
3
-1
1
-1
0
2
0
0
1
-1
-1
0
-2
-2
-2
-3
-1
-1
-1
-3
-1
-1
-1
-2
-3
-1
0
1
0
2
3
1
0
0
0
0
1
2
-1
-1
1
0
-2
-2
-3
-2
-5
1
0
-3
-2
0
-1
-1
-1
-1
2
2
0
3
0
3
1
-1
2
1
2
1
0
1
2
1
2
3
0
0
1
-1
1
1
0
2
2
0
0
0
0
-1
1
2
1
2
0
0
1
1
0
0
-1
0
-1
-3
-4
-3
-2
-2
-2
-2
0
-3
-1
0
0
-3
-1
-2
-1
0
-1
-3
-3
-1
0
-1
-1
0
0
0
1
2
2
4
1
0
0
0
1
0
0
3
2
1
0
2
2
0
0
0
1
1
0
-2
-1
0
1
1
1
2
1
-2
-2
1
1
1
2
0
0
0
-1
1
0
1
0
-1
0
-3
-1
0
0
0
-1
0
0
-1
0
2
0
-1
0
0
0
-1
0
-1
-1
-1
-1
-1
-5
-2
0
-2
-1
0
-1
-3
-1
0
2
1
-1
-1
-1
0
1
3
1
0
1
1
1
1
3
2
0
1
0
0
1
0
2
1
2
2
1
2
3
3
-1
2
1
0
1
-1
3
1
-1
1
0
-1
-1
0
0
-4
-1
-1
-1
-2
-2
-3
-2
1
-1
-1
-1
-1
-4
-3
-2
-1
-1
0
-1
1
1
-1
1
-1
0
0
1
-2
1
0
0
-1
2
-1
-2
1
-3
-1
-2
0
-1
-3
-1
-1
-1
2
0
2
3
1
1
3
3
2
4
3
3
4
-1
-1
0
1
2
3
1
1
1
-1
1
-1
-1
-1
-2
0
2
3
2
1
0
-2
-2
0
-2
1
-1
-2
-4
-3
-3
-3
-2
-1
1
1
-2
-2
0
-1
0
0
0
-1
0
1
-2
1
1
-1
-1
-3
-1
0
0
1
3
0
1
3
1
2
0
0
3
0
0
0
0
1
0
1
1
1
-1
0
4
3
-1
0
2
2
2
-1
1
-1
0
1
-1
-1
2
2
0
-1
-1
0
-1
-2
-2
-2
-1
-1
-2
1
0
-4
1
-1
-1
-4
-3
0
-3
1
0
-2
-1
-2
-1
-1
1
-1
-1
0
1
0
-1
1
3
2
3
3
2
1
2
2
2
2
1
0
2
-2
0
5
3
2
3
2
1
1
-1
-2
-1
0
0
0
0
-1
-1
-2
-2
0
-1
-2
2
1
-2
-2
-3
-3
-3
-2
-1
-1
-2
-4
0
1
-3
2
1
0
-4
-2
1
-1
-2
0
2
0
1
0
1
1
1
2
2
1
3
1
2
-1
0
1
0
0
0
0
1
0
2
2
1
-2
-3
-2
-1
0
0
0
1
3
2
2
1
0
0
-2
0
0
1
-2
-1
-1
-3
0
-1
0
2
2
-2
-1
2
-1
2
0
0
-1
-3
1
3
1
2
1
-1
-1
-3
0
-1
-2
0
-2
-2
-1
0
-1
0
4
1
1
1
0
-1
0
-1
1
1
0
1
-1
0
-3
0
-2
-2
-1
0
0
0
3
2
-2
0
-2
2
2
0
-1
0
1
0
-1
1
0
2
1
2
2
2
1
-2
2
-1
0
-1
-2
0
0
2
2
2
1
0
-1
-1
2
2
-1
1
1
0
2
1
0
2
1
0
1
-1
-1
-1
-2
0
-1
-1
2
-2
1
0
-3
-4
-3
-3
-3
0
1
-1
-3
-1
-2
0
1
1
1
-1
-1
-1
2
0
0
0
1
-1
0
2
1
5
4
2
2
2
3
2
1
1
-1
1
0
2
2
2
2
1
1
-2
-3
-2
-2
-2
1
2
-2
-1
1
0
3
2
0
1
-1
1
2
0
1
-2
1
1
-2
-1
-2
-3
-2
0
-2
-3
-1
-1
-5
-3
-3
-1
1
2
1
-2
-1
-2
0
0
-1
0
3
3
3
4
3
4
2
-2
1
0
1
1
3
1
0
0
1
-1
-3
0
0
-1
0
1
0
1
1
0
-3
-3
-1
-2
-1
0
-1
-1
-4
0
-1
0
1
1
0
-1
-1
-2
-1
1
-3
-3
1
-1
3
-1
-3
-1
3
3
-1
1
0
2
2
-1
1
0
1
2
0
1
2
1
1
-1
-1
2
2
1
0
0
1
-2
-2
0
2
2
2
0
-2
0
1
2
0
0
0
2
2
0
0
1
2
-1
1
-1
0
-2
-3
0
-1
-2
-1
1
-4
-3
3
-2
0
2
-1
3
-1
0
-2
-2
-1
0
0
0
0
1
4
-3
-1
-2
-1
0
-1
-1
-1
0
-3
-2
-3
-2
0
0
1
-3
-1
1
1
1
-1
0
0
2
1
1
2
3
3
-1
1
0
1
0
0
-1
0
2
-1
-1
0
1
1
1
0
-2
0
1
2
1
2
2
-1
-3
-2
0
0
0
3
0
2
0
-1
-1
-1
-1
-2
-2
1
1
2
-1
-2
1
3
2
4
1
-1
1
-3
0
0
-1
-1
0
-2
1
1
1
1
-2
-1
0
-2
0
-1
-3
1
1
1
1
0
4
2
2
-2
-1
-1
0
1
-1
-1
-1
-2
-3
0
0
-1
1
-1
-1
-2
-1
-1
0
-1
1
0
1
-1
-2
1
-2
1
4
2
-2
-2
-2
0
-1
2
0
-1
1
-1
1
0
0
1
2
-1
0
0
-3
-2
1
2
2
1
1
-2
-5
-2
-2
0
0
0
1
4
2
2
1
-1
0
1
2
2
5
2
0
-1
0
2
-1
-1
1
1
1
1
1
1
3
0
-1
3
1
-1
0
2
2
-2
0
0
-2
-1
-2
1
2
-2
1
1
0
-2
0
-2
-1
1
2
0
-1
-1
-1
0
1
0
-2
-2
-1
-3
-2
-1
-1
-4
-3
-1
0
0
-1
-1
-3
-4
2
1
-2
-2
-3
-1
-2
-1
1
-2
1
2
2
3
2
3
0
-2
0
1
3
2
1
3
-1
0
2
0
-1
1
1
-1
1
0
-1
2
2
2
3
-1
1
2
3
2
0
0
0
-2
0
-1
-1
-1
-1
0
-1
-2
-2
-2
0
0
1
0
-2
-1
1
1
0
-1
0
-3
0
1
-1
0
0
1
2
3
2
-1
1
1
0
2
-1
0
2
2
1
3
2
1
0
-1
-2
-2
-4
-2
-3
-4
-2
-2
-1
-1
1
0
-1
0
0
-2
-3
0
0
1
0
0
2
0
-1
2
0
0
0
3
1
1
1
0
0
0
1
2
1
0
1
2
1
1
0
2
-1
0
1
-2
0
-1
0
0
0
1
2
1
-1
0
-1
-3
-1
-2
-3
-1
-4
0
1
-2
0
0
1
1
2
2
0
0
1
-1
-1
-3
-4
-1
-1
0
-2
-3
-1
-3
1
1
-2
1
-2
0
1
2
1
2
4
2
0
1
2
4
3
2
3
1
1
0
3
1
0
-1
0
1
0
3
-1
-1
-1
1
0
0
1
1
0
2
1
2
4
1
1
0
-2
-2
-3
-4
-5
-4
-1
-4
-3
-2
-1
-2
-2
1
0
-1
-3
0
1
3
1
1
-1
-2
-1
-2
1
1
4
1
2
3
-1
0
1
2
2
1
1
4
2
1
2
0
-1
2
-1
-4
-3
0
-1
1
3
3
0
-3
0
0
-4
-5
-1
-1
0
3
2
-3
-5
3
1
-6
-4
-3
-6
1
12
3
1
2
-1
-2
2
1
-7
-1
3
3
12
9
2
1
3
-1
0
2
-5
-5
-1
1
-2
0
2
-1
-1
5
9
-1
-3
3
-2
-2
4
0
-4
0
-3
-2
-2
-2
-4
-2
-3
-3
4
1
-5
-2
-2
-12
-11
1
-1
-5
6
4
-10
-2
4
-7
-8
-1
1
-3
-2
12
23
20
24
31
10
-15
-15
-18
-55
-66
-48
-30
30
107
118
91
49
-21
-58
-70
-111
-140
-70
-8
22
199
290
105
-7
-30
-170
-196
-83
-134
-175
68
240
129
213
334
-45
-312
-124
-85
-240
-188
-13
104
197
232
231
176
-35
-212
-208
-171
-140
-158
-103
211
335
165
217
148
-167
-191
-159
-227
-167
-135
-20
234
295
280
223
-13
-148
-148
-202
-190
-151
-140
17
170
195
296
249
-47
-111
-46
-144
-128
-89
-116
-66
-141
12
401
225
28
223
-21
-267
-32
-39
-253
-224
-86
14
185
393
315
32
-77
-149
-239
-142
-34
-105
-79
164
209
103
192
73
-238
-209
-71
-37
24
117
176
31
-93
17
-54
-162
-22
21
-18
51
151
135
-7
-21
-51
-220
-118
54
-10
51
178
40
-33
77
7
-100
-37
-28
-101
-44
71
62
14
57
53
-42
-36
25
-18
-35
-2
-21
-2
9
-11
32
23
-10
21
3
14
27
-43
-16
9
-59
-13
27
-22
23
59
2
-5
5
-40
-26
13
0
12
12
1
16
-12
-11
-1
-63
-30
50
12
24
72
19
-6
-11
-37
-18
-28
-35
3
-12
-2
46
24
21
37
-21
-34
9
-1
-11
-7
-6
-21
-31
28
59
4
6
15
-33
-22
12
-19
-27
3
-3
13
53
16
-28
-5
-7
-33
-7
18
-4
-9
27
20
-9
0
-7
-28
0
16
-10
-8
12
1
-6
9
20
-3
-14
2
-2
-9
-1
-6
-3
14
2
5
29
4
-19
7
5
-22
-8
7
-14
-13
11
24
18
5
7
2
-14
-11
6
1
-29
-21
21
7
-6
26
4
-26
12
20
0
14
-6
-28
-7
-5
-4
5
3
3
2
-1
13
-1
-21
-6
-4
-10
12
15
6
9
-8
-18
-6
-26
-21
13
5
10
26
8
5
2
-12
-11
-20
-12
16
14
18
27
-6
-14
2
-9
-2
14
-3
-2
9
3
9
6
-11
-8
-1
-4
4
7
3
-4
-7
10
5
-6
2
-5
-17
-7
-3
-12
-6
2
5
17
22
11
-1
-14
-19
-16
-11
-6
-1
-2
2
15
12
0
-2
-3
-11
-7
-3
-2
-2
1
1
4
2
6
7
2
3
1
-9
-5
1
-5
5
11
5
1
7
4
-2
-2
1
-3
3
14
8
1
4
-2
-5
2
1
-2
6
7
5
12
7
-2
-5
-9
-13
-9
-5
-3
-3
3
5
4
4
0
-7
-7
-6
-12
-15
-11
-12
-5
1
8
10
8
5
-2
-6
-9
-7
-8
-2
4
7
12
13
6
2
-1
-1
3
2
2
1
2
2
3
4
3
2
-1
4
3
-1
1
-2
-6
-4
0
-2
1
4
1
2
4
3
-1
-2
-2
-3
-2
1
2
0
1
1
-1
-3
0
-3
-3
3
4
3
6
6
0
0
-1
-6
-6
-2
-1
-3
4
3
3
0
3
1
-4
0
-1
-4
-1
2
-2
-4
1
1
1
-1
1
0
-1
2
1
-1
1
-1
-2
-5
-2
-1
-3
1
0
0
0
0
-6
-4
-1
1
0
2
7
3
0
0
-1
-1
-1
0
-1
1
4
3
0
4
1
-2
1
0
-3
-4
2
2
1
2
1
-2
-3
-4
-3
1
1
4
4
2
1
2
1
0
-2
-1
0
1
1
1
2
-3
0
0
0
1
1
2
1
0
0
0
-1
-2
0
3
1
1
1
1
0
-3
-1
-1
-2
-2
0
-1
-2
1
0
2
2
0
1
3
1
3
3
2
-2
-2
-2
-3
-2
3
-1
-2
-2
-1
2
0
-1
-6
-3
1
-3
0
1
-4
3
4
-1
1
-2
0
-1
-3
0
2
-1
3
0
-1
-1
2
1
0
2
2
1
-2
1
4
-2
-3
-3
-1
-1
1
2
0
1
0
1
1
1
0
0
1
-1
-3
-2
1
-1
-2
-2
-1
0
2
2
1
0
0
0
1
1
0
3
2
-1
0
-1
0
-2
-3
-3
0
2
-1
-3
-2
-1
1
-2
1
2
0
2
1
0
1
3
1
0
2
2
2
2
0
2
1
0
1
1
0
-1
-3
-1
-1
-1
1
0
0
-1
-4
-1
-2
-1
0
-2
-4
-2
-1
-1
3
3
2
1
0
-1
1
-1
2
0
0
2
-1
-1
1
1
-1
1
1
1
1
2
1
0
1
1
1
-1
-3
1
0
-3
0
0
0
0
-2
0
3
1
-1
-3
-2
-2
-3
-2
1
0
-1
2
-2
0
-1
-2
0
-1
2
0
-1
0
3
0
-2
0
0
0
-2
2
1
0
1
1
1
1
-1
-3
-2
0
-3
0
0
1
0
0
0
0
1
1
-1
0
-2
-1
-1
-1
-1
-1
-1
1
-1
-1
0
1
1
2
4
2
1
1
2
1
4
6
3
3
2
1
3
3
0
1
3
3
3
2
2
-2
-1
-2
0
-1
-1
1
-1
-2
-3
-2
-2
0
3
0
-3
-2
-4
-2
-2
0
-1
-1
-3
-1
-2
-1
0
-1
0
-1
-1
1
0
-2
-2
-1
0
-1
-1
-2
-2
-3
-1
0
2
2
0
2
1
0
-1
-3
-1
0
0
1
2
2
1
1
0
1
2
2
2
2
2
3
2
2
2
2
1
2
0
-2
1
1
0
0
-1
-1
0
-1
1
1
3
0
0
-1
-3
2
2
0
-1
-1
0
-4
-3
0
-2
-1
-2
0
-4
-2
-1
-1
1
2
1
-2
1
1
1
0
-1
-2
3
4
-2
0
-1
-1
-1
0
-1
-1
2
-1
-1
-3
-1
0
1
-2
0
-1
-3
-3
0
0
1
4
1
3
1
0
-1
-1
-1
2
1
3
2
0
-2
0
0
1
2
1
2
2
0
1
0
3
1
0
-1
0
1
0
2
0
0
0
2
-1
-3
-2
0
-3
-2
-1
-1
-3
-4
-2
2
2
-1
-1
0
1
1
0
-4
-2
-1
0
-1
-1
3
1
2
1
0
1
2
0
0
2
-2
-2
-2
1
1
-2
1
0
-2
0
-1
-1
0
1
1
-2
-2
-3
0
-1
2
0
-2
0
0
4
1
0
2
-2
-2
-2
-2
-1
1
1
-1
2
2
0
1
1
0
-1
2
2
1
1
2
2
3
4
3
0
-1
-1
1
1
1
0
0
0
-1
-3
2
-1
-1
0
-1
1
1
0
-2
0
-2
-3
-2
-3
-4
-2
-1
1
1
1
1
-1
-1
-3
-2
0
0
0
3
2
0
0
3
-2
0
1
2
2
2
4
1
2
1
1
2
0
1
3
1
-3
-2
-2
-2
-3
-4
-3
-1
-2
-2
-1
-1
0
-3
-1
2
2
0
0
-1
-1
0
-1
0
0
0
0
1
0
0
-1
2
2
1
-2
1
0
0
0
-1
3
2
3
2
2
0
1
4
2
3
3
2
3
0
0
0
-1
-4
0
-1
-3
1
3
3
4
-1
-2
-2
1
2
3
-2
0
0
0
2
-1
-1
-1
-1
-1
0
-1
-3
2
-1
0
-1
-2
0
-3
-3
-2
2
-1
-1
-1
-1
-1
0
0
-2
-3
0
2
2
1
0
0
0
2
1
4
1
2
2
0
-1
1
0
-2
-1
-2
0
0
2
1
0
1
-2
-1
0
0
0
2
1
1
0
0
-3
-1
1
0
0
0
2
2
-1
-1
0
-5
-2
-1
-2
1
0
-1
0
0
0
2
2
2
0
-2
-3
2
1
0
1
0
1
1
-1
0
0
0
1
2
4
0
0
-1
1
-2
-2
1
1
-1
1
1
3
3
1
3
0
-3
1
1
2
2
-1
-1
-2
0
-2
-1
0
-1
-2
-2
-2
-1
0
-3
0
1
1
0
0
1
1
1
0
2
-1
0
2
-1
0
0
-1
0
-1
-2
-1
0
1
0
0
0
2
1
-2
-1
1
-1
-2
-2
1
-1
-2
-1
-2
-1
-2
-1
-1
-1
-1
0
-1
-2
-1
-1
-2
-1
2
0
-1
-1
1
2
3
1
0
-1
-2
0
-1
-1
0
-1
-2
-4
-2
1
3
3
3
0
3
3
2
0
-1
0
-1
0
2
4
0
4
2
0
3
2
-1
1
0
-1
2
2
0
-1
-2
-2
-1
1
-1
0
3
-1
2
4
2
2
4
3
-2
1
0
1
1
2
2
0
0
-2
-4
-2
-3
-2
0
1
0
1
1
-1
1
0
1
-2
-4
-3
-4
-2
-5
-3
-4
-4
-2
-2
-3
-3
-3
-3
-1
-1
0
-2
2
0
0
1
2
1
-2
-1
1
1
-1
-1
-1
1
1
0
1
1
0
0
3
2
2
0
2
3
1
4
5
3
2
-1
1
0
-1
-2
-2
0
-1
0
0
1
2
2
1
1
4
1
-2
-2
1
0
-1
3
2
2
1
-1
0
2
2
0
0
0
0
-1
0
-2
-4
-4
-2
-4
-1
-4
0
2
1
0
0
-1
-2
-1
-2
0
-1
1
-1
0
0
-1
0
1
2
1
2
1
2
4
2
1
-1
0
0
-3
-3
-4
-3
-2
-3
-1
-2
1
3
2
1
-1
-1
-1
5
3
0
-1
3
0
0
2
2
0
-3
4
2
-1
-2
-2
-2
0
2
-3
0
0
2
3
2
2
2
1
1
0
1
0
1
2
0
-2
-1
1
-2
-2
0
0
3
1
0
-4
-2
1
-2
-2
0
-2
-2
-2
1
1
1
2
2
-2
-1
1
-1
-1
4
2
0
2
1
2
-1
0
3
-2
-3
1
3
1
2
3
2
1
-1
1
2
-1
1
2
-1
-3
-2
-1
-1
-3
-1
0
0
0
2
1
0
0
-1
-3
-2
-3
-1
-4
-4
3
1
2
0
1
1
0
3
2
-1
0
1
-2
0
-2
-2
-3
-3
-3
-3
1
-1
0
-4
-1
-1
0
-1
-2
4
3
3
-1
-3
2
0
1
1
2
5
2
1
0
2
1
1
4
3
1
2
2
2
2
1
0
-3
-2
1
-1
-1
0
4
0
-3
-1
-1
0
-3
-1
-1
-3
-2
-3
-3
-2
-2
0
-1
0
0
-1
-2
-1
-2
-2
-2
-2
1
1
1
1
4
3
3
4
3
0
2
2
0
3
2
-1
0
-1
-1
1
0
-1
2
-1
1
2
1
-1
0
0
-1
-1
1
1
-1
0
0
0
0
1
0
-2
-2
-2
-1
-3
-1
-3
-3
-3
-2
-2
-1
-2
-4
-1
0
0
1
0
0
0
0
-4
0
2
1
-1
-1
0
3
2
0
-1
-1
-1
0
4
2
2
-1
-3
-1
0
0
1
2
2
2
2
3
3
2
1
0
1
2
1
1
4
1
-2
-2
0
0
-3
-1
-1
0
0
-3
1
2
0
3
2
1
-2
-2
1
-3
-1
1
0
1
0
1
2
0
0
0
1
-1
-1
0
1
0
2
1
0
0
0
-1
-2
1
-2
-2
-3
-4
-2
-3
-4
-3
-2
0
0
0
0
-2
1
2
2
2
2
2
3
3
3
1
3
-1
-1
3
1
3
3
-1
1
1
1
1
-1
0
1
0
-1
-2
-3
-3
-1
0
-2
-3
-2
1
1
-2
-1
0
-3
-2
-2
1
1
0
-1
-1
-3
-1
0
-4
-2
2
1
-2
-1
0
3
1
-1
0
2
-1
0
0
0
3
3
3
0
-2
-1
2
1
1
1
2
0
1
-1
2
3
1
-1
0
1
1
4
0
4
1
1
1
-2
3
2
3
1
-1
0
-1
1
-2
-2
-2
-2
-1
-1
0
-1
-2
-3
0
-2
-1
2
-2
-1
3
-2
2
3
0
-2
0
1
0
-1
-1
-2
-2
-1
-3
-1
-1
-2
-2
-1
-3
-3
-1
-1
0
-1
1
0
-1
2
-1
-1
1
0
0
0
1
0
0
2
0
2
2
1
-1
-2
-2
0
1
3
2
3
2
1
1
2
1
0
-1
1
3
0
1
-1
2
3
3
4
1
-2
-1
0
-1
-1
-2
0
3
2
0
1
0
0
-2
-3
-2
-5
0
0
-1
-1
2
-1
0
-1
-4
1
0
2
0
0
0
1
-1
-3
-1
0
0
-1
-2
2
3
-1
1
3
1
2
2
-1
-2
0
-1
-2
-2
-1
-1
-1
1
-1
1
3
-1
0
-1
0
2
-1
0
3
3
0
0
0
1
3
0
-2
-2
3
3
0
0
1
3
-1
-4
-2
-2
-1
-1
-1
-2
-2
-2
-1
-2
-1
1
-1
-1
1
1
1
0
-1
0
-1
0
3
0
3
1
-2
-1
-2
1
1
0
-1
1
0
2
1
2
-1
-2
-2
-2
0
0
2
3
6
2
3
3
2
1
1
-2
-4
0
0
0
0
0
-2
1
0
-1
-1
-1
-1
-2
-1
-1
-1
-1
-2
-1
1
0
-1
0
1
-2
-1
0
-3
0
2
-1
1
-1
2
3
2
1
2
1
0
1
-1
-1
-1
-1
0
-1
-3
-1
0
0
0
0
1
3
3
0
1
-1
5
2
0
0
-2
1
-2
0
-1
1
0
-1
0
0
0
-2
-2
-1
0
0
1
1
0
-3
1
0
-1
2
2
1
1
2
2
0
1
-2
0
1
1
1
2
1
0
-1
-2
1
3
3
3
-1
0
0
-1
1
-1
1
-3
-1
-1
-3
0
-1
1
-3
-1
-1
-4
-3
-4
-3
-2
0
0
-1
0
-1
-2
1
-2
-1
-1
-2
0
2
4
0
-1
0
0
0
0
-1
2
0
-2
-1
2
0
1
1
-1
-2
-3
1
1
1
-1
-1
0
2
2
4
4
4
5
3
0
1
3
0
-1
1
2
4
4
3
1
-2
0
1
1
1
3
2
3
2
-1
1
1
2
-4
-3
-1
-3
-3
-2
0
-2
-3
-4
-2
-4
1
-3
-4
-5
-3
-1
-2
2
0
0
0
-1
-2
1
-1
-1
0
-1
-2
0
2
0
0
1
0
-2
-1
-1
1
2
2
1
2
0
1
2
-1
2
2
1
-2
-1
1
0
-1
-1
3
3
2
1
3
3
2
-1
-2
1
-1
2
1
1
0
-3
-2
-1
0
2
-2
1
-1
-1
-1
-3
-1
1
2
-1
-1
-2
-4
-3
-2
0
1
0
1
0
-1
1
3
0
1
0
0
2
1
1
1
0
1
2
1
0
0
0
-1
-2
-1
-1
-1
2
2
2
1
0
-1
1
0
-2
1
-2
-2
-3
-2
-1
-1
-2
1
2
0
2
1
1
1
-1
1
3
1
1
-1
0
-1
3
3
3
4
3
1
0
3
2
1
-1
0
0
-1
-1
-2
-1
-3
-2
-2
-4
-2
0
2
-1
-4
0
-1
0
-2
-3
0
1
-1
-1
0
0
1
-1
-4
-4
-4
-3
-4
-1
1
0
2
2
2
3
1
2
2
0
1
3
2
0
-2
0
5
1
1
0
-2
0
-3
-1
-2
1
2
3
0
0
0
0
-1
0
0
0
1
1
0
-1
0
1
0
0
-1
0
3
0
1
2
2
-1
-2
2
1
0
-2
-1
-1
1
1
-1
-1
-4
-1
-1
-1
-2
-1
1
0
-1
0
-1
1
4
5
4
2
1
1
1
-1
0
0
2
2
1
0
0
-1
-2
0
-3
-1
2
-1
-2
1
-2
-4
-2
0
-3
-1
0
2
2
1
1
1
0
-1
0
2
0
-1
1
0
0
-1
-1
-2
1
0
1
-2
-1
-1
0
1
1
-3
-2
0
2
-2
-3
1
1
2
0
-1
0
-1
-2
-2
1
-1
0
-2
0
0
0
-1
1
1
0
2
1
3
1
1
0
0
1
-2
3
1
3
2
3
3
1
1
0
0
0
-1
0
1
3
2
2
0
2
-2
-3
0
-1
0
-2
-3
1
0
0
-1
-2
-1
-1
-1
0
1
0
0
0
0
0
-2
2
0
-2
1
3
3
-1
-1
-2
-1
-2
0
2
1
2
0
-1
-1
-1
0
-1
-2
0
-1
-1
-3
-3
1
1
2
0
0
0
1
-3
-4
-2
-2
-1
-2
1
2
1
1
1
2
1
1
1
-1
-1
0
1
0
1
1
1
1
-1
-2
2
0
4
2
2
3
1
1
2
2
1
-1
2
-1
-2
0
-1
-1
-1
0
0
1
2
1
0
-2
-3
1
-1
-2
-1
2
1
0
2
2
-1
0
1
2
1
-2
0
-2
-3
-3
-2
0
-1
-3
-1
-1
1
1
-2
-1
-1
0
-1
-1
0
0
-1
0
0
1
2
1
2
1
1
1
0
0
-1
-3
-2
-2
-1
0
-1
-3
-1
-3
-1
3
2
1
1
-2
-5
0
0
0
1
0
1
3
1
-1
2
0
0
0
-1
0
2
0
2
1
1
0
2
2
3
1
-1
-1
0
0
-1
2
0
0
1
-1
-1
0
1
1
3
-1
-1
-1
-1
0
0
0
-2
0
3
1
-3
2
3
3
4
1
-1
1
-1
-3
-1
-2
1
0
-1
0
0
-2
0
1
-1
0
-1
0
-2
-2
-1
-1
-1
0
-1
0
-4
-1
-2
2
2
-2
1
2
2
2
1
1
1
-1
-1
1
1
-2
-1
0
-2
-2
-1
1
2
1
-2
1
2
1
1
-1
3
1
0
4
1
0
0
2
2
0
-1
1
0
1
1
0
2
1
-2
2
2
2
2
1
2
0
1
-1
-1
-1
-2
0
0
1
1
-2
-2
-3
-5
-3
-2
-1
-1
-2
0
3
0
0
-1
-1
2
-1
0
-1
-1
2
-2
-2
-2
-4
-1
0
-2
-1
1
0
-1
-2
-2
-3
-1
1
1
3
3
4
2
3
3
4
1
0
1
1
0
0
-2
1
0
-4
1
-1
-3
-1
1
1
1
2
2
-1
-2
0
2
-1
-2
-2
-2
3
2
0
0
4
6
2
0
1
0
-1
3
1
2
4
-1
3
2
0
-3
-1
0
-2
-3
-5
-1
-1
1
0
2
0
-1
-1
-2
1
0
0
-3
-3
-2
-3
-1
0
-4
-2
-3
-1
0
0
0
-1
1
-1
-1
1
2
-1
0
2
1
-1
1
3
-1
1
1
2
3
0
-1
1
-1
3
0
0
-3
-4
1
-1
1
1
0
-1
0
-1
0
-1
0
1
-2
2
2
1
2
2
1
-1
2
1
1
1
0
1
0
0
2
1
3
-1
1
2
1
1
0
-1
-2
-2
-4
-1
-3
-2
-2
1
0
-1
0
1
0
-1
-1
1
-2
-3
0
1
1
0
0
3
3
4
0
2
1
-2
-1
0
1
-2
-4
-2
-1
-1
-1
1
1
-3
0
1
-2
-3
0
-1
1
0
1
1
0
2
1
0
0
-1
0
0
0
-1
0
4
0
-3
0
3
0
1
3
3
0
0
2
0
-1
2
1
0
1
1
-1
-2
3
1
-2
-1
-3
-2
-1
0
-1
-1
1
-1
-3
2
-1
-2
2
-1
-1
-3
0
1
-1
-1
0
1
0
1
1
0
3
5
1
2
3
1
-1
-2
1
-1
-1
0
-1
1
1
2
2
-1
1
-2
-3
0
1
-1
0
0
-3
-1
-1
-1
1
1
-1
-2
1
-2
-4
-3
-2
-3
-4
-1
-3
-1
2
0
2
1
2
-1
1
0
-2
-2
1
1
2
1
0
3
3
1
0
2
1
3
3
4
2
1
4
1
0
0
-1
1
1
2
4
1
0
-2
0
0
-1
-1
1
2
-2
-2
-3
0
1
-4
-1
0
-4
2
-1
0
0
-1
0
0
-2
1
0
-1
-3
-4
-2
-1
0
2
2
-2
-1
-2
-3
1
1
2
1
2
1
-2
0
1
2
1
-1
-1
-1
-1
-2
0
1
-3
-1
-3
-2
-1
-2
2
2
0
-1
-2
1
1
0
-1
1
-1
-3
1
-1
1
2
4
5
3
3
4
2
0
0
-1
-1
0
1
2
-1
2
-2
-1
-2
-5
0
1
1
0
-1
-1
1
2
1
0
0
0
0
-1
-2
0
0
0
4
2
1
1
0
1
0
2
1
1
-2
0
-1
1
0
0
1
-3
-2
-1
1
0
2
1
1
1
1
1
-1
-2
-2
0
-2
0
0
-2
-1
0
-2
-3
-1
-2
-4
0
-1
-1
0
-1
0
-3
0
0
0
0
2
0
1
0
0
0
-2
0
1
-2
-5
-2
0
0
3
3
0
1
3
5
0
0
1
-2
1
3
2
0
3
5
6
5
3
1
0
1
-2
0
-1
-2
-3
-3
0
-2
-2
-1
0
1
1
2
1
0
0
0
-3
-2
0
1
0
0
3
2
1
0
0
-1
0
-2
-2
0
0
1
-1
-2
2
-1
0
2
2
0
0
0
-3
0
-1
-4
-3
2
1
-1
-2
1
0
1
1
0
0
-1
-1
-4
-2
0
0
0
-1
-2
-3
-2
2
2
-1
1
2
2
1
3
2
0
1
0
-2
-1
0
2
2
0
1
0
-1
0
2
-1
0
-2
2
1
2
1
0
3
3
-2
0
1
0
1
1
1
1
2
-1
1
-1
-2
-1
-1
0
1
-1
-1
0
2
3
2
2
0
0
-1
1
1
1
1
-1
0
0
2
-1
1
-1
-2
-3
-3
-1
-2
-2
-1
-1
-1
2
0
0
0
-2
1
0
1
-1
1
2
-1
0
-2
-3
-1
-2
-2
-1
-2
0
0
-1
-3
0
-1
1
-1
0
2
-2
1
1
-3
-1
2
2
1
0
1
-1
0
2
0
-1
-1
1
-2
0
-2
-2
-3
1
4
5
3
2
1
2
3
-1
-1
-1
0
0
1
1
0
-2
1
-2
-2
3
1
1
-1
2
2
0
1
0
3
3
-1
3
2
0
1
0
0
0
0
0
2
0
1
0
1
-1
1
0
-3
0
-2
-1
-1
1
0
0
0
-1
-1
-1
1
1
0
-2
-1
0
0
-2
-3
-2
-2
-1
-1
-2
0
-2
-2
-3
-2
-1
-1
2
1
0
3
2
2
1
0
-2
0
-1
-1
1
-1
-1
0
1
2
0
2
1
-2
-2
0
3
0
1
1
1
3
1
4
0
-3
-1
-2
-2
-4
-4
-1
1
3
0
-2
-1
0
-1
0
0
0
-2
0
1
3
2
0
2
2
2
2
0
0
-1
0
-2
2
3
-1
0
2
1
0
4
1
1
2
-2
-1
-1
-1
-1
0
1
2
1
-2
