-3
-3
1
4
1
-1
-3
-4
5
7
3
-2
-1
-3
-3
2
5
4
4
6
-1
-3
-2
-1
-2
1
1
1
2
0
0
-1
0
-3
-4
-6
-1
-4
-3
1
1
0
0
1
2
4
4
3
2
-1
1
1
-3
-1
0
3
1
2
-1
-1
4
1
0
-2
0
-1
3
3
1
3
1
1
-3
-6
-2
3
-2
-2
0
0
2
3
-1
-3
-2
-2
-2
0
2
1
-2
-2
0
-2
-1
-1
-2
-5
-5
-2
-4
-1
-3
-2
3
2
-1
-2
3
0
-1
1
1
0
6
9
5
7
3
3
3
3
-1
-2
0
-1
-3
-2
3
2
2
2
-2
-2
3
-1
1
-1
-1
-4
-4
-3
-5
-5
-4
-3
-1
-2
-2
-2
-5
-3
-1
-1
0
0
-1
2
0
-1
1
4
0
-1
2
1
3
5
4
-1
0
0
0
2
2
-1
-3
2
4
5
2
1
-1
4
3
2
2
-1
-4
-4
0
-1
-2
0
0
-2
3
3
1
1
2
1
-1
-3
-2
-1
1
3
0
4
-2
-1
-3
-1
1
-2
2
1
0
-5
-5
-3
0
2
1
1
0
-2
-1
0
2
0
2
0
-1
1
2
0
-2
-1
-4
1
0
-4
0
2
1
-1
-1
0
-1
-3
-1
0
-1
0
0
0
2
0
0
-2
-3
-3
-3
1
4
3
2
0
0
0
0
-1
0
-2
-4
-1
4
3
1
-1
-1
5
2
4
-3
-2
0
-1
1
1
6
4
2
0
2
1
-1
0
-1
0
-4
-4
1
2
0
4
3
-2
1
0
4
0
-2
0
-2
-2
-2
-3
-4
2
3
0
2
3
3
3
1
0
-2
-2
0
2
1
1
1
-1
-1
0
4
-1
-4
-2
-3
-1
1
-2
0
1
-2
-5
-2
-3
-6
-2
0
0
-2
4
7
4
0
2
4
-1
0
0
0
-4
-2
-2
0
3
3
2
-1
-3
-1
-1
-4
0
1
-1
-3
-3
-4
2
1
0
-2
-2
-2
-2
-1
1
2
2
2
1
-2
-5
-5
-3
0
1
2
-2
0
3
2
5
6
1
-1
2
3
5
5
7
9
3
2
2
2
0
-1
0
-2
-3
-3
1
0
-2
0
0
0
1
6
5
2
-3
-1
-2
-5
-5
-3
0
2
-2
-3
0
-1
-5
-7
-2
-2
-4
-4
1
1
0
0
-1
-4
-3
0
1
2
1
4
3
-3
-2
1
2
5
6
3
1
-3
1
-2
-4
2
2
-1
-3
0
4
4
7
5
1
-4
-5
-3
-3
-2
0
-1
-1
1
-3
0
4
2
0
-1
-1
-1
-4
-2
4
0
-4
-8
-4
-6
-3
3
-2
-1
0
-2
-3
-2
4
3
3
3
7
1
3
3
1
1
0
1
-2
-3
0
0
-3
2
6
2
2
2
-3
0
4
-2
-6
-8
-4
0
3
6
3
2
0
-3
-1
2
2
1
2
1
0
0
-3
-1
-2
-3
-3
1
4
3
3
1
1
-1
-3
0
0
-2
-1
0
1
1
3
1
2
1
0
3
5
1
-7
-4
-4
-1
2
0
-1
1
1
-2
-2
-2
-6
-6
-1
-5
-8
-1
1
0
0
-1
-2
-1
1
0
-2
1
2
2
2
2
0
-4
2
5
6
3
1
-1
-5
2
8
9
6
4
2
-4
-6
-3
-2
-5
-6
-1
-1
-2
4
4
3
2
1
1
1
3
1
0
1
-1
-2
0
0
0
0
-2
-3
0
1
-1
2
-1
2
0
1
2
1
-1
-6
-1
-1
1
1
4
1
-2
-4
-2
0
0
4
3
0
0
2
0
-2
0
4
-1
-6
-4
-2
0
-1
-2
-2
0
-7
-2
3
3
1
0
1
-6
-9
0
4
3
7
4
1
2
1
3
0
-1
-1
-3
0
2
6
1
-1
5
2
-1
2
-1
-4
-5
2
-2
-2
-2
1
-2
-2
1
-2
-1
2
-2
-1
2
0
-4
0
2
-3
5
5
0
-1
0
-3
-4
2
2
1
2
2
-1
1
7
4
-1
-2
3
0
-1
2
1
1
1
2
-1
-4
-5
-2
-2
-1
-1
1
-2
-2
2
2
1
3
4
2
3
-2
-7
-6
-3
-7
-8
-4
-2
-1
0
4
5
-2
-4
-2
-2
-2
0
2
-3
-5
2
3
0
3
5
4
5
4
2
-1
2
4
2
3
5
4
0
-1
-1
-4
-5
-1
-1
2
1
1
-2
-1
0
-3
-2
2
-2
-4
3
1
-3
-1
3
-1
-1
3
4
0
-1
2
-2
-1
-1
-1
-3
1
0
-2
0
-2
-3
-3
-5
-1
3
6
5
5
4
2
-2
4
3
-1
-5
0
3
1
5
4
-2
1
3
2
-1
-3
0
-2
0
-2
-5
-6
-5
-7
-3
1
-3
-5
-4
-2
-1
2
2
-1
0
2
0
-2
2
3
1
1
6
4
2
1
0
0
-1
-1
-1
-3
-6
-4
0
-2
1
-3
-4
-2
0
4
4
4
0
1
1
-1
4
0
-3
-2
0
1
1
2
1
-1
0
0
0
1
-4
-3
-2
-2
-2
-3
1
2
4
3
1
3
2
-1
-2
4
2
-1
2
7
1
1
3
-1
0
3
2
1
0
-4
-2
-1
-2
-3
0
3
3
2
2
-1
-3
0
-2
-3
-2
-3
-4
-5
0
-2
-2
-1
1
-2
-2
1
1
4
0
-1
-1
0
-3
-3
2
0
1
3
-4
-2
3
-2
-5
-1
7
2
3
5
4
1
-2
2
5
4
0
1
0
0
1
0
-3
-2
-3
-1
-2
-4
-3
-4
-1
0
0
1
3
2
-1
0
2
1
-1
-1
1
0
-1
3
4
-1
-3
-1
0
-6
1
5
2
-2
-4
-2
0
4
6
3
5
2
-1
-3
-2
0
-1
-6
-4
1
-2
-1
4
1
-5
0
2
2
-1
1
4
-3
-2
-1
-1
3
5
3
1
-2
0
1
3
2
1
3
5
6
3
-2
-2
0
-2
-2
-6
-2
-2
0
-2
-3
-2
-3
-5
2
8
3
1
1
2
-5
-5
-2
-6
-6
2
5
0
0
-1
-4
-5
-3
0
2
2
1
1
0
3
2
0
3
2
2
5
4
-2
2
4
-3
-4
0
-3
-6
0
1
1
3
2
-1
-1
1
3
1
-4
-4
-6
-3
-2
5
3
3
2
-4
-3
-1
3
0
0
-2
-5
-3
3
7
5
-1
3
5
5
4
-2
-6
-7
-2
0
-3
1
1
-2
-2
-1
0
-2
3
1
0
0
-1
0
-1
0
-1
-2
-3
0
3
2
2
0
3
4
4
4
1
0
0
3
3
3
1
2
-1
-3
0
1
1
-2
-4
-2
-1
0
1
1
-2
-5
-4
-4
-7
-3
-1
2
-1
1
4
2
2
4
0
-5
2
7
7
6
7
2
0
0
1
2
-2
-2
-3
-3
-1
3
1
-3
-3
-4
-6
-8
-4
-3
1
-4
-1
0
-2
-5
0
4
1
0
-5
-9
1
6
2
0
0
-1
-4
4
5
-1
3
7
-2
-6
2
0
-5
-3
0
-2
-3
0
3
6
7
2
0
-1
-3
-2
-1
-1
3
6
0
2
7
3
-2
1
1
1
0
2
1
1
2
-1
0
0
4
5
7
2
-5
-3
2
-1
-3
1
-1
-3
-1
2
2
0
2
0
-5
-4
-2
-2
-3
-1
6
-1
-5
0
7
0
-3
2
1
-5
-8
0
3
4
3
1
-5
-7
-5
0
2
4
5
-2
-4
-3
1
-5
2
5
-1
-3
1
1
-2
-1
3
5
1
6
4
2
0
1
0
-9
-11
-8
-5
-2
3
3
2
-3
-2
5
5
4
4
2
-6
-3
2
3
-5
-2
2
0
0
5
6
-5
-2
2
2
-1
6
4
-3
1
1
-3
-7
1
-1
-2
-3
-4
-1
0
-10
-8
5
10
5
7
7
-2
2
9
4
-2
4
-1
-11
-6
7
9
6
8
10
2
-4
4
6
-6
-5
5
-4
-14
-9
3
3
4
9
7
-13
-24
-4
12
8
6
9
-5
-29
-20
9
11
0
13
15
-13
-18
16
17
-17
-7
12
-29
-49
1
25
3
19
44
5
-28
-12
-2
-11
-3
2
-13
-27
-21
2
27
38
32
20
-12
-46
-35
8
9
-4
19
12
-24
-10
42
28
-11
6
9
-30
-39
1
12
-7
0
31
23
-6
0
21
7
-11
5
8
-23
-30
14
31
4
7
29
-6
-48
-27
-1
-13
-12
18
20
-5
-14
-1
8
5
12
21
4
-37
-40
-19
-6
0
17
23
-2
-15
-1
13
1
-6
10
11
-9
-6
15
7
-10
3
16
-4
-10
-1
-6
-2
14
18
5
-8
-6
8
5
-1
7
8
-16
-27
-12
-4
-6
-3
11
16
15
14
4
-11
-15
-14
-14
-15
1
13
16
16
13
17
11
-5
-18
-12
-6
-8
-15
-15
-5
12
8
7
22
13
-3
4
6
-9
-11
-4
-14
-14
0
5
11
16
3
8
12
-7
-10
0
-11
-13
13
20
12
19
12
-5
-4
-10
-25
-22
-20
-27
-10
4
-1
5
8
3
2
-1
-9
-15
-16
-9
5
6
6
15
16
5
7
22
27
13
5
8
7
-4
3
27
20
1
10
14
-9
-20
-4
-4
-16
-13
-11
-14
-16
-13
6
17
10
-10
-19
-34
-47
-29
-2
4
8
7
-4
-7
0
-2
1
9
-8
-7
14
6
5
19
9
5
14
8
5
13
1
-5
16
18
11
16
13
3
0
0
2
3
-13
-23
-5
-1
-5
-2
-1
-6
-10
-9
0
9
-3
-15
-15
-14
-12
-1
10
4
0
2
4
-4
-5
8
15
4
-4
8
19
6
2
9
-1
-3
0
-5
-2
11
10
4
7
4
-9
-16
-8
-8
-6
6
4
-15
-22
-3
-5
-16
-2
4
-6
-7
-9
-12
1
3
-1
6
15
2
-4
7
15
8
9
6
-4
-5
1
5
6
14
10
6
12
4
-4
5
9
0
-5
-5
-8
-5
0
3
11
14
0
-10
2
1
-9
-4
5
-4
-16
-7
9
5
1
6
-2
-9
-14
-16
-3
6
-13
-18
-2
-3
-11
-1
9
0
-6
-9
-6
-1
-7
-15
-2
21
17
2
2
4
-4
2
13
20
14
1
-7
-3
8
12
3
-1
10
0
-6
0
2
-8
-1
7
5
2
-8
-10
-10
-10
-8
-4
-2
-8
-10
-4
5
7
3
1
-3
-5
-1
5
7
5
10
8
5
13
11
5
6
7
7
4
5
13
9
-3
-11
-5
2
-1
-5
-3
-6
-13
-7
-5
-7
-2
-5
-9
-7
-5
-5
-3
-8
-11
3
9
1
-5
-3
-3
-7
-3
2
-2
-2
8
9
7
3
-1
1
3
4
1
0
-4
-1
1
-2
1
11
10
4
-1
-5
-9
-1
1
-2
3
-2
-7
-3
0
-1
1
2
-3
0
0
-8
-5
0
8
10
4
1
8
5
-5
-3
6
0
-3
10
8
0
6
5
-1
3
7
0
-9
-10
-9
-3
-4
-6
5
7
0
3
-2
-8
-1
-5
-9
1
4
-5
-7
-1
3
0
4
6
2
4
6
1
-2
-1
-3
-1
-4
2
4
2
-1
0
-2
-6
1
-2
-4
2
6
0
-3
-6
-5
-2
-1
1
1
2
1
-2
1
-2
-2
5
2
2
-2
-6
0
12
7
-2
-2
-10
-12
1
10
10
9
-3
-12
-7
-1
-5
3
15
17
3
-11
-12
-9
2
7
1
2
1
-2
-4
3
2
-1
-4
-1
12
6
-1
3
6
4
-1
1
-4
-7
-3
5
7
-3
-9
-6
-2
-1
6
11
1
-9
-1
8
4
-4
-4
-6
-8
-1
1
-7
2
19
14
-7
-2
2
-15
-12
10
15
4
3
2
-12
-11
-1
-1
-3
4
12
15
1
-6
0
-10
-14
1
5
2
4
0
-4
0
-9
-16
-2
12
5
-7
-7
-1
2
2
-1
2
1
-9
-2
9
10
7
7
0
-4
-5
-12
6
22
9
0
2
-11
-6
3
-10
-4
9
-5
-3
17
8
-7
-2
-1
-18
-10
9
-1
5
26
-3
-31
-8
3
-2
9
12
7
11
-5
-17
-17
-7
22
13
-6
12
10
-13
-14
-13
-6
5
3
16
33
4
-19
-3
-1
-17
-7
14
12
11
12
0
-14
-6
-6
-9
0
10
9
-1
-9
-8
-8
-17
-9
4
5
13
5
-5
-5
-11
-12
3
15
6
3
7
1
-15
-3
11
-5
-2
16
1
-20
-6
11
9
-1
-2
-2
0
6
4
3
-1
1
1
-2
-5
3
10
3
7
7
-1
-5
-8
-7
-5
0
-3
4
12
5
-1
0
2
-5
-9
-1
1
-3
-1
6
2
2
5
-13
-16
5
8
-7
-7
-6
-5
7
9
4
5
-11
-19
9
19
-12
-13
5
-9
-8
20
15
-5
7
11
-10
-13
5
3
-13
-6
5
-3
-3
12
11
0
7
19
17
3
4
1
-7
-7
-5
-10
-2
14
6
-3
5
-2
-6
11
9
-12
-13
1
0
-8
-8
-12
-10
-4
3
19
16
-10
-12
10
0
-13
4
1
-15
1
4
-19
-6
20
4
2
14
-12
-26
10
28
9
-2
-2
-14
-12
1
4
-5
-9
7
16
4
-3
14
13
-10
-3
5
-18
-14
16
7
-11
-11
-1
2
8
9
1
0
-1
-1
-2
2
4
-5
-5
10
14
-5
-7
5
-9
-1
17
7
0
10
1
-5
-1
-13
-17
-1
6
2
10
8
-6
-3
3
4
1
-7
-17
-3
8
-3
-3
2
-2
-6
7
-3
-17
-2
8
-2
6
10
3
6
7
-2
-7
-10
-12
-1
2
-4
-4
0
5
11
7
7
-2
-13
5
10
-8
-4
1
-5
2
14
9
2
3
6
2
-10
-3
0
-6
0
8
10
4
-1
-6
-9
-9
-6
-2
-3
2
1
4
-3
-9
3
2
-8
-7
-9
-14
0
4
1
9
1
4
17
3
-13
2
10
-7
1
7
-10
-10
7
13
7
3
1
-1
-3
-7
0
3
-5
1
4
-7
-6
2
5
10
2
-9
-4
-1
-7
-3
7
6
1
4
9
0
-2
3
6
3
-2
-5
-2
3
-4
6
7
1
2
-4
-3
-2
-4
1
5
-8
-7
-1
-2
-9
-4
4
5
1
-2
-1
-6
-6
-4
-5
-5
-4
2
7
4
0
-1
1
-1
5
9
5
4
0
-6
-6
0
11
7
0
10
8
-2
-2
0
-5
-12
-6
3
0
5
5
-14
-12
0
-10
-8
6
5
0
-2
-5
-4
3
6
3
0
0
-2
0
6
1
1
1
3
11
16
11
4
5
7
1
1
4
-4
-9
-8
-6
-7
-5
-8
-6
-1
0
0
-2
-1
-2
3
5
3
-1
-7
-12
-7
-4
-4
0
7
11
10
5
6
4
-4
-5
2
-2
-8
-5
-3
-1
1
8
10
5
2
4
4
-3
-3
0
-1
-6
-13
-5
0
-1
6
13
7
1
-2
-2
-9
-3
4
-1
2
-2
-6
-4
-2
0
4
8
4
0
4
7
5
11
8
-6
-6
1
-5
-13
-1
5
-3
-7
-7
-5
0
9
10
2
-3
-4
-2
-9
-10
-8
-3
3
1
-3
0
4
-1
1
2
-1
-5
-1
0
-3
2
11
9
0
-3
-1
-1
-8
-7
0
6
6
9
2
0
7
3
1
3
2
-4
-4
-7
-7
3
11
13
10
6
-2
-7
-2
0
-4
-1
2
3
1
5
12
7
-4
-8
-7
-14
-12
-3
3
-1
3
7
7
2
0
-5
-8
-2
-2
-6
-6
1
3
-4
-2
7
2
-6
-2
0
-3
0
3
-6
-8
0
2
-3
6
8
-1
2
7
3
-1
-5
-2
-4
-5
-4
-2
-3
-3
3
2
4
6
1
-5
-1
4
4
6
2
-4
0
3
1
1
2
-1
-7
-9
-11
-5
6
11
8
8
6
2
-1
0
-4
-12
-7
4
-1
-4
13
22
6
-11
0
3
-15
-18
-5
1
4
17
18
6
1
-3
0
7
6
-2
-7
-15
-10
-3
3
10
11
-2
-21
-7
15
11
4
4
-3
-17
-10
-2
-5
-2
2
-4
-10
-1
-1
-2
0
1
5
8
1
-3
6
1
-6
6
0
-16
-14
2
1
6
20
10
-3
6
12
0
0
2
-12
-8
1
2
-2
-4
-9
-5
6
8
0
-7
-4
-1
2
2
4
1
-9
-11
1
13
3
-3
2
0
-7
4
12
4
0
7
0
0
11
0
-12
-7
0
-9
-6
4
9
9
1
3
3
-5
-9
-3
4
5
-3
0
2
1
7
11
6
-5
-6
-1
-5
-2
7
3
-4
6
13
5
1
-1
-9
-11
-4
-6
-8
-11
-9
7
8
-2
2
5
-4
-9
-3
-5
-9
5
14
-2
-1
10
-11
-13
12
7
-15
-6
-6
-12
-4
0
2
5
3
1
0
11
16
-1
-4
0
-11
-16
-1
3
2
6
6
8
14
12
5
2
0
-4
-6
4
5
-1
7
-1
-14
2
-2
-16
-1
9
-6
-2
18
15
-2
-11
-3
10
12
4
0
0
-5
-4
3
0
-10
-4
5
-7
-12
6
9
-12
-11
4
-3
-2
12
9
9
13
-6
-23
-19
-14
-4
-1
-8
-4
8
11
13
17
2
-7
1
4
-5
-9
-5
-3
1
1
-1
3
-1
-4
-5
-7
5
9
-8
-12
6
-3
-3
13
8
4
6
-5
-12
3
20
15
-5
3
5
-1
-2
4
-7
-18
-16
-20
-29
-21
3
8
1
10
18
19
24
16
17
22
4
-1
14
10
-4
-1
7
1
3
12
4
-25
-27
2
6
6
16
-18
-34
3
12
-13
-4
5
-23
-39
-19
4
18
24
10
-1
-14
-17
4
18
-2
-12
0
-17
-28
-1
11
-1
19
36
9
-11
-12
-9
6
15
7
9
7
-19
-15
22
25
5
2
0
-17
-30
-15
6
15
31
48
12
-43
-40
4
4
-14
-6
6
2
-27
-17
26
32
3
7
2
-22
-12
0
-7
11
31
0
3
20
-1
-17
0
-9
-16
11
0
-19
-5
-2
-11
20
35
-2
-52
-38
17
26
2
21
56
22
-1
17
4
-13
-4
-4
-6
-8
-49
-65
-8
14
-4
31
42
-3
-7
17
-6
-33
4
18
-13
-36
-19
11
15
31
46
14
-21
-16
-24
-34
-7
21
3
-11
-2
-5
9
26
16
-5
-11
-15
-21
-1
30
22
2
4
14
6
-2
2
-18
-25
0
3
-19
-13
20
25
-10
-26
0
25
8
-29
-34
-14
10
11
-8
6
29
41
19
-7
31
57
13
-38
-20
9
-25
-36
-15
-29
-38
-17
12
17
16
9
-16
1
44
55
21
-7
26
32
-19
-33
0
8
-21
-27
-14
-27
-10
28
22
-13
-43
-51
-28
15
13
-8
15
21
-19
-6
35
-1
-33
13
5
-78
-60
19
-10
-60
-2
44
-17
-27
55
83
43
37
40
0
-20
24
39
8
9
17
-22
-32
42
60
-9
-1
67
46
-4
25
33
-17
-5
5
-68
-103
-58
-38
-21
28
-8
-80
-30
11
-51
-26
63
6
-63
58
125
11
-45
-15
-51
-66
18
48
13
24
35
-23
-42
-1
-6
-25
38
75
7
-31
-11
-18
-22
7
12
18
40
10
-23
20
50
2
-13
33
28
-41
-69
-27
21
27
5
-23
-32
21
65
14
-53
-48
-26
-27
-20
5
22
19
3
14
53
27
-26
3
37
3
-19
-14
-24
-8
19
-1
-18
-1
-6
-30
-35
-13
17
25
5
9
20
-3
-35
-22
10
9
-6
-16
-5
2
15
44
46
18
-3
-6
6
15
-21
-50
-20
-8
-42
-36
-12
6
38
56
44
39
37
2
-18
12
16
-13
-29
-29
-13
-5
-18
-24
-5
21
30
12
1
-1
-26
-30
2
14
-3
-13
-12
-2
14
-3
-28
12
47
10
-8
6
-7
-13
-3
-10
-17
6
4
-13
9
7
-14
4
23
9
0
8
5
0
13
-16
-45
-4
10
-17
-9
14
9
-6
0
4
-10
1
5
-8
10
24
2
-12
-1
9
0
10
12
-15
-13
5
-7
-19
-7
7
7
10
25
31
9
-14
-6
-2
-10
-7
-15
-15
5
18
3
-10
15
34
-1
-10
30
19
-33
-35
-14
-17
-9
-1
-15
-7
30
16
-12
6
15
1
-5
-10
-14
-4
-14
-21
-7
4
3
-3
14
40
27
-2
-4
6
4
-19
-22
-1
-1
-9
-10
3
28
29
-5
-24
7
29
-14
-40
5
4
-28
17
23
-12
11
18
-12
-8
5
-3
-19
-4
13
0
-3
5
16
12
-13
-9
8
3
3
-10
-7
-4
-17
-7
-12
-26
13
37
3
-11
3
18
23
4
-24
-8
15
-5
-16
11
8
-20
-9
10
11
1
-8
-3
8
15
0
-11
11
23
15
10
1
-23
-23
-3
-1
7
16
0
-4
2
-10
-20
0
5
-8
3
14
5
-1
2
5
-3
-3
3
6
2
-8
-5
-16
-21
1
21
16
-3
3
9
-9
-24
-5
7
5
3
-5
-7
-4
-11
-8
10
12
5
-8
-18
-5
18
23
2
-12
-6
3
-9
-13
-9
-10
-10
3
15
5
3
7
1
0
1
8
19
7
-8
-5
2
0
-6
-6
-5
9
9
1
7
20
22
6
-1
9
11
-9
-17
-16
-19
-16
0
10
-5
-23
-15
10
19
0
-11
6
15
4
-1
7
2
-7
-2
0
-1
13
12
-12
-7
9
2
-4
7
0
-16
-3
4
-2
1
5
-6
-13
-5
-5
-15
-11
10
19
8
0
1
7
1
-7
5
-3
-18
-8
14
15
-6
-5
10
14
6
0
-7
-13
-7
6
6
-2
3
12
3
-5
10
18
0
-7
-3
-15
-20
-4
9
-2
-10
-13
-4
5
6
9
12
1
-19
-18
-8
-7
-1
14
15
11
7
12
16
3
-3
-8
-8
-1
-1
-9
-16
-15
-3
13
5
4
20
13
-5
9
15
-7
-9
2
-9
-25
-15
-2
11
14
0
-7
-7
-12
-18
-8
-2
6
13
17
11
4
-1
-2
1
2
5
13
9
6
13
0
-14
-8
-1
-3
4
3
-7
-9
-5
3
3
3
1
3
2
-1
2
-5
-6
5
7
1
-2
-6
1
10
6
-8
-13
-7
-6
-5
-6
-10
-5
3
2
4
10
8
-2
2
12
2
-2
13
9
5
4
-3
6
10
-4
-14
-3
-5
-13
-12
-14
-13
-8
-5
-2
-10
-9
-16
-17
-5
-5
-5
-5
3
0
7
20
10
7
8
-4
-7
9
6
-6
12
27
10
3
2
3
5
1
8
7
6
3
6
8
-2
-5
10
12
1
-1
5
-1
0
4
-15
-10
0
-6
-3
15
17
-2
-13
-13
-1
-5
-24
-14
-3
-11
-17
-13
-2
3
-1
0
10
8
-1
3
15
-7
-18
7
18
8
13
12
-10
5
18
-5
-7
-8
-33
-30
-7
-12
-12
3
6
12
12
-1
-10
-11
-5
11
18
27
20
-3
4
34
16
-3
18
4
-41
-25
5
-4
1
15
-8
-17
-1
-16
-12
12
8
-21
-21
4
0
-5
7
8
4
6
5
4
16
15
3
-1
0
0
1
-10
-9
11
6
-16
-23
-12
-6
-8
3
7
9
15
1
-13
5
4
-29
-20
25
14
-5
15
24
11
10
16
0
-9
2
-8
-23
-3
16
-1
-16
-8
-4
-13
-10
10
13
-5
1
19
5
-11
0
3
-11
-5
2
-9
-11
2
17
38
42
9
-15
-4
3
-12
-14
-6
-6
-7
-18
-31
-17
-4
-3
17
16
-5
-12
2
8
10
15
4
-8
-13
10
17
-3
-10
5
8
-15
-43
-29
12
-3
-17
2
-10
-36
-14
8
-12
-27
-24
-2
10
24
31
23
14
21
31
13
-3
-3
-8
-5
13
20
29
26
10
-8
-8
3
4
4
10
30
28
5
2
-5
-20
9
61
48
14
24
9
-29
6
42
-20
-65
-16
-12
-65
-58
-39
-58
-70
-54
-45
-52
-11
60
45
-12
36
83
-7
-54
41
46
-32
-1
72
26
-38
-1
38
34
16
16
25
18
6
-11
-23
-7
9
-7
-28
2
37
6
-8
25
27
-11
-18
-15
-34
-4
18
-17
-42
-37
-44
-64
-46
-19
-13
4
13
0
-6
-6
-6
-14
-14
-13
7
11
-4
39
84
72
41
26
-3
-27
-2
6
-12
20
41
-3
-31
-2
5
-4
0
-4
2
21
12
-16
-5
21
19
-2
-37
-42
-6
-6
-25
13
45
3
-17
19
26
-10
-24
3
21
-10
-9
26
6
-30
5
37
1
0
19
-6
-24
7
32
13
-15
-18
-20
-39
-32
-2
-2
-22
-11
-10
-31
-18
-10
-8
14
16
-8
-20
-22
-5
26
18
1
24
24
-8
6
23
6
15
44
24
4
2
-3
17
22
-9
-2
19
-3
-1
13
-19
-25
12
-15
-57
-16
6
-22
-24
-3
-10
-33
-32
-10
7
-5
-12
17
47
33
6
0
6
5
10
29
33
16
2
7
6
9
5
-7
-4
12
16
15
26
23
11
-15
-34
-8
23
-24
-40
2
-6
-32
8
13
-37
-20
1
-38
-46
1
-17
-39
3
1
-28
-16
-1
-10
16
53
51
28
26
33
4
-17
8
28
5
11
22
-15
-40
-16
0
3
11
11
0
-11
-2
11
9
-16
-24
-22
-43
-42
8
43
16
-14
18
42
-1
-18
20
3
-54
-54
-23
-5
-13
-33
-35
-2
33
43
29
15
34
46
12
-5
19
11
-22
-7
31
27
17
27
22
-8
-32
-12
16
-13
-37
5
19
12
44
33
-24
-23
-11
-41
-39
9
27
-3
-23
11
31
-1
-7
16
3
-11
-8
-18
-38
-28
-20
-21
0
27
26
-13
-34
0
1
-31
11
49
15
-17
-30
-30
0
26
13
-2
3
7
18
25
12
8
3
-31
-29
0
-12
-14
10
21
26
20
11
11
7
-1
-6
-25
-46
0
39
-3
-27
13
21
-8
-33
-16
23
5
-6
36
9
-57
-37
9
2
-7
34
51
13
-5
14
20
-6
-10
-2
-39
-52
-4
0
-17
18
29
9
18
18
8
11
-3
-16
-11
-11
-19
-17
-5
11
41
45
12
-15
-19
-16
-14
-7
2
6
3
-2
-4
4
0
-16
-9
-1
-12
-3
12
8
12
18
3
-8
-10
-33
-39
2
16
6
14
22
16
-6
-28
6
31
-1
-9
-9
-23
6
18
-8
3
14
-1
-19
-4
22
2
-20
3
23
5
-11
5
12
-2
16
48
11
-39
-28
-17
-45
-31
33
38
-10
-9
26
2
-20
0
-10
-7
9
-9
-19
2
11
-10
-6
10
-2
10
17
-8
-3
7
4
-2
-4
-5
-25
-24
0
22
15
-11
13
35
21
23
16
-26
-26
13
9
-23
2
19
-6
-2
6
2
-13
-26
-8
-2
-17
-13
-6
-8
2
15
12
23
33
6
-5
4
2
-16
-20
-8
-4
-11
-6
11
13
2
7
15
4
-18
-27
-12
5
-3
-5
13
6
-3
3
8
4
15
22
12
12
9
-5
-12
-26
-24
-12
-9
-7
7
20
12
-1
8
14
7
0
2
2
-16
-17
-5
-14
-14
6
9
-3
5
19
6
-16
-18
-14
-7
8
20
8
-15
-5
12
14
2
-21
-12
14
3
-9
1
13
-11
-21
12
23
6
-2
-3
-6
-6
3
7
-11
-16
4
8
-5
16
31
2
-11
7
14
-3
-15
-6
-2
-13
9
18
2
-3
-9
-10
-13
10
25
-2
-3
2
-26
-21
7
1
-16
-12
3
15
20
13
2
-5
-2
-2
-15
-6
3
-8
6
13
-5
-8
-9
0
12
13
6
14
28
13
-8
-5
4
-21
-26
-7
6
2
-17
-7
18
-4
-26
-7
2
10
17
25
17
-3
-4
0
-24
-29
-2
10
5
-8
1
0
-3
16
6
-15
4
13
-7
1
2
-10
-3
10
2
-3
10
10
-19
-29
7
-14
-37
7
38
17
21
44
8
-26
2
6
-27
-12
9
-8
-6
15
5
-6
-2
-5
6
11
5
16
11
-22
-30
10
6
-37
-11
16
-6
5
27
9
-9
-5
6
3
-5
7
5
-17
-14
-4
-1
-16
-14
15
26
9
24
29
0
-8
-23
-29
-22
-31
-6
25
18
28
27
-1
-6
-4
-19
-33
-34
-19
-11
-1
23
22
9
13
15
25
15
-15
-1
7
-10
-15
-1
6
-6
-4
20
19
-10
-14
7
-13
-27
-1
2
8
43
30
-12
12
12
-21
-6
-7
-50
-34
27
31
4
19
12
-14
3
5
-25
-18
5
-7
-20
-3
15
3
-12
5
16
1
-7
3
8
-12
-21
10
18
-4
5
21
-5
-15
20
18
-16
-8
12
-12
-20
8
23
13
-16
-38
-32
-29
-30
2
14
-13
-6
22
25
34
38
15
-5
-6
0
2
-1
-1
0
-2
-2
4
14
15
2
-1
13
1
-29
-32
-16
-18
-6
30
30
16
20
9
-5
13
15
5
2
-20
-34
-5
0
-8
-1
-13
-30
-20
1
9
24
16
-11
-11
-10
-18
-10
-5
1
13
21
13
6
16
17
-4
-8
11
2
-25
-23
6
13
3
0
2
2
-1
-6
-1
1
-9
2
5
-13
-2
3
1
21
22
-3
-13
-2
11
12
15
9
-14
-18
-12
-14
-3
6
-15
-9
5
-17
-4
33
21
-12
-3
3
-17
-25
-6
13
5
12
21
13
2
-5
-3
6
6
1
-1
-16
-30
-25
-8
9
11
13
28
18
-6
-2
2
-1
-1
-5
1
13
-1
-2
27
28
-5
-18
-14
-19
-30
-13
27
22
2
-3
-7
-5
1
-11
-9
2
-3
7
3
-6
5
12
-3
-12
-9
-13
-1
18
15
13
-5
-38
-32
5
8
-7
13
33
11
2
6
-26
-28
21
22
-14
-1
12
-21
-8
29
2
-29
2
31
19
20
19
-11
-24
-14
-6
-11
-26
-11
17
21
27
40
8
-33
-29
-5
-5
-15
-8
10
2
-23
-8
7
-3
0
-2
-5
17
11
4
28
13
-17
-16
-7
-3
-14
-24
-6
13
14
17
21
13
-8
-12
13
8
-6
-5
-11
-5
-8
-17
-4
9
12
22
17
-5
-6
-10
-3
-1
-13
-7
9
4
4
19
13
-3
-3
1
-4
-15
-27
-7
24
19
16
22
-2
-13
-4
-3
-6
-1
-21
-29
10
22
-8
-7
20
-1
-8
9
0
-2
0
-12
-17
4
-2
-20
-10
-5
-15
-13
-3
13
21
15
14
16
-3
-16
-22
-18
1
13
17
1
-32
-26
14
27
14
21
15
-13
-16
1
6
-2
-1
1
14
35
38
13
5
18
20
17
7
4
14
-13
-48
-7
23
-1
-12
-1
0
-24
-33
-23
-21
-24
-8
6
6
4
6
5
0
5
-4
1
21
3
-21
-18
-19
-23
-16
-1
18
7
1
31
29
-23
-22
7
-14
-30
1
-2
-23
2
17
8
14
30
19
5
4
-9
-13
-1
15
2
-2
9
-5
-26
-5
25
12
-3
-3
-12
-21
-5
21
19
16
12
-16
-34
-20
9
9
1
2
6
0
-7
3
20
22
-7
-25
-21
-15
-21
0
18
17
19
10
-1
-4
4
8
32
28
0
-16
-13
-16
-12
20
11
6
-2
-1
-2
-8
-17
-22
-8
-6
-6
2
15
2
-8
-28
-26
-5
5
-11
-11
20
21
9
9
22
4
-1
11
8
8
15
5
-20
-11
-6
-19
-6
21
7
-6
3
2
-3
4
-9
-34
-12
1
-3
0
10
22
23
14
-9
-11
6
-1
-5
10
13
-12
-20
5
23
27
32
15
-1
-6
-21
-35
-29
-12
-20
-35
-6
39
39
23
29
14
-15
-16
-14
-24
-16
-20
-32
-5
31
14
-14
3
25
16
9
14
-9
-37
-27
-16
-17
2
19
13
33
60
28
-33
-35
-16
-21
-11
13
15
7
20
22
8
3
5
-1
-19
-41
-24
7
5
-5
12
22
2
11
17
-22
-29
7
-2
-17
13
9
-27
2
42
25
11
8
-22
-20
6
13
8
3
-25
-32
2
8
-2
4
7
4
23
25
-5
-12
1
-2
-10
-12
-19
-23
-13
-7
-12
-4
25
28
11
-1
2
5
2
-5
-13
-20
-20
-9
-3
7
21
21
1
-14
-8
10
17
18
13
2
-10
-16
-8
-1
2
15
25
6
-20
-13
-8
-20
-2
21
15
2
5
-2
-19
-15
0
7
-3
-5
5
14
3
10
16
-14
-16
2
-6
-8
17
16
6
8
0
-14
-22
-12
1
-11
-3
18
23
3
-15
-12
-8
0
9
1
-10
-6
3
8
9
16
8
-6
-3
12
12
0
-17
-27
-19
7
9
-8
20
44
7
-10
4
-7
-19
-8
-15
-27
-6
4
-13
9
28
3
7
24
3
-19
-20
-3
1
-11
-13
-9
-7
-9
7
17
-5
-4
25
20
7
17
6
-7
-3
1
10
3
-18
-28
-24
-17
-16
1
11
5
34
40
17
3
-13
-23
-27
-13
-3
-22
0
55
41
5
11
23
2
-28
-19
-21
-15
11
-1
12
28
-19
-29
14
9
-17
12
30
-14
-13
6
-26
-17
12
4
7
5
-20
-16
18
2
-33
-10
-12
-23
31
34
-7
28
41
-15
-29
-5
-27
-37
12
23
30
59
28
-14
3
6
-13
14
29
-27
-20
23
5
-9
9
17
-1
-17
-3
-3
-9
-6
-25
-26
-3
9
-19
-48
-28
1
20
22
-6
-18
-31
-43
0
20
4
19
35
-6
-38
19
48
4
0
15
1
9
26
12
-12
-22
-12
5
21
20
28
15
-3
9
10
-9
-27
-38
-14
10
0
-1
-1
-25
-19
9
-5
-10
23
9
-11
5
12
-19
-12
5
-16
-8
15
20
16
35
21
-18
-23
1
-4
-10
23
23
-9
-8
14
-2
-9
11
2
-8
17
18
-12
-8
-7
-27
-10
21
2
-31
-19
1
11
15
11
-5
-12
-11
-5
-3
-16
-11
11
2
-20
-7
5
-11
16
52
17
-13
11
13
-8
0
11
-8
-19
-5
-7
-4
12
21
23
10
-9
-8
3
-1
-9
-17
-17
-21
-32
-21
1
2
11
23
7
-16
-21
-5
24
25
13
26
20
-17
-19
8
2
-11
28
33
-15
2
14
-34
-23
23
2
-4
32
35
-4
-24
-12
-16
-16
11
2
-24
-15
-7
-12
-4
-4
-8
3
26
31
-9
-17
6
-12
-31
2
21
7
4
10
11
9
14
13
-1
-13
-22
-11
15
15
12
21
-7
-38
-18
-2
-5
3
-4
-13
8
18
1
6
17
7
13
14
-25
-33
-1
0
-7
8
19
0
-17
-6
13
6
-3
9
12
-5
-4
11
6
-5
1
8
-12
-14
-1
5
1
0
0
1
6
10
4
-2
2
1
4
11
-10
-30
3
10
-19
2
24
-14
-16
23
-9
-43
-14
-13
-30
12
19
-15
-8
8
4
8
14
-1
-3
-8
-16
-19
-18
-14
-5
26
54
46
8
3
13
11
14
7
-23
-35
0
13
8
21
28
5
-4
17
13
-15
-28
-13
2
3
18
21
-15
-31
-13
-43
-40
47
54
-29
-16
35
-19
-35
52
56
-19
-12
17
-23
-39
-16
-44
-58
12
67
35
8
34
27
-24
-5
37
-28
-95
-46
0
-8
34
59
10
-1
29
5
-30
-7
12
-4
-5
10
-2
-48
-35
34
23
-31
7
42
7
3
30
0
-18
11
-3
-44
-33
6
17
16
17
13
-14
-30
-14
6
12
21
32
11
-18
-25
-13
-5
6
20
16
2
-16
-21
-4
10
0
-1
2
-1
-3
-19
-19
16
33
4
-15
-16
-13
-2
1
-6
8
7
-12
11
25
-9
-11
3
-2
14
13
-29
-12
42
15
-17
21
13
-36
-16
18
18
-4
-22
-10
6
-5
-15
8
16
-2
6
10
-12
-15
-7
-7
-1
5
6
7
14
24
14
4
7
1
-15
-21
-14
-9
16
23
-12
-19
0
-8
-1
13
-15
-36
-1
24
5
-4
11
12
-4
-2
5
-17
-29
-4
7
-3
1
4
6
16
19
17
11
-17
-26
-8
-3
-2
7
-2
-5
17
17
-2
-6
9
19
7
-8
-4
-3
-15
-13
-1
-4
-5
-9
-15
-5
2
3
8
8
4
11
13
-2
-6
4
0
-9
0
2
-5
-11
0
10
2
12
24
5
-15
-1
1
-3
5
1
-5
-1
-5
-3
0
-12
2
18
-1
-14
-7
-1
1
-2
-4
4
10
1
-13
1
11
-16
-21
13
9
-25
-5
19
7
9
13
-6
-7
6
-12
-15
16
16
-8
-3
5
-15
-2
26
0
-11
16
16
-18
-14
-4
-17
-5
14
6
6
3
-18
-18
-12
-12
8
20
4
11
25
7
12
24
-7
-24
-2
6
-1
-1
3
2
-14
-16
3
14
16
17
7
-3
-7
-23
-37
-21
-5
0
4
9
7
6
12
-3
-10
7
-2
-18
0
16
2
8
8
-15
-13
4
-3
-10
2
5
-2
-2
11
0
-14
-10
7
5
2
14
18
1
-18
-4
10
6
0
7
6
7
16
14
2
-10
-12
-7
-8
1
8
2
2
0
-4
3
10
2
-10
-19
-10
1
8
14
4
-10
5
20
-12
-22
7
2
-22
1
12
-16
-27
4
5
-4
16
13
-12
-13
-5
-17
18
37
4
-20
-17
-23
-7
19
5
-1
1
-2
-8
13
36
3
-32
-7
24
2
-23
-13
8
15
13
-2
-5
-33
-32
11
49
45
10
-31
-23
-4
1
10
2
-19
-19
-25
-11
45
21
-36
-12
39
17
18
24
-5
-25
-23
-14
31
49
-49
-4
47
-37
-35
110
-19
-113
19
82
-41
32
70
21
-128
-14
86
20
-56
16
-2
-168
44
66
68
55
71
-145
-72
15
6
-16
49
2
-26
-32
45
57
1
-61
-83
-72
11
81
49
104
42
-108
-101
9
-57
-32
57
47
-3
32
-6
-4
27
-37
-58
51
60
-41
-4
62
-9
-76
-17
21
-16
-6
35
44
6
-20
-15
9
-6
-38
2
30
-5
10
45
-7
-28
-5
-38
-31
43
40
0
38
31
-44
-20
7
-28
-38
14
0
-34
38
69
-9
-18
29
-27
-53
25
44
-22
-48
-6
-13
-15
42
49
4
8
29
-3
-14
15
-27
-70
-25
17
16
24
28
10
5
4
-7
-4
-12
-43
-31
2
-5
16
46
30
2
12
18
-19
-32
-20
-19
-30
-7
25
29
2
-5
11
7
-8
4
13
-13
-28
11
18
-25
-22
10
9
-13
-11
4
21
8
1
22
5
-18
-1
-2
-12
17
-2
-61
-33
11
3
15
34
27
21
0
-14
3
5
-22
-23
-18
-13
12
15
13
23
17
-8
-12
-5
-1
3
9
9
7
2
-4
-4
4
12
6
3
5
-6
-19
-8
5
11
9
8
-2
-10
-20
-13
12
-1
-21
-9
-2
-13
4
24
5
-7
11
-1
-13
10
17
0
-14
-15
-16
-5
8
7
16
5
-15
-9
6
11
3
-10
-6
-5
-1
6
3
-12
-19
4
2
1
8
9
2
3
14
-3
-11
-1
4
-1
-6
3
11
2
5
12
-4
-16
0
13
4
3
1
-2
-10
-18
-4
4
-2
6
16
6
0
7
3
-10
-10
-15
-8
6
1
-4
9
20
4
-1
2
-12
-17
-4
4
5
12
5
-7
-5
-1
1
7
4
-2
-5
-4
-6
-3
1
-5
-7
-1
7
4
4
3
-5
-8
-3
-9
-10
4
6
1
12
7
-7
3
8
0
9
13
-3
-3
2
-7
-7
-2
-4
-2
4
5
5
15
7
2
4
-2
-12
-8
-3
-11
-8
9
10
-2
2
1
-6
-1
9
0
-7
-8
-7
-3
2
-6
-2
6
-6
-2
21
16
-11
-1
4
-15
-7
20
16
0
1
0
-12
-15
6
12
-4
-1
13
3
0
9
-1
-11
-1
0
-9
-14
-9
-3
8
20
15
-11
-24
-8
-4
-14
2
5
-17
-17
9
14
2
-5
0
5
-1
-5
5
4
-4
4
7
3
10
11
-4
-3
11
-1
-7
7
-3
-23
-4
29
26
8
6
-2
-16
-9
12
12
-7
-11
-3
0
2
6
11
16
4
-12
-6
-1
-9
-3
12
9
-5
-12
-8
-9
-17
-8
4
5
-3
3
11
0
0
16
14
-8
-21
-19
-20
-14
2
14
11
4
10
10
-4
3
12
-12
-25
-12
-11
-15
-1
14
23
31
22
5
4
1
-17
-18
5
-4
-26
-9
13
8
13
29
12
-10
0
-2
-25
-18
3
-7
-18
4
26
12
-4
7
12
-7
-19
-13
-11
-11
-1
10
9
18
31
18
-4
-9
-14
-31
-23
-7
-12
-6
14
6
7
33
34
4
-1
9
-4
-24
-18
-9
-5
-3
-1
11
13
-4
-8
12
12
-2
-1
-2
-13
-14
0
1
-7
5
4
-15
-8
7
6
7
16
8
1
-1
-7
0
7
3
-10
-4
2
-6
-1
9
1
-7
5
-5
-14
2
11
-4
-8
1
-2
-5
1
4
4
9
5
8
12
5
-3
0
-2
-12
-6
4
2
4
6
-5
-3
10
3
-7
0
1
-8
5
8
-6
-8
1
-4
-11
-2
2
-9
-3
11
5
-5
-3
-1
-10
-14
-8
11
13
3
-6
2
7
4
12
5
-11
-6
2
-4
-5
5
8
3
1
-5
-5
3
0
1
7
4
-2
-3
-4
-3
-1
4
8
3
1
-7
-4
2
5
6
6
1
-12
-4
6
1
-1
0
-1
-9
-9
-2
-9
-6
-5
-8
-6
12
9
-4
2
9
-4
-7
7
7
2
-4
-5
4
17
15
7
3
-4
-3
4
7
3
2
4
-6
-6
1
8
-4
-8
4
7
-4
-4
8
2
-8
1
5
-5
-8
-3
-8
-11
10
15
-8
-8
0
-4
-5
3
0
-12
-4
6
2
0
5
5
-2
2
10
3
-9
-4
5
3
-3
1
-4
-16
-5
6
-9
-15
-3
-2
0
13
9
-7
-5
6
8
9
4
-14
-15
-2
-2
-3
6
4
-4
8
17
-3
-9
9
17
0
4
9
-14
-19
9
18
5
-1
9
3
-10
8
16
-2
-9
4
-4
-14
-2
3
1
5
5
-7
-8
-1
-6
2
13
6
-10
-3
4
-11
-12
6
-3
-9
9
7
-8
-3
2
-2
6
11
5
-5
-7
-5
-5
-9
-3
8
-2
-10
4
12
-2
4
15
-6
-19
-4
6
0
1
9
-1
-8
4
3
-5
-10
-1
4
5
5
5
5
-13
-5
8
5
1
7
8
-3
-6
6
0
-7
-3
-1
-1
2
9
4
-2
-7
-5
3
4
7
6
-2
-3
-1
-1
-7
-7
-7
-6
-1
3
7
2
5
8
-4
-1
3
3
-2
-6
-5
-4
-3
-3
4
3
-3
9
4
-6
0
11
5
-3
11
-1
-17
-4
5
-6
-4
6
-7
-13
8
4
1
15
11
2
9
8
-10
-1
10
-3
-7
-1
-5
-10
2
5
-3
0
1
-6
-10
-8
-8
-7
-1
2
2
-3
-6
-5
-4
-2
1
2
-1
1
3
12
14
11
8
14
8
-2
-2
-3
-4
0
9
-1
-3
5
6
10
12
4
-7
-8
-10
-12
-11
-4
-2
-3
2
-4
-8
-8
1
2
-3
-2
-11
-10
-5
2
0
1
3
-3
4
13
7
1
6
11
2
1
4
0
2
4
1
-8
-9
-6
-2
-3
-4
-2
2
6
5
14
10
-6
-4
2
-3
3
9
-3
-7
3
4
-4
2
10
6
1
1
-11
-10
-3
-2
0
-3
-7
-3
0
-5
-2
11
7
-2
4
9
-3
-3
3
-5
-8
-6
-15
-16
-3
2
2
4
3
-4
4
7
0
1
0
2
3
5
4
7
11
6
1
1
2
2
1
-2
-3
1
3
0
2
0
-4
-4
-3
-8
-5
4
4
3
3
1
-8
-5
2
4
3
-1
-4
-4
-1
-3
1
2
3
3
-1
-6
0
4
-3
-3
2
-4
-7
-6
-4
-5
-2
0
-5
-5
3
5
3
-1
3
1
-10
-6
0
3
3
5
5
2
5
10
5
4
5
3
-7
-8
-8
-5
-1
1
2
0
7
3
-1
2
2
2
3
0
-6
-2
3
-1
1
1
-3
0
1
-3
1
2
-1
4
5
1
0
2
-1
-5
-4
-1
3
-1
2
1
1
4
1
2
-3
0
-5
-6
-3
2
4
2
-5
-6
0
-8
-9
0
6
-4
-3
1
-2
-4
-1
-3
-5
7
6
0
0
0
3
-2
-4
1
2
-3
1
2
3
-2
7
5
0
4
2
-4
-4
2
-3
-2
0
2
-2
0
0
1
0
0
6
-1
-5
-2
3
1
7
6
0
4
6
1
0
3
-2
-1
1
-1
-5
-6
-4
-4
0
-1
-3
-7
-7
-6
-5
-5
-4
2
2
1
2
1
2
4
6
1
0
0
-4
-1
8
10
4
-1
1
5
3
4
3
-1
3
2
0
0
-1
-5
-8
-1
4
-2
-1
-1
-3
0
4
3
-3
-6
-6
-3
-2
0
-2
-3
1
-2
2
3
2
8
7
2
1
-1
-4
-2
-4
-1
2
5
1
-8
-3
2
-2
-2
-1
-3
-4
-5
1
5
2
5
0
-6
-2
2
2
3
1
0
-1
-4
1
2
0
4
3
0
0
1
-3
-1
5
1
-1
3
1
-3
-1
3
1
-1
5
7
4
3
4
3
0
1
-1
-10
-10
-2
-2
-3
2
3
-2
-5
-4
-2
-2
-3
2
1
-3
-4
-1
-2
-4
5
7
-3
1
7
-3
-3
6
3
1
-1
3
2
0
3
1
-1
-1
3
-6
-4
1
-4
-6
4
3
-8
0
3
-3
-1
3
-1
-1
5
0
-2
3
2
2
5
-1
-4
3
1
-3
0
5
-2
-3
1
-2
-4
0
0
-5
4
1
-6
0
1
-5
3
5
-1
-4
2
7
-3
1
2
-2
-4
1
2
-8
-2
1
-4
-6
0
0
-6
-1
5
1
3
6
1
2
2
-2
3
4
0
4
0
-4
0
1
0
2
3
3
2
5
3
3
2
2
-1
-1
-1
1
5
0
0
0
0
0
-3
-2
0
-4
-4
-2
-3
-2
-4
-3
3
-2
-4
0
-2
-5
-2
-1
0
4
1
1
-1
1
3
2
0
2
1
-1
0
3
8
0
-8
-1
-3
-5
0
4
2
-1
-3
1
3
-1
-4
-3
-2
0
-1
-1
0
0
-2
0
4
2
2
-1
-5
-2
-1
-1
2
1
2
4
3
3
1
5
2
0
6
4
0
1
1
-1
2
4
4
-2
-2
-1
0
2
1
0
0
1
-2
-2
3
0
-2
-5
-6
-4
-4
-5
-2
1
-2
-1
1
1
-1
-1
-2
-3
-3
2
0
-5
-1
5
4
8
5
-3
0
2
-1
-2
-1
-1
0
-4
-3
-3
-1
3
2
4
2
0
-2
1
-2
-2
-1
-4
1
0
1
5
3
4
2
1
-3
-2
2
6
2
4
4
0
-3
-4
-3
-5
-3
-2
0
-1
-3
-2
-2
-1
2
0
0
-1
-1
-3
-2
1
1
1
-1
4
4
-2
-2
3
4
-4
-1
-1
-3
-2
1
0
1
1
-2
-2
-3
1
1
2
4
5
5
4
-2
2
3
2
2
-3
-6
0
0
0
3
-3
-3
-3
0
-1
-2
1
2
-1
-1
1
-6
-3
3
3
1
1
6
0
2
3
2
2
0
-1
-2
-4
-3
0
3
0
1
0
-3
-1
1
3
1
0
2
0
-1
1
2
0
1
1
-1
-1
1
2
0
-1
1
-5
-5
-1
-2
-5
-1
-2
-4
0
1
-2
-3
0
-2
-2
1
-3
-3
1
1
2
4
4
3
1
1
-3
-1
1
0
2
2
2
0
-1
0
-3
0
-4
-7
0
2
-3
0
7
4
1
7
-1
-6
0
2
-6
-4
1
-3
-4
6
6
2
4
8
7
2
-3
-2
0
-2
-4
2
3
-2
7
10
4
1
7
2
-3
-2
-3
-9
-9
-3
1
3
2
3
2
-5
-5
-2
-6
-4
-2
1
2
-2
0
2
2
1
1
-2
-2
-2
-2
-2
-5
0
0
0
1
-1
2
2
0
1
-3
-7
-7
-2
4
5
3
1
-3
-1
4
2
3
1
0
-3
-4
-3
-2
-2
1
1
-2
-1
-2
0
2
4
5
1
1
1
1
1
4
5
2
0
0
-2
-2
3
1
1
1
-1
-4
-5
-3
-4
1
2
2
2
5
0
-2
3
1
-3
-1
0
-2
-2
2
1
2
4
2
3
5
2
-3
-3
1
3
0
-6
-4
-1
-3
-3
-2
1
0
-6
-5
-2
-3
-5
-6
0
3
4
3
4
5
3
2
-1
-5
-3
-2
-2
-2
-1
1
0
2
6
5
4
-1
-2
-4
-2
-3
0
3
3
3
3
5
4
3
0
0
0
1
1
-1
1
0
-2
3
-1
-3
-3
-3
-2
2
-1
-1
2
-1
-1
-1
-3
-4
-4
-1
-2
-3
1
3
4
1
2
1
-2
-4
-2
-4
-2
2
1
0
-2
2
1
1
-1
-4
-1
1
0
1
5
5
3
3
4
4
3
1
-2
-3
-4
-4
-1
-4
1
3
-1
-1
-2
-1
2
0
-2
0
2
1
1
5
3
1
3
4
5
5
0
-4
-5
-3
-2
1
-1
-2
2
1
2
-3
-1
-1
-3
-1
-3
-5
-3
-1
-2
1
3
2
0
5
-2
-3
-1
-2
-3
1
5
1
1
2
1
-2
2
4
-1
0
2
0
0
-1
-3
-4
-1
3
1
-1
-3
-3
-4
0
-3
-2
-1
-3
-4
0
0
1
-1
1
3
5
7
7
5
1
0
-1
0
-1
1
1
1
-2
0
2
2
0
-1
0
-1
2
1
-3
0
0
-1
1
2
0
0
-1
-2
1
-3
-1
2
-1
-2
1
1
-2
1
1
0
0
0
3
3
1
2
0
1
0
3
3
3
4
2
1
2
0
-3
-3
-2
-5
-3
0
-2
-2
-3
-3
-1
-4
-4
-5
-4
-4
-6
-6
-6
-4
-2
-2
3
4
5
5
2
0
1
-2
4
5
1
1
3
3
1
3
3
2
5
6
4
0
2
1
-2
0
-4
-2
-1
1
0
2
2
2
4
1
0
-3
-3
-6
-4
-4
-4
0
2
4
3
4
3
3
2
-2
-4
-5
-1
0
-1
2
4
0
1
4
4
-1
3
1
-2
-2
-1
0
-2
1
-2
-4
-1
-2
-2
-5
-2
-2
-3
1
-1
-3
0
0
2
3
1
0
2
0
-1
0
0
-2
0
1
-1
-3
-1
-1
2
5
1
0
2
0
0
3
1
-1
-2
0
-2
-2
0
1
4
1
0
1
0
0
1
1
0
1
-1
0
-1
0
1
-1
0
1
1
0
2
3
3
2
3
5
1
-2
2
5
-1
0
2
-1
-3
0
3
3
-2
-2
0
2
0
1
0
-2
-3
-3
-2
-2
-2
-3
0
-1
1
1
0
2
-1
1
-1
0
4
2
-1
-1
-2
-2
0
-3
3
2
0
1
-1
-5
-2
1
-1
-2
-2
1
0
1
0
-3
-5
-5
-2
-1
1
0
3
1
-2
3
3
4
1
0
0
0
3
0
1
-1
-2
-1
-1
0
1
0
0
-1
-1
1
1
1
1
0
-1
2
4
5
0
0
2
2
1
2
2
0
1
3
4
3
3
3
0
0
-4
-1
2
-2
-3
1
-1
-4
-1
-2
-1
1
0
0
-1
1
1
-1
-1
-1
0
-1
2
-1
-2
-1
-5
0
-1
1
-3
-3
-3
-1
-1
-1
0
-2
3
0
0
1
1
1
-1
-1
0
0
-1
-1
-1
-3
-3
-3
-1
-1
-1
0
2
-1
1
0
0
2
0
2
2
2
-1
-1
1
0
2
-1
1
0
-1
-1
3
1
2
2
2
4
1
2
3
2
2
4
1
1
2
-2
-5
-2
2
-1
0
4
0
-1
-1
-2
0
-5
-1
-2
-3
-3
-1
1
1
3
0
0
0
3
3
2
3
3
3
0
0
-1
0
1
-2
0
0
-1
-3
-3
-1
-2
-3
-1
-1
-3
-1
-1
-3
-1
-2
-1
2
1
2
2
-1
1
2
2
1
-2
0
0
-2
-1
0
-1
0
0
-2
-1
0
1
1
-1
1
0
1
-1
-1
1
1
4
3
2
4
2
1
0
1
-3
-1
-1
-4
-4
-2
-4
-1
0
0
0
1
2
0
-1
-1
-1
-1
2
-1
0
-2
1
4
2
1
0
0
1
1
-1
-1
-1
2
1
0
-1
-2
-3
-3
0
-1
-2
0
0
1
1
1
2
3
4
0
3
0
-2
-1
-2
1
4
1
-4
-2
-2
0
1
2
3
2
-1
-2
-5
-3
-3
-2
-2
-2
-2
-2
0
2
5
3
2
0
1
2
-1
-2
-2
-2
1
2
2
1
2
2
1
1
3
2
3
0
-3
-2
-1
1
-1
-2
-1
0
1
4
2
-1
-1
-1
0
-1
1
-1
0
0
0
2
1
-1
2
4
1
1
-2
-1
-1
0
-2
-3
-1
-3
-2
-3
1
2
3
2
0
2
-1
2
-1
1
1
0
-1
-2
-3
-1
0
-1
3
1
0
-1
-1
1
2
-1
-1
-1
-3
1
1
0
0
1
2
0
2
2
0
3
3
-1
-2
0
0
1
-2
-2
-2
-2
-1
-4
-1
1
-5
1
1
-1
-2
-1
0
0
2
0
-2
-1
0
-1
0
3
3
2
3
3
3
3
1
3
0
0
3
3
2
0
1
1
0
1
0
-1
-6
-4
0
0
-2
0
0
0
4
0
1
-1
1
2
-1
1
1
1
-1
-2
-3
0
2
1
-1
1
2
0
1
-1
-2
-3
0
0
-3
-1
-1
1
0
2
1
-2
-2
-1
-1
1
1
0
1
-2
0
-1
-2
-3
-3
-2
-1
0
-1
0
0
0
-1
-1
-1
0
1
-2
2
1
-1
-1
0
2
3
3
4
2
1
3
5
2
1
1
0
-4
0
1
-2
1
0
0
-2
-3
-2
0
-2
-1
-1
0
0
2
2
1
0
1
3
1
0
0
3
1
3
1
1
1
1
1
1
2
0
1
0
2
0
-1
-3
-1
0
-2
-1
0
1
-1
-2
-4
-3
-3
-3
-2
-4
2
0
0
1
-2
-1
-2
-2
-1
0
-3
-2
2
1
1
2
0
0
2
4
2
0
1
0
1
-1
-2
1
2
0
1
3
-1
0
-1
1
-2
-2
1
1
2
2
1
-3
2
1
-1
1
-1
-2
1
0
-1
2
1
1
1
3
1
2
1
-1
-3
0
-1
-2
-2
-4
-1
0
1
0
-1
0
0
-2
-1
1
-1
-1
0
-1
0
1
2
2
1
0
1
3
1
2
2
4
3
1
2
1
1
-1
0
-3
-3
-2
-2
-1
0
-2
0
-2
-2
-2
1
1
2
1
-2
-1
1
2
2
1
1
3
1
0
-1
-2
-1
-1
-1
-1
0
-2
0
1
0
-1
-2
-2
0
1
-1
-3
-1
-1
0
1
0
1
1
0
1
-1
1
1
2
1
3
3
3
2
1
-1
1
1
1
0
1
-1
3
1
-2
-2
-4
1
1
0
0
-3
0
0
0
1
1
-1
0
0
2
-2
-1
0
-2
-2
-2
2
0
2
2
-1
-1
-2
0
0
-2
-2
-3
0
1
1
0
0
-1
-1
-1
1
0
-1
0
1
1
-2
1
2
-1
-1
2
-2
0
0
0
-2
-3
-1
-1
-1
-1
1
-1
-1
1
1
1
3
1
4
3
1
1
0
2
3
1
2
0
-1
0
2
1
1
1
-1
2
0
-1
0
0
0
1
1
1
-1
0
-1
0
0
-2
-2
-3
-1
-1
0
0
2
-1
0
0
0
2
1
1
0
0
-1
-1
-1
-1
-4
-2
0
0
0
-1
-1
-1
0
-1
-3
-1
-1
-2
0
1
1
1
1
-2
-1
-2
-2
0
2
0
-1
1
0
-1
0
0
0
2
4
3
0
3
4
3
3
2
2
2
2
3
4
0
1
2
2
1
-2
1
-1
1
1
-2
-1
0
0
1
-3
0
3
0
1
-2
0
-1
-1
-2
-3
-1
-3
-1
3
0
-1
0
-2
-1
-2
-1
1
1
-1
0
0
1
2
-1
0
-1
1
1
0
-3
-3
-1
-1
3
0
-1
-1
-3
-1
-1
-5
0
-2
-1
0
-2
1
0
0
0
2
2
0
1
1
-1
2
1
2
4
2
1
1
-2
0
0
2
1
0
0
0
0
-1
0
2
3
0
3
2
1
-1
1
3
3
1
1
1
2
1
1
1
1
0
2
1
0
2
-1
0
-1
-1
0
-1
0
3
-1
-1
-2
-3
-1
-2
-2
-3
-5
-5
-6
-4
-3
-4
-5
-2
-2
-3
-2
-2
0
-1
-1
3
1
0
0
0
2
1
3
1
0
2
1
0
2
2
1
2
1
1
2
3
1
3
2
1
0
0
1
1
4
-1
2
4
-3
-1
1
2
-1
2
0
2
2
0
2
-1
-1
0
1
2
1
-1
-1
-2
-5
-3
-2
-3
-4
0
-2
-3
0
-2
-1
0
1
-2
2
1
1
0
-1
0
-2
-2
0
-2
0
2
0
-3
1
-1
1
-3
-1
0
-2
0
0
2
-1
2
-1
0
0
0
2
2
0
-2
1
-2
0
2
1
0
4
1
0
1
1
4
1
1
0
0
-2
-1
0
-1
1
-1
0
0
0
0
-1
-2
1
-2
0
1
3
3
0
2
0
0
1
2
2
2
2
0
0
3
3
3
2
-1
-1
-1
-4
-2
1
0
-4
-2
-4
-1
-1
-1
-1
-2
-3
-5
-1
-2
-2
-1
-4
-2
2
0
1
4
2
2
3
3
0
-1
-4
-5
-2
1
3
3
3
3
-1
-2
0
-1
1
0
1
2
-1
-4
-1
-2
-5
0
-1
-1
0
0
1
-1
2
3
1
4
3
1
3
1
2
3
1
0
1
1
1
2
4
2
2
-1
-2
0
0
0
1
-3
-1
2
-1
-2
-4
2
-3
-3
1
-1
0
0
-1
-2
-1
0
0
-2
-2
0
-1
-2
-4
-9
-17
-19
-13
1
9
6
2
-3
-3
5
12
12
9
6
6
6
7
7
3
4
1
-2
2
6
1
-1
-1
-4
-4
-1
0
-2
-6
-5
-7
-4
-1
-1
-2
-9
-4
-3
1
4
2
2
1
-2
1
4
1
0
1
4
1
3
2
2
0
0
1
1
1
-2
1
1
0
-2
-1
-1
-1
1
-2
-3
-4
-1
-1
0
-1
-3
-1
-1
1
0
-1
0
1
1
0
-1
0
0
1
1
2
2
1
0
2
2
0
1
0
-2
0
-1
-2
-1
-1
1
-1
-3
-1
-2
0
0
0
-1
-1
0
-1
0
-1
1
1
3
-1
0
2
2
0
0
2
-2
0
3
0
4
0
-2
-1
1
3
0
-3
0
-1
2
3
2
2
1
2
2
3
-1
-2
-3
-1
-1
-3
-1
-2
0
-3
-3
-2
0
0
-3
-1
0
0
2
1
0
0
2
0
-1
2
2
4
3
-1
-1
-1
1
0
-2
-2
-2
-2
-2
0
-1
-2
2
2
2
2
1
-2
-3
-2
-3
-1
-1
-3
-1
1
1
4
4
4
2
1
3
5
0
0
0
-1
-2
-3
-4
-1
1
0
2
0
-3
0
1
1
-1
0
1
1
0
1
1
1
0
-1
0
1
1
2
0
-1
-1
1
0
-2
-1
-1
-1
-1
3
1
0
1
0
0
0
0
0
-1
-1
-3
-1
1
-2
-2
-2
0
2
2
1
2
3
2
1
2
-1
-1
2
0
-2
-1
0
-1
-1
-1
-1
0
-2
0
3
-1
-3
1
-1
3
0
1
-4
-2
0
-2
-2
2
1
1
3
0
1
2
-2
-2
1
-2
-2
-3
1
0
-1
-2
1
-1
-1
0
-1
-2
-1
-1
0
1
2
2
2
1
0
1
0
1
-2
2
-1
0
-1
-3
-3
0
2
0
2
2
1
4
3
1
5
3
1
1
0
1
-1
0
0
1
1
-1
-1
-2
-1
-4
-1
-1
-5
1
1
0
0
-1
1
-2
1
1
-1
0
0
1
0
-2
0
-4
-1
1
-2
-3
-2
-2
-4
1
0
-1
1
1
-1
-2
0
1
3
0
1
0
3
1
0
4
0
1
2
-1
-1
0
2
-2
-2
0
-2
0
0
1
0
-2
0
1
-1
1
0
-1
1
1
-1
-1
1
2
0
2
0
0
-1
-3
-2
0
-2
1
0
0
0
0
1
-1
0
1
1
1
-2
-3
0
-1
-2
-3
-2
0
-3
3
2
3
5
0
0
1
3
3
2
0
0
-1
0
1
2
1
4
3
3
2
0
3
1
0
0
-2
-3
0
-1
-1
0
1
0
-3
-3
-2
0
-1
-1
-1
-2
0
0
-1
-1
0
-1
1
0
0
-2
-2
-2
-1
0
-1
0
0
1
-2
-2
-2
-1
1
0
3
3
-1
1
1
1
2
1
3
2
2
2
2
3
-1
-1
1
-2
-1
1
2
0
-4
-1
-2
-2
-1
-2
0
2
-1
0
0
-1
3
-1
-1
1
1
3
1
3
1
-1
1
-1
1
1
1
-1
-1
-3
-2
1
-2
-5
-2
-1
0
1
1
1
2
0
-2
2
0
1
2
0
0
0
-2
1
-1
0
3
-2
-3
1
2
2
0
1
2
2
1
-1
-1
-2
1
2
2
-1
0
-1
-3
-1
0
1
0
-2
-2
-2
0
3
1
2
1
2
1
0
2
-1
1
0
0
2
0
0
0
-2
-1
1
-1
0
-4
-1
0
-1
2
3
2
1
-3
-2
1
-1
1
1
-3
-4
-3
-1
0
1
-2
-1
-3
-2
-1
-2
-1
0
3
3
1
4
3
1
0
2
2
0
2
0
-2
0
0
-1
2
1
-1
-3
0
-3
0
1
1
2
1
0
2
1
2
0
1
-2
-2
1
-1
-1
0
1
0
2
1
1
0
0
1
-1
-1
2
1
0
3
-2
-6
0
0
-4
-1
0
-2
-1
-1
-1
1
1
0
1
1
2
2
-1
1
1
0
1
-1
0
3
1
0
1
0
2
-2
-2
1
0
0
-1
-1
-1
-1
0
2
0
-1
1
1
1
0
2
2
1
0
-3
-1
-2
1
0
-1
0
-3
-1
-3
0
-2
-4
1
4
3
1
3
0
-1
0
3
-1
0
1
-1
-2
0
0
0
1
-2
2
5
0
1
-2
-2
1
1
-3
-4
-4
-3
-1
0
1
0
0
0
1
-1
-9
-2
4
3
-1
-2
-1
-3
2
2
2
5
4
3
-1
-1
0
0
-2
0
1
2
1
-1
-2
0
2
0
0
0
0
-1
-1
0
2
4
4
2
2
4
1
1
2
4
0
3
1
1
1
3
1
-2
-2
-2
0
0
0
-1
-3
-4
0
-1
-2
0
1
0
-4
-3
-2
-2
-1
0
0
-2
-3
1
-2
2
0
0
0
-2
-1
0
1
-2
-1
-1
-3
-2
-1
-1
-3
-1
-1
-3
-1
0
-2
0
3
2
2
4
3
1
3
2
2
2
1
-1
-2
-1
-3
-2
-2
0
0
1
3
1
3
-3
0
0
-1
1
-2
0
-2
-2
-2
1
-1
0
2
-1
1
1
-2
-2
0
0
0
2
1
1
1
-1
1
2
2
-1
0
3
2
1
2
3
1
2
2
-3
-2
-1
-3
0
0
2
1
1
1
1
0
0
1
3
2
-1
2
2
2
-1
-1
-1
-5
1
1
-1
0
-1
0
0
-1
-4
-2
-1
-2
-2
0
-3
-2
0
-2
-2
-1
0
0
1
0
1
1
-1
0
-1
0
2
3
2
-2
0
-2
-1
0
-1
0
1
1
1
2
2
0
3
3
2
0
3
4
0
0
1
1
-1
0
0
-2
4
1
-4
-1
1
-3
-2
-2
-6
-2
-3
-5
-3
1
1
0
-5
-1
0
-2
-3
-3
2
-2
-1
-1
0
0
0
-1
1
1
-1
1
0
2
3
3
0
-1
-1
1
4
2
5
1
2
1
2
4
3
6
3
2
2
1
2
1
2
4
2
0
2
2
1
3
-1
-2
-2
-1
-1
0
0
-1
-2
-1
-1
-2
-5
-3
-4
-3
-3
-3
-2
-4
-2
-1
-2
-2
-2
-2
-3
-1
1
-1
1
1
0
2
1
2
1
3
4
2
1
1
0
1
1
2
0
0
2
0
2
3
2
-1
-1
-2
-4
-2
-2
-3
-4
-2
-2
-1
0
-2
-4
-3
1
1
1
0
1
0
2
-2
-2
-1
-1
0
-1
0
0
2
3
1
1
3
2
1
-2
0
2
2
1
-1
0
4
2
2
3
1
2
0
1
-1
3
4
4
2
1
-1
1
0
0
0
-1
1
-1
0
-1
-1
0
-3
0
-1
-1
1
0
-1
0
-2
1
4
0
-1
1
-1
1
0
-1
0
-1
-1
-2
0
-2
0
-1
-2
-4
-4
-1
2
1
1
-1
-2
-1
0
-3
-4
-3
-2
-3
-1
0
0
0
-1
0
0
0
1
-1
0
-1
3
1
1
-1
2
1
0
3
-1
-2
0
0
-2
1
0
-1
-1
0
3
1
2
2
0
3
2
2
3
1
2
2
3
-1
0
1
0
3
5
2
4
2
0
2
2
0
0
0
-1
2
0
-1
-2
1
0
0
-1
0
1
-2
1
-1
-3
-1
-3
1
2
2
0
-4
-2
-4
-4
-3
-1
0
-1
-1
-1
-1
-3
-1
0
-3
-3
-1
-3
-2
-3
-3
-2
-1
-1
-1
0
0
0
2
1
1
-1
0
4
1
5
4
2
1
-1
0
0
-1
2
0
-1
2
1
2
2
1
-2
3
5
4
3
0
2
0
-1
-1
-1
-1
2
1
2
1
-1
-2
-2
-1
-2
0
-2
-2
-3
0
1
-1
2
0
-4
-3
-6
-4
-2
-3
-1
0
-3
-2
3
4
2
1
-2
0
3
2
1
2
0
-3
-1
1
2
3
2
1
3
3
5
4
4
0
-2
-1
2
1
0
0
-3
-2
-2
-1
-2
-1
-2
-2
-1
-4
-2
-4
-2
-1
-3
-2
-2
-1
-2
0
3
0
0
1
2
0
2
4
4
3
2
0
0
-1
-1
0
-1
1
0
0
-1
-2
0
-1
-2
-2
0
2
1
1
2
3
1
1
-1
-1
1
0
-1
-1
-2
0
-2
0
0
0
1
-1
-2
-1
1
-1
-3
-3
-2
0
-1
2
0
-3
-1
2
4
1
-1
0
0
1
2
1
3
0
2
1
1
1
0
-2
-3
2
1
-1
-1
-1
-2
0
2
0
2
2
3
1
-1
-3
-1
1
0
-1
-2
3
2
0
-1
-2
-4
-1
3
0
-1
1
1
-1
0
-1
-3
-2
0
1
0
2
-1
0
-1
-2
-2
1
2
-1
2
1
2
-1
-2
3
1
0
1
2
0
-2
0
1
-1
1
-2
-1
2
1
1
0
-2
-2
-4
-1
-3
-1
0
-3
0
1
2
0
-1
2
2
1
2
-1
-2
-1
-3
-2
1
2
1
-2
-4
-2
-1
-2
-4
-5
-1
3
2
2
2
4
4
1
0
1
4
0
1
0
-3
-3
-2
1
1
-1
-2
0
2
0
-2
-2
-3
-2
2
1
1
2
1
1
1
2
1
-2
1
2
4
4
1
2
2
2
4
2
0
-1
2
1
-2
1
0
-1
1
0
-2
-2
1
0
-1
0
-2
-2
-2
-3
0
-2
-2
0
0
-1
-2
-1
-2
-1
-1
-3
-2
-1
-2
-2
-1
-3
-2
-2
0
0
0
1
0
2
0
1
0
2
0
-2
0
0
3
4
0
1
3
3
1
1
3
2
2
1
1
1
-2
3
5
0
-3
1
1
1
4
0
2
4
-3
-4
1
0
4
-4
-6
5
-2
-6
-1
-2
6
3
-8
7
6
-8
5
2
-4
5
-8
-8
4
3
3
-12
-12
0
-6
-4
1
3
9
-15
-18
11
-2
-4
34
5
-32
6
21
-41
-20
78
26
-66
12
31
-39
-16
22
28
32
-16
-46
0
12
-26
15
69
-6
-40
11
-4
-59
-2
97
8
-66
12
-4
-45
15
64
21
-59
26
22
-145
3
123
-36
-16
49
-37
-21
32
3
-52
23
107
-60
-153
71
76
-65
24
48
-7
20
-19
-59
47
78
-72
-66
32
-17
-4
14
-17
25
53
-7
-49
0
54
-25
-31
41
-93
-81
178
39
-155
85
117
-63
-20
-3
-40
33
5
-137
-29
205
60
-168
12
151
-26
-43
-15
-98
11
83
-103
-77
227
151
-205
-27
192
-93
-125
39
-27
-8
-20
-96
126
169
-82
-32
54
-43
-11
31
-112
-177
59
151
-4
86
79
-139
65
154
-187
-76
72
-151
-12
131
-39
-18
68
67
-14
-70
54
-32
-144
80
7
-183
69
116
-51
67
59
-70
39
76
-98
-53
123
-2
-96
83
18
-122
62
111
-29
-26
-10
-8
16
-26
-128
-111
125
87
-148
102
249
-125
-154
64
-69
-47
187
47
-135
40
117
-106
-48
212
-10
-176
70
-46
-180
177
179
-102
-64
-86
-106
81
102
-17
18
30
-110
-70
135
112
37
-14
-199
-197
79
178
8
40
229
-77
-391
-113
88
-87
-21
317
285
-23
-121
-49
-157
-173
62
16
-12
358
265
-229
-170
10
-233
-60
342
36
-193
61
-25
-149
-62
72
169
25
11
81
-83
-102
-52
-201
77
302
17
59
161
-58
-171
-233
-103
21
24
267
227
90
-41
-363
-269
5
-135
134
471
128
-61
2
-170
-122
-149
0
233
24
-5
33
55
-110
23
207
-151
-80
21
-234
-125
241
331
-117
-171
-35
-70
-321
150
485
-89
-258
80
-105
-21
201
54
85
-149
-77
-44
-46
149
327
-157
-270
112
76
45
209
-80
-216
-176
-195
100
95
192
334
-110
-175
-197
-88
138
-48
-87
-19
25
-26
411
309
-128
-188
-253
-313
12
549
163
-110
58
-116
-354
-120
295
217
-27
-25
-186
-186
320
-168
-127
85
-16
179
135
-160
-213
39
-52
10
262
221
-70
-67
-158
-118
-2
-36
204
329
62
-118
-102
-273
-113
-11
-218
282
267
28
-20
-22
-151
-472
-101
255
197
156
89
-12
-41
-106
-239
195
254
-146
130
99
-209
-173
-106
133
306
85
-124
-8
-5
-69
-186
-110
324
-68
-135
-36
59
-66
-102
292
113
-61
14
-85
-67
49
86
56
-174
-32
-161
-60
58
112
40
-86
265
232
-172
4
30
-140
-26
-108
-107
59
66
-129
141
82
-39
-24
-78
192
305
-79
-191
-112
-258
-226
258
270
9
175
-115
-156
88
149
-135
-314
-64
-57
109
270
150
35
70
-126
-107
7
37
-123
-301
-245
-67
349
368
63
-2
133
65
-153
-86
169
60
-78
-166
-272
-304
-118
126
253
348
205
-49
168
-17
-187
-164
-203
-141
-198
-182
220
568
364
75
-145
-226
-190
-23
85
138
-24
11
-27
-152
-222
-122
127
40
86
143
27
-5
92
17
-38
-115
-110
-179
-104
89
161
113
45
9
-83
-113
-139
2
63
81
150
116
-53
-116
-69
27
101
117
-56
-122
89
181
-17
-73
-3
43
47
37
23
-75
-80
-117
-48
44
-58
-110
-70
87
82
25
-19
-63
-59
27
-29
-41
50
-22
-55
68
67
-13
70
62
55
43
67
-21
9
-39
-101
-14
64
60
-6
0
-69
-96
-4
53
16
-33
-18
-43
-8
-95
-62
19
76
90
-55
4
90
84
-21
27
55
-31
-46
-125
-20
63
-69
-39
84
63
38
-58
-44
42
35
6
24
29
-2
13
10
-16
-42
7
-15
33
45
-54
-56
-15
10
-46
-90
-15
49
14
17
-3
22
65
36
22
-20
-29
0
48
72
-9
-25
-45
-43
7
-10
-21
-10
26
-29
-1
22
-1
-8
-27
-27
-31
-16
2
-1
64
24
-45
-23
46
30
2
28
-15
1
58
33
-53
-48
-42
-36
30
70
16
-28
-1
29
-1
-3
12
-16
-2
-28
-38
9
24
-4
3
-10
-16
-23
22
30
9
9
1
-8
-2
19
23
35
1
-16
-24
-21
-33
-19
-4
-12
1
8
19
1
-2
14
9
-13
9
-8
-23
0
12
5
-9
13
5
-4
8
18
-8
-9
19
18
-7
-27
-19
27
12
-21
-18
0
-1
-10
16
13
-13
12
15
3
-17
2
22
6
-9
-11
-9
-9
2
1
-8
8
22
-1
-14
15
19
-9
-7
7
6
7
-2
-19
4
10
-14
-15
1
16
2
11
3
-2
-11
2
-3
-4
-6
-8
-10
-2
3
-11
4
-6
2
10
7
-9
-6
-10
-13
-9
19
9
2
1
2
-6
-12
30
11
-13
-19
6
24
6
-15
-16
-2
-11
9
34
29
3
-12
-22
-22
-18
7
9
-3
-4
14
5
-27
-3
25
14
-5
-6
-5
1
10
9
-8
11
15
-10
-24
3
14
-4
-27
-13
40
24
-20
-28
1
-2
-15
-9
20
11
12
3
-16
-3
-4
-10
-7
13
11
13
-9
-9
2
2
-1
30
14
-22
-13
1
21
18
-5
-18
-9
-10
-7
4
25
-9
-24
15
29
12
-20
-21
3
14
-9
-7
4
0
6
-11
-24
-16
5
8
-6
2
25
7
-3
22
0
-28
-5
27
21
10
-11
-27
-33
-16
4
-8
8
18
3
7
9
-21
-25
2
13
9
-13
-16
-6
-11
-17
13
39
30
-17
-22
12
13
-3
3
14
-18
-6
24
-5
-38
-11
19
9
30
82
16
-43
-22
-17
-30
-3
36
-19
-23
32
47
18
-26
-30
-7
-12
-38
-39
57
71
-18
-32
-18
-20
-16
10
-1
-12
29
32
-15
-12
27
24
-14
39
53
-26
-27
15
34
-3
-39
-44
-39
-34
-25
4
46
35
7
13
20
-17
-14
19
-20
-55
-42
-42
-41
21
89
45
-21
62
79
-45
-90
-33
-28
-30
57
61
-41
-56
-7
-16
-10
37
18
27
96
57
11
42
22
-48
-71
-76
-63
-30
-28
33
94
44
-6
-9
1
1
-30
-21
51
-14
-106
-27
41
48
67
11
-21
23
3
-7
70
92
-5
-75
-28
-8
-59
-48
-51
-51
-12
25
41
31
3
6
27
9
-22
-34
15
66
26
0
14
-65
-190
-191
-10
128
61
-16
17
25
9
6
-20
9
47
17
31
96
135
106
34
19
31
-59
-95
-28
-30
-29
0
4
49
77
30
-52
-94
-56
-45
-133
-180
-144
-86
-51
-32
35
73
39
77
119
76
86
136
127
100
107
125
74
2
20
27
-51
-62
-18
-35
-50
5
27
-47
-100
-54
-2
-5
-41
-34
-12
-83
-150
-54
1
-92
-105
8
128
219
155
-80
-202
-122
-56
-107
-97
2
45
25
34
26
-87
-139
87
303
231
106
45
-42
-75
-76
-69
18
49
-51
-95
-14
65
59
60
91
64
-23
-50
2
-20
-125
-140
-12
9
-21
-19
25
25
40
69
63
8
48
96
43
-12
4
48
78
88
59
12
-39
-11
-3
-44
-49
-44
-80
-64
5
37
48
25
-58
-108
-76
-47
-76
-69
-29
0
-144
-219
-70
139
75
54
143
183
105
50
20
46
66
0
-69
12
134
86
-54
-140
-147
-167
-155
-106
-13
119
200
141
89
91
48
-107
-220
-190
-56
24
91
158
155
97
98
14
-94
-70
41
5
-72
-89
-52
-40
-94
-188
-198
-166
-197
-189
-75
33
24
17
55
93
79
109
131
127
98
117
109
95
73
60
40
81
112
159
254
337
253
81
-28
-59
-51
-46
-54
-93
-94
-126
-140
-67
-1
-151
-226
-61
95
106
148
171
153
142
86
-40
-43
10
-61
-132
-56
40
14
-44
-33
33
26
-52
-75
-2
11
-84
-187
-202
-183
-198
-231
-230
-202
-216
-312
-377
-339
-284
-277
-259
-158
-19
64
91
80
22
-33
5
78
84
9
-48
-29
0
-5
59
163
194
155
215
356
420
355
293
280
250
213
208
234
225
167
93
37
3
27
79
89
60
70
140
229
339
421
375
238
150
120
67
0
-13
64
188
269
276
317
429
519
569
693
824
808
687
566
402
185
8
-112
-268
-478
-648
-720
-703
-643
-574
-485
-377
-344
-427
-538
-609
-699
-843
-1006
-1138
-1239
-1328
-1437
-1541
-1585
-1560
-1498
-1418
-1329
-1232
-1125
-1053
-1020
-998
-952
-887
-803
-693
-567
-422
-228
-3
224
469
773
1119
1449
1734
1972
2178
2336
2445
2496
2484
2425
2337
2228
2080
1897
1678
1463
1282
1142
1040
959
871
777
693
613
525
448
375
291
203
134
85
40
20
33
43
40
47
56
10
-114
-236
-311
-411
-595
-776
-878
-989
-1190
-1372
-1405
-1330
-1259
-1208
-1094
-911
-749
-682
-659
-588
-497
-495
-569
-606
-624
-756
-1021
-1263
-1446
-1755
-2302
-2872
-3189
-3337
-3637
-4115
-4406
-4280
-3962
-3736
-3470
-2890
-2053
-1257
-570
257
1295
2265
2908
3339
3865
4500
4956
5071
5036
5081
5167
5107
4905
4703
4529
4285
3935
3568
3231
2860
2367
1742
1076
459
-105
-669
-1263
-1882
-2469
-2887
-3078
-3346
-3999
-4634
-4518
-3813
-3512
-3785
-3600
-2418
-1127
-543
-163
798
1989
2561
2599
2928
3695
4062
3536
2803
2685
2908
2609
1709
954
764
757
470
-2
-258
-210
-243
-599
-990
-1046
-983
-1298
-1903
-2210
-2029
-1806
-1909
-2092
-1946
-1474
-1043
-834
-594
-80
474
659
557
608
819
672
-150
-1316
-2272
-2901
-3576
-4635
-5849
-6652
-6827
-6724
-6646
-6403
-5703
-4667
-3632
-2621
-1369
146
1497
2349
2922
3682
4643
5354
5536
5454
5510
5731
5884
5843
5744
5730
5760
5687
5515
5405
5361
5132
4508
3659
2908
2299
1539
437
-816
-1929
-2816
-3593
-4327
-4975
-5494
-5852
-5933
-5664
-5149
-4564
-3951
-3203
-2258
-1169
-73
906
1696
2298
2809
3300
3685
3809
3665
3428
3238
3078
2857
2561
2213
1831
1446
1104
796
453
31
-439
-880
-1251
-1562
-1855
-2169
-2505
-2785
-2898
-2854
-2764
-2688
-2556
-2270
-1836
-1320
-756
-186
294
589
732
831
844
519
-306
-1407
-2373
-3112
-3918
-4980
-5991
-6513
-6548
-6448
-6313
-5829
-4889
-3816
-2888
-1888
-528
962
2068
2712
3314
4123
4864
5183
5176
5182
5312
5416
5414
5416
5495
5561
5548
5499
5473
5429
5274
4916
4317
3558
2792
2052
1177
30
-1225
-2278
-3066
-3805
-4584
-5190
-5468
-5538
-5521
-5276
-4665
-3890
-3218
-2549
-1601
-421
620
1358
1983
2654
3247
3587
3730
3808
3776
3545
3211
2946
2730
2429
2002
1555
1166
845
540
176
-275
-745
-1134
-1448
-1775
-2146
-2458
-2669
-2809
-2910
-2938
-2847
-2657
-2390
-2049
-1633
-1174
-696
-250
70
211
225
103
-313
-1093
-2020
-2815
-3568
-4542
-5648
-6416
-6620
-6572
-6551
-6344
-5589
-4403
-3235
-2172
-905
624
2008
2951
3685
4541
5377
5802
5799
5717
5769
5785
5598
5317
5128
5048
4978
4880
4788
4725
4632
4426
4045
3531
2991
2438
1719
728
-365
-1296
-2065
-2886
-3820
-4628
-5107
-5346
-5492
-5471
-5125
-4516
-3849
-3121
-2174
-1002
133
1034
1797
2576
3330
3859
4086
4101
4018
3839
3539
3133
2679
2226
1799
1389
999
654
381
151
-121
-445
-743
-961
-1182
-1506
-1871
-2129
-2297
-2518
-2798
-2965
-2920
-2764
-2600
-2341
-1883
-1332
-859
-448
0
371
401
24
-548
-1152
-1866
-2833
-3965
-5057
-5962
-6620
-6989
-7049
-6847
-6392
-5625
-4518
-3169
-1740
-296
1139
2454
3550
4480
5330
5998
6288
6232
6102
6049
5931
5615
5216
4938
4780
4610
4426
4335
4306
4172
3870
3536
3234
2833
2205
1370
464
-442
-1360
-2302
-3239
-4119
-4842
-5284
-5467
-5482
-5336
-4904
-4149
-3254
-2366
-1417
-288
863
1778
2470
3133
3775
4151
4153
3984
3844
3638
3201
2624
2139
1765
1373
927
528
244
-1
-252
-481
-657
-842
-1095
-1377
-1654
-1910
-2148
-2360
-2557
-2754
-2882
-2823
-2580
-2330
-2138
-1839
-1281
-626
-123
255
672
956
713
-30
-759
-1247
-1946
-3250
-4768
-5780
-6230
-6637
-7148
-7300
-6829
-6045
-5248
-4224
-2696
-956
474
1556
2664
3945
5104
5816
6080
6120
6110
6081
5986
5756
5379
4981
4705
4555
4445
4357
4320
4249
4008
3653
3370
3142
2688
1843
817
-74
-809
-1599
-2533
-3484
-4307
-4931
-5320
-5460
-5409
-5231
-4888
-4280
-3384
-2301
-1163
-74
924
1841
2747
3609
4248
4520
4495
4379
4236
3951
3457
2866
2301
1747
1192
724
404
124
-228
-577
-758
-805
-911
-1163
-1446
-1626
-1752
-1931
-2182
-2422
-2612
-2726
-2745
-2670
-2505
-2240
-1831
-1345
-871
-409
137
648
742
271
-403
-863
-1297
-2225
-3663
-4992
-5789
-6310
-6890
-7324
-7228
-6690
-6066
-5319
-4083
-2374
-701
609
1776
3100
4477
5533
6120
6372
6454
6446
6360
6158
5795
5334
4934
4638
4386
4183
4114
4100
3919
3558
3288
3221
3050
2457
1569
736
37
-707
-1589
-2572
-3602
-4542
-5138
-5323
-5390
-5510
-5407
-4791
-3845
-2898
-1928
-748
501
1489
2255
3101
4000
4501
4408
4133
4071
4005
3556
2830
2236
1867
1495
1023
615
343
103
-162
-383
-500
-602
-808
-1133
-1477
-1743
-1933
-2133
-2412
-2734
-2944
-2950
-2849
-2743
-2565
-2209
-1759
-1365
-956
-404
214
648
759
549
94
-478
-1061
-1756
-2802
-4159
-5351
-6003
-6271
-6562
-6842
-6681
-5968
-5025
-4056
-2831
-1260
272
1421
2390
3576
4847
5682
5894
5851
5931
6036
5897
5515
5113
4790
4485
4215
4067
4054
4034
3889
3660
3460
3331
3157
2767
2086
1232
421
-275
-1016
-1970
-3038
-3907
-4446
-4807
-5127
-5265
-5062
-4604
-4051
-3328
-2297
-1094
-48
777
1633
2623
3483
3931
4039
4056
4043
3872
3497
3006
2492
1976
1479
1044
689
415
178
-60
-317
-508
-602
-720
-986
-1348
-1630
-1799
-1995
-2312
-2616
-2777
-2844
-2920
-2936
-2740
-2372
-2008
-1697
-1280
-712
-161
203
398
430
147
-462
-1112
-1628
-2310
-3467
-4775
-5587
-5824
-5994
-6326
-6361
-5757
-4820
-3939
-2943
-1490
141
1384
2250
3251
4506
5494
5840
5822
5849
5919
5776
5409
5006
4641
4273
3943
3750
3671
3607
3522
3420
3256
3039
2856
2677
2274
1524
647
-37
-592
-1349
-2367
-3320
-3915
-4252
-4548
-4753
-4665
-4275
-3745
-3122
-2269
-1199
-154
675
1387
2159
2935
3487
3671
3600
3463
3320
3093
2689
2158
1654
1261
942
616
320
125
-19
-207
-445
-606
-668
-797
-1111
-1494
-1736
-1839
-2006
-2302
-2557
-2615
-2581
-2608
-2595
-2354
-1934
-1589
-1359
-1033
-529
-51
230
317
198
-226
-854
-1388
-1839
-2615
-3870
-5028
-5519
-5572
-5774
-6095
-5926
-5133
-4214
-3425
-2366
-823
678
1627
2355
3440
4693
5434
5522
5487
5631
5708
5476
5115
4816
4516
4141
3834
3731
3708
3650
3539
3404
3206
2990
2839
2622
2083
1218
397
-184
-764
-1650
-2659
-3399
-3826
-4191
-4552
-4638
-4339
-3869
-3412
-2835
-1944
-869
95
832
1506
2232
2889
3292
3400
3339
3228
3060
2772
2355
1902
1516
1187
849
503
259
132
-4
-257
-529
-657
-694
-862
-1227
-1576
-1740
-1822
-2023
-2293
-2426
-2421
-2445
-2516
-2423
-2109
-1776
-1557
-1311
-896
-437
-111
121
297
190
-347
-1028
-1477
-1862
-2697
-3948
-4930
-5267
-5362
-5664
-5905
-5582
-4822
-4088
-3364
-2225
-703
619
1479
2279
3383
4489
5103
5251
5300
5398
5399
5240
5023
4778
4470
4163
3978
3904
3834
3758
3687
3558
3314
3066
2927
2707
2133
1282
509
-55
-687
-1580
-2525
-3231
-3708
-4126
-4442
-4474
-4237
-3916
-3533
-2904
-1987
-1010
-190
496
1208
1956
2588
2972
3115
3103
3020
2897
2695
2379
1989
1616
1297
1002
722
511
348
124
-173
-400
-479
-567
-847
-1245
-1537
-1666
-1805
-2056
-2299
-2400
-2429
-2498
-2555
-2458
-2213
-1964
-1785
-1541
-1138
-694
-360
-114
119
185
-140
-736
-1217
-1528
-2101
-3166
-4258
-4817
-4945
-5142
-5450
-5409
-4858
-4146
-3485
-2596
-1293
62
1037
1766
2668
3759
4622
4996
5065
5119
5200
5192
5053
4818
4553
4294
4085
3949
3877
3856
3829
3698
3447
3202
3067
2928
2515
1791
1004
365
-221
-949
-1812
-2628
-3294
-3835
-4245
-4445
-4410
-4231
-3966
-3541
-2870
-2000
-1094
-294
397
1066
1759
2380
2773
2913
2934
2937
2878
2675
2355
2034
1732
1399
1037
752
584
407
122
-192
-363
-424
-562
-858
-1171
-1358
-1481
-1670
-1921
-2102
-2202
-2328
-2500
-2569
-2462
-2292
-2171
-2000
-1639
-1183
-823
-554
-219
103
82
-375
-912
-1224
-1555
-2325
-3417
-4256
-4593
-4769
-5086
-5309
-5070
-4452
-3803
-3139
-2162
-855
373
1261
2041
3012
4034
4711
4945
5011
5120
5206
5135
4925
4669
4433
4225
4063
3950
3867
3812
3753
3624
3404
3192
3061
2842
2311
1538
829
288
-340
-1241
-2207
-2920
-3405
-3901
-4381
-4573
-4406
-4139
-3911
-3498
-2716
-1751
-944
-318
361
1164
1890
2343
2581
2734
2824
2798
2660
2469
2247
1978
1662
1338
1066
878
716
465
133
-131
-237
-331
-597
-963
-1220
-1346
-1537
-1864
-2125
-2193
-2243
-2449
-2667
-2648
-2448
-2317
-2266
-2058
-1618
-1173
-881
-600
-169
250
323
-22
-474
-772
-1063
-1671
-2612
-3503
-4038
-4310
-4571
-4806
-4750
-4326
-3773
-3208
-2436
-1314
-102
831
1517
2291
3232
4033
4443
4571
4651
4737
4738
4623
4459
4310
4179
4035
3893
3821
3872
3960
3881
3617
3357
3240
3097
2668
1998
1326
719
18
-809
-1598
-2299
-3044
-3810
-4325
-4460
-4469
-4536
-4480
-4049
-3318
-2555
-1815
-1028
-192
572
1252
1907
2459
2784
2885
2917
2949
2893
2699
2402
2077
1744
1440
1209
984
708
401
165
22
-134
-335
-575
-823
-1115
-1448
-1730
-1956
-2186
-2480
-2768
-2936
-2989
-2974
-2916
-2789
-2558
-2225
-1786
-1294
-833
-392
52
425
507
263
-86
-392
-813
-1581
-2522
-3262
-3723
-4134
-4578
-4756
-4503
-4048
-3635
-3120
-2208
-1034
-14
742
1496
2402
3239
3783
4107
4355
4505
4491
4397
4354
4331
4231
4072
3978
3992
4062
4155
4216
4162
3980
3785
3650
3407
2892
2171
1444
746
-49
-953
-1839
-2621
-3336
-3982
-4457
-4680
-4696
-4583
-4348
-3935
-3301
-2511
-1698
-953
-254
468
1184
1769
2154
2403
2588
2687
2649
2523
2400
2267
2031
1702
1436
1296
1166
917
598
361
223
43
-261
-600
-885
-1160
-1504
-1891
-2219
-2481
-2738
-2982
-3139
-3186
-3173
-3110
-2931
-2618
-2216
-1755
-1244
-736
-299
103
531
839
788
389
-58
-388
-819
-1580
-2478
-3153
-3550
-3883
-4183
-4232
-3940
-3499
-3056
-2474
-1593
-556
328
981
1592
2294
2966
3419
3634
3747
3856
3956
4002
4007
4038
4115
4194
4231
4259
4360
4520
4581
4440
4166
3906
3654
3257
2607
1813
1053
333
-480
-1415
-2313
-3020
-3597
-4166
-4652
-4852
-4749
-4549
-4332
-3918
-3171
-2305
-1563
-896
-112
747
1432
1863
2195
2539
2766
2767
2626
2499
2404
2236
1966
1680
1466
1319
1151
915
658
461
295
42
-339
-732
-1044
-1355
-1780
-2271
-2651
-2875
-3069
-3307
-3461
-3415
-3239
-3049
-2800
-2364
-1790
-1240
-772
-314
204
669
925
883
595
191
-240
-745
-1439
-2280
-3048
-3568
-3899
-4136
-4220
-4008
-3563
-3072
-2524
-1729
-700
250
899
1405
2029
2723
3205
3385
3457
3587
3728
3802
3844
3937
4089
4218
4312
4427
4607
4780
4824
4691
4454
4199
3911
3454
2742
1873
1057
348
-450
-1474
-2525
-3253
-3682
-4165
-4757
-5057
-4841
-4459
-4249
-3974
-3240
-2234
-1458
-947
-300
590
1354
1731
1942
2262
2595
2699
2592
2483
2459
2423
2274
2050
1844
1705
1577
1337
978
644
413
124
-360
-910
-1307
-1610
-2041
-2592
-3007
-3175
-3289
-3479
-3590
-3440
-3152
-2920
-2678
-2247
-1659
-1107
-660
-239
215
659
1007
1117
903
457
-2
-415
-979
-1797
-2644
-3226
-3557
-3845
-4062
-3992
-3614
-3188
-2825
-2300
-1448
-487
219
662
1136
1780
2392
2753
2928
3123
3376
3589
3754
3958
4243
4519
4701
4838
5017
5230
5351
5266
4973
4575
4149
3667
3030
2179
1236
375
-374
-1170
-2109
-2992
-3576
-3947
-4376
-4816
-4905
-4575
-4197
-3975
-3609
-2832
-1916
-1256
-766
-101
735
1383
1718
1977
2350
2689
2795
2725
2656
2654
2613
2436
2162
1912
1737
1541
1196
739
346
48
-332
-879
-1413
-1769
-2063
-2501
-2986
-3250
-3275
-3308
-3445
-3456
-3198
-2845
-2595
-2351
-1908
-1332
-847
-489
-97
363
747
948
966
788
395
-111
-603
-1107
-1756
-2500
-3090
-3400
-3545
-3648
-3613
-3331
-2899
-2473
-2011
-1332
-490
213
634
1011
1570
2183
2584
2778
3006
3353
3665
3869
4100
4448
4784
4962
5053
5181
5317
5315
5107
4747
4275
3712
3105
2451
1663
745
-124
-833
-1521
-2341
-3140
-3649
-3921
-4237
-4600
-4683
-4370
-3976
-3726
-3372
-2671
-1825
-1160
-629
43
838
1473
1852
2165
2547
2880
3013
2977
2921
2889
2801
2600
2301
1981
1704
1411
1006
508
63
-278
-672
-1204
-1731
-2089
-2338
-2659
-3038
-3277
-3307
-3273
-3271
-3213
-2989
-2680
-2433
-2197
-1823
-1298
-833
-530
-241
175
580
770
766
698
500
26
-565
-996
-1338
-1922
-2723
-3273
-3349
-3291
-3401
-3454
-3133
-2582
-2134
-1725
-1054
-202
434
771
1169
1823
2464
2834
3068
3406
3814
4152
4455
4789
5079
5226
5296
5377
5410
5297
5037
4657
4124
3463
2789
2174
1501
670
-216
-964
-1534
-2041
-2591
-3221
-3851
-4269
-4353
-4309
-4405
-4496
-4228
-3630
-3022
-2458
-1711
-778
30
631
1283
2141
2898
3194
3160
3216
3453
3516
3209
2770
2457
2200
1832
1409
1057
750
381
-73
-489
-762
-974
-1317
-1831
-2299
-2562
-2711
-2943
-3254
-3469
-3482
-3359
-3211
-3039
-2750
-2375
-2030
-1699
-1236
-651
-158
164
446
780
1034
1086
958
698
245
-379
-971
-1409
-1884
-2560
-3211
-3475
-3409
-3374
-3400
-3162
-2587
-2037
-1671
-1177
-347
468
884
1104
1594
2339
2904
3159
3443
3933
4395
4667
4918
5297
5603
5651
5536
5442
5310
5001
4518
3920
3198
2384
1632
1004
345
-449
-1193
-1727
-2202
-2816
-3414
-3749
-3935
-4257
-4588
-4548
-4145
-3775
-3550
-3113
-2285
-1392
-712
-43
849
1774
2380
2717
3082
3493
3677
3533
3261
3033
2796
2461
2041
1613
1232
894
559
185
-213
-572
-885
-1243
-1668
-2070
-2359
-2613
-2946
-3298
-3503
-3516
-3482
-3454
-3334
-3025
-2623
-2259
-1891
-1420
-882
-433
-92
279
733
1100
1214
1128
1003
809
381
-259
-852
-1297
-1824
-2518
-3087
-3280
-3264
-3314
-3360
-3150
-2677
-2183
-1744
-1209
-514
143
616
1041
1609
2254
2774
3159
3552
4018
4485
4902
5254
5504
5637
5691
5685
5572
5309
4895
4367
3744
3033
2284
1566
901
226
-487
-1141
-1607
-1966
-2405
-2979
-3547
-3938
-4171
-4390
-4621
-4691
-4467
-4035
-3540
-2909
-2036
-1016
-52
795
1629
2491
3234
3649
3736
3704
3676
3529
3124
2599
2179
1872
1516
1093
764
588
396
32
-399
-712
-942
-1327
-1903
-2453
-2824
-3115
-3450
-3769
-3933
-3893
-3712
-3455
-3125
-2667
-2083
-1514
-1043
-578
-45
443
742
912
1092
1245
1212
996
728
431
-48
-694
-1242
-1587
-1986
-2580
-3041
-3095
-2988
-3069
-3171
-2934
-2436
-2071
-1864
-1444
-698
0
404
806
1531
2380
2966
3360
3889
4546
5041
5321
5594
5869
5951
5813
5602
5368
4998
4464
3862
3229
2540
1829
1212
678
77
-615
-1205
-1610
-2023
-2609
-3229
-3727
-4186
-4658
-4932
-4881
-4715
-4560
-4178
-3355
-2291
-1294
-366
630
1625
2419
2977
3428
3768
3805
3498
3112
2885
2696
2318
1841
1518
1350
1151
882
658
460
111
-417
-976
-1443
-1894
-2442
-3028
-3501
-3815
-4014
-4072
-3929
-3655
-3363
-3007
-2485
-1869
-1321
-855
-411
-42
182
362
612
825
894
881
882
833
688
555
443
127
-480
-1045
-1297
-1480
-1975
-2624
-2952
-2926
-2944
-3136
-3102
-2625
-2051
-1729
-1436
-766
191
963
1416
1880
2577
3299
3800
4146
4510
4887
5138
5227
5249
5295
5317
5178
4847
4422
4008
3584
3070
2413
1668
931
256
-409
-1115
-1776
-2297
-2755
-3273
-3777
-4081
-4147
-4160
-4246
-4260
-3959
-3350
-2713
-2161
-1473
-539
376
1047
1626
2300
2910
3200
3206
3158
3154
3085
2814
2389
2004
1750
1483
1075
637
304
19
-383
-908
-1403
-1787
-2155
-2611
-3070
-3329
-3394
-3480
-3610
-3530
-3159
-2759
-2507
-2235
-1785
-1255
-829
-529
-243
98
436
670
804
956
1157
1306
1297
1140
906
683
473
66
-632
-1338
-1763
-2070
-2574
-3119
-3312
-3174
-3063
-3059
-2867
-2329
-1676
-1222
-904
-410
332
1025
1450
1840
2457
3164
3685
4072
4530
5037
5434
5634
5672
5621
5516
5292
4851
4240
3595
2973
2310
1560
781
101
-411
-879
-1466
-2076
-2457
-2644
-2957
-3473
-3892
-4040
-4117
-4244
-4235
-3899
-3324
-2691
-2006
-1157
-133
889
1711
2309
2776
3142
3331
3297
3095
2812
2498
2163
1794
1463
1277
1164
917
533
207
-29
-387
-934
-1522
-2033
-2511
-2981
-3361
-3566
-3563
-3455
-3339
-3158
-2775
-2237
-1759
-1420
-1119
-758
-366
-59
113
250
467
701
819
892
1088
1340
1448
1390
1250
1004
652
240
-308
-1103
-1974
-2601
-2995
-3382
-3758
-3871
-3633
-3240
-2883
-2520
-1972
-1231
-581
-234
55
627
1338
1801
2110
2643
3395
4041
4511
4998
5541
5992
6195
6097
5804
5469
5046
4378
3534
2717
1984
1251
551
-53
-579
-996
-1322
-1749
-2294
-2670
-2813
-3075
-3586
-3977
-4064
-4080
-4109
-3907
-3404
-2783
-2087
-1257
-354
550
1438
2178
2622
2857
3011
3023
2842
2566
2270
1956
1681
1475
1262
1035
892
733
376
-102
-515
-950
-1536
-2141
-2594
-2944
-3228
-3350
-3290
-3104
-2793
-2400
-2048
-1733
-1359
-975
-712
-545
-364
-178
-11
176
391
600
819
1042
1220
1345
1448
1484
1379
1135
733
144
-487
-1041
-1668
-2495
-3218
-3526
-3607
-3761
-3848
-3538
-2942
-2440
-2111
-1692
-1060
-419
-7
244
667
1369
2078
2582
3105
3894
4751
5322
5629
5915
6170
6155
5800
5256
4643
3995
3304
2551
1780
1132
657
205
-324
-814
-1158
-1457
-1834
-2315
-2851
-3313
-3572
-3738
-3986
-4139
-3895
-3430
-3112
-2758
-1960
-964
-279
184
810
1505
1946
2169
2363
2496
2510
2452
2322
2128
2001
1925
1685
1270
878
547
128
-350
-826
-1289
-1705
-2001
-2257
-2499
-2543
-2374
-2284
-2314
-2191
-1887
-1665
-1564
-1397
-1178
-1008
-842
-621
-383
-103
250
551
753
957
1182
1277
1247
1244
1202
1016
790
639
463
153
-274
-744
-1183
-1621
-2215
-2942
-3417
-3487
-3539
-3809
-3847
-3316
-2652
-2286
-1956
-1277
-415
230
647
1123
1816
2558
3107
3475
3944
4594
5110
5295
5387
5563
5602
5327
4882
4400
3827
3180
2544
1884
1166
538
60
-454
-1045
-1528
-1839
-2145
-2503
-2780
-2916
-2961
-2976
-3002
-3019
-2955
-2842
-2794
-2699
-2323
-1791
-1360
-906
-160
677
1271
1727
2253
2635
2637
2467
2350
2140
1722
1268
914
614
342
137
-34
-216
-379
-522
-715
-961
-1211
-1477
-1743
-1932
-2027
-2080
-2039
-1850
-1632
-1461
-1204
-805
-488
-377
-255
13
236
318
437
648
771
797
879
984
990
904
806
662
454
234
-16
-367
-837
-1362
-1859
-2266
-2632
-3087
-3537
-3631
-3362
-3155
-3095
-2779
-2062
-1416
-1115
-788
-128
580
996
1285
1821
2601
3298
3748
4139
4656
5157
5373
5288
5108
4914
4575
4052
3471
2891
2301
1746
1258
753
184
-322
-669
-1034
-1570
-2108
-2393
-2522
-2782
-3156
-3299
-3069
-2765
-2675
-2672
-2397
-1788
-1193
-935
-825
-442
212
700
828
972
1392
1814
1892
1757
1732
1816
1763
1447
1004
681
552
429
84
-383
-629
-603
-665
-1003
-1346
-1418
-1365
-1480
-1706
-1792
-1651
-1464
-1370
-1306
-1079
-660
-273
-103
-34
169
451
563
488
440
519
617
608
543
540
596
598
485
348
272
201
34
-190
-363
-545
-901
-1416
-1870
-2226
-2696
-3260
-3509
-3278
-3012
-3053
-2974
-2332
-1510
-1113
-976
-530
195
701
898
1220
1907
2682
3232
3607
4060
4643
5093
5181
5021
4869
4701
4302
3690
3110
2635
2139
1612
1182
794
274
-295
-714
-1062
-1577
-2177
-2559
-2717
-2895
-3087
-3054
-2752
-2411
-2154
-1899
-1580
-1283
-1155
-1209
-1330
-1384
-1317
-1085
-620
24
638
1123
1620
2135
2371
2184
1844
1589
1245
692
229
114
149
74
0
90
190
99
-116
-323
-597
-968
-1276
-1424
-1494
-1499
-1352
-1033
-662
-350
-105
64
151
160
87
-42
-98
-28
65
122
275
588
827
810
685
600
400
-24
-422
-584
-700
-964
-1232
-1367
-1530
-1817
-2032
-2108
-2308
-2720
-3018
-2918
-2628
-2440
-2262
-1847
-1241
-707
-303
119
639
1173
1637
2045
2444
2854
3261
3659
4014
4276
4411
4433
4366
4184
3847
3370
2858
2401
1990
1544
1031
530
129
-194
-556
-985
-1397
-1732
-1998
-2220
-2430
-2630
-2737
-2643
-2402
-2220
-2156
-2052
-1850
-1664
-1478
-1098
-508
17
367
709
1123
1440
1566
1635
1698
1637
1436
1253
1171
1085
905
696
550
432
248
-30
-316
-544
-738
-944
-1123
-1216
-1229
-1227
-1220
-1148
-995
-813
-654
-523
-412
-319
-221
-92
26
108
178
281
383
411
383
381
389
293
108
-40
-81
-113
-202
-272
-279
-301
-415
-539
-588
-658
-924
-1408
-1959
-2429
-2730
-2801
-2646
-2364
-2051
-1740
-1444
-1195
-978
-747
-503
-285
-70
238
681
1207
1753
2274
2767
3218
3583
3811
3858
3753
3585
3400
3193
2987
2828
2710
2565
2339
2037
1691
1320
893
389
-165
-685
-1082
-1342
-1500
-1568
-1560
-1548
-1596
-1686
-1751
-1805
-1926
-2169
-2471
-2672
-2606
-2236
-1703
-1175
-700
-243
179
499
674
713
637
520
489
612
836
1034
1144
1197
1215
1180
1055
814
506
200
-31
-159
-199
-173
-129
-119
-154
-212
-278
-387
-563
-746
-869
-902
-861
-767
-632
-462
-300
-191
-163
-230
-364
-540
-724
-877
-958
-939
-825
-673
-544
-448
-351
-243
-183
-206
-255
-255
-200
-139
-84
9
156
296
360
328
224
76
-98
-254
-335
-303
-190
-53
58
151
223
271
276
242
194
169
181
256
399
589
799
1005
1183
1279
1301
1263
1201
1128
1058
1019
1047
1108
1141
1146
1140
1119
1047
915
754
597
439
279
141
42
-38
-107
-171
-255
-384
-557
-742
-913
-1070
-1191
-1232
-1185
-1089
-997
-910
-826
-781
-805
-867
-904
-886
-828
-732
-589
-388
-163
40
187
268
296
284
252
218
202
218
254
299
345
376
371
307
194
52
-94
-248
-391
-495
-546
-560
-554
-536
-508
-475
-451
-445
-436
-395
-335
-273
-208
-130
-41
62
160
256
344
425
484
499
479
446
426
420
426
441
468
483
447
327
145
-42
-190
-293
-353
-358
-339
-315
-320
-357
-418
-475
-500
-475
-399
-299
-203
-142
-106
-74
-30
32
135
283
450
583
660
690
682
641
578
529
535
581
627
650
653
644
605
524
426
340
268
201
140
94
60
25
-18
-60
-93
-125
-161
-207
-237
-256
-260
-243
-211
-172
-134
-95
-60
-37
-38
-59
-65
-64
-64
-72
-81
-92
-98
-112
-131
-142
-154
-165
-194
-229
-262
-299
-345
-382
-411
-425
-431
-428
-413
-387
-359
-345
-344
-350
-345
-338
-320
-282
-220
-149
-69
-3
43
67
72
72
69
73
88
103
114
126
149
178
200
200
187
161
122
81
44
24
20
39
71
109
133
130
98
45
-4
-51
-89
-123
-143
-143
-130
-107
-94
-97
-114
-120
-112
-92
-68
-38
6
75
151
217
264
300
335
374
411
437
458
458
460
477
509
533
530
501
471
453
426
371
295
232
206
210
219
207
171
123
73
13
-61
-158
-234
-272
-265
-224
-193
-190
-201
-192
-164
-144
-172
-261
-368
-446
-474
-458
-403
-311
-208
-124
-108
-167
-291
-401
-437
-378
-233
-68
15
-29
-174
-297
-275
-139
-6
37
-22
-116
-163
-186
-242
-352
-443
-409
-239
-58
-20
-155
-300
-299
-155
-3
64
57
87
231
429
528
478
370
341
445
590
635
561
450
370
331
277
171
56
-3
-28
-75
-172
-310
-430
-479
-465
-449
-455
-468
-465
-464
-460
-433
-390
-351
-318
-268
-203
-129
-66
-4
73
174
263
324
359
378
396
424
471
524
577
644
715
749
716
636
579
571
583
571
531
474
414
369
340
294
211
106
36
44
77
60
-20
-105
-161
-176
-141
-157
-399
-819
-1012
-718
-236
-27
-144
-286
-250
-78
17
-95
-309
-307
46
463
587
358
41
-144
-202
-258
-338
-356
-306
-312
-427
-508
-491
-486
-566
-648
-645
-612
-616
-596
-470
-299
-167
-77
30
133
183
186
181
203
256
339
437
515
514
429
340
290
246
168
67
-8
-48
-68
-109
-196
-298
-358
-373
-374
-401
-473
-562
-634
-669
-685
-695
-685
-629
-538
-432
-341
-273
-218
-152
-64
39
147
274
430
604
747
819
856
893
939
984
1021
1060
1102
1144
1178
1195
1166
1093
989
873
761
655
555
461
394
339
272
177
68
-29
-114
-210
-317
-390
-406
-387
-376
-384
-390
-373
-328
-261
-190
-140
-129
-143
-137
-95
-55
-49
-87
-139
-176
-206
-248
-293
-319
-329
-349
-378
-413
-452
-491
-535
-575
-607
-624
-626
-622
-626
-627
-599
-548
-511
-497
-479
-430
-361
-294
-225
-154
-80
-11
48
100
141
165
173
162
152
154
160
157
141
116
79
28
-39
-110
-166
-188
-189
-207
-286
-424
-577
-701
-781
-813
-777
-684
-573
-483
-417
-353
-280
-208
-125
-11
130
306
507
721
930
1116
1266
1381
1479
1565
1641
1694
1724
1747
1757
1730
1636
1474
1274
1087
926
784
640
489
355
237
127
-5
-163
-306
-408
-468
-508
-541
-566
-576
-564
-541
-519
-488
-427
-342
-261
-194
-144
-98
-57
-29
-8
9
24
20
-17
-79
-153
-230
-307
-391
-476
-551
-612
-681
-777
-893
-991
-1053
-1082
-1085
-1074
-1046
-994
-936
-882
-835
-783
-709
-611
-496
-368
-226
-78
50
138
178
190
190
192
199
206
213
213
206
190
171
160
147
127
98
57
10
-28
-53
-61
-45
-3
40
58
16
-97
-242
-363
-426
-427
-382
-306
-215
-131
-62
-12
43
107
185
267
363
481
612
751
879
996
1107
1205
1286
1347
1384
1401
1391
1369
1340
1307
1254
1175
1076
958
838
709
569
425
296
193
107
26
-54
-135
-226
-316
-391
-442
-484
-509
-514
-497
-459
-422
-390
-369
-356
-338
-314
-280
-240
-208
-194
-204
-230
-284
-356
-437
-507
-562
-604
-640
-676
-703
-726
-755
-784
-816
-853
-887
-916
-933
-924
-894
-848
-792
-729
-664
-611
-564
-509
-435
-351
-262
-171
-91
-22
44
106
159
198
217
229
240
255
280
318
352
365
353
316
268
238
233
257
291
313
290
204
45
-135
-234
-195
-35
175
363
475
474
362
180
8
-89
-96
-19
119
290
442
543
590
593
553
498
446
417
422
449
501
570
642
692
713
716
697
654
600
544
501
474
465
467
473
471
446
408
366
314
249
186
126
58
-14
-81
-127
-151
-168
-183
-202
-237
-294
-367
-430
-474
-503
-505
-489
-469
-466
-484
-514
-561
-609
-651
-678
-682
-673
-658
-650
-645
-645
-653
-672
-694
-711
-713
-702
-675
-630
-575
-520
-471
-435
-405
-379
-353
-309
-246
-175
-110
-41
27
83
129
175
217
256
278
287
299
311
331
343
359
370
369
364
356
344
329
317
313
308
292
271
250
236
232
238
255
280
302
307
300
282
263
253
261
287
317
344
353
355
337
300
261
224
191
162
128
94
67
35
-7
-45
-85
-125
-161
-189
-209
-220
-222
-209
-187
-167
-147
-123
-100
-66
-21
33
89
142
194
234
253
264
279
297
317
327
325
307
285
259
226
186
142
89
21
-60
-141
-209
-257
-279
-285
-281
-281
-296
-325
-363
-402
-425
-425
-408
-382
-360
-340
-327
-316
-300
-278
-251
-227
-210
-211
-222
-233
-235
-215
-182
-145
-110
-79
-63
-58
-61
-61
-49
-34
-19
-4
1
-1
-10
-10
-4
6
23
39
48
43
39
38
44
57
82
100
120
133
131
121
111
117
132
158
187
220
251
269
270
260
245
233
222
211
196
183
166
153
141
129
127
125
113
88
60
41
33
31
40
51
64
71
65
49
39
35
30
26
12
-5
-29
-58
-86
-111
-116
-116
-119
-131
-145
-171
-198
-217
-226
-207
-172
-131
-92
-59
-36
-20
-15
-3
15
43
68
91
99
98
100
99
102
102
100
95
89
67
44
36
45
64
78
89
94
91
79
57
44
47
59
71
64
42
5
-38
-75
-104
-126
-141
-149
-155
-172
-192
-201
-200
-193
-191
-195
-187
-170
-159
-149
-120
-78
-49
-38
-28
-21
-19
-25
-21
-3
18
42
53
46
31
17
7
-26
-80
-119
-106
-58
-36
-45
-32
9
26
-15
-65
-67
-3
89
163
194
175
131
93
89
80
51
51
121
193
166
74
36
69
69
15
-42
-82
-113
-93
-21
47
94
146
205
216
147
20
-94
-134
-109
-70
-18
62
115
94
58
34
-8
-62
-72
-35
5
28
9
-38
-40
21
82
108
140
172
143
72
20
-13
-55
-64
20
122
145
112
90
64
12
-60
-121
-165
-173
-155
-127
-55
-17
-71
-98
-16
7
-147
-268
-227
-147
-104
-70
-35
8
95
146
87
-7
-62
-117
-156
-117
-43
-33
-30
41
100
52
-61
-134
-116
-37
17
-10
-29
19
31
-29
-34
35
40
5
74
165
133
24
-29
10
92
107
35
34
139
140
7
3
139
125
-12
-15
100
110
4
-63
-43
26
53
-22
-74
-26
-33
-124
-98
-3
-74
-190
-137
-38
-84
-170
-181
-162
-122
-77
-83
-86
-23
-2
-53
-34
54
54
1
33
97
113
98
72
46
64
111
87
16
24
77
52
-4
2
40
45
29
19
34
63
54
0
-25
28
61
28
5
35
55
12
-30
-28
-15
-13
-21
-47
-61
-24
7
-3
-36
-42
-8
33
33
-22
-54
-4
49
25
-16
-11
25
40
28
14
29
48
29
1
15
42
26
11
34
35
33
61
60
3
-5
49
64
28
2
-1
21
48
22
-41
-33
29
3
-71
-76
-57
-69
-85
-94
-122
-119
-82
-98
-147
-126
-79
-85
-99
-83
-69
-44
-11
-38
-75
-18
60
22
-29
9
58
44
12
-4
-17
5
7
-52
-67
4
32
-17
-28
21
40
21
-1
-17
4
49
40
-13
-2
49
53
25
-2
-18
-3
24
-20
-90
-67
-5
-17
-69
-67
0
34
-2
-30
23
80
39
-28
9
86
64
1
22
89
91
34
23
67
69
10
-8
48
75
25
7
70
109
75
39
68
120
114
73
67
95
100
64
48
65
73
52
31
36
43
20
-10
-9
8
11
6
2
-1
-5
-4
-1
-7
-13
-19
-24
-21
-23
-43
-66
-65
-48
-50
-76
-95
-88
-82
-98
-116
-107
-93
-96
-100
-90
-84
-96
-108
-91
-60
-53
-74
-78
-49
-36
-51
-61
-41
-18
-27
-36
-34
-25
-31
-50
-57
-39
-27
-46
-58
-41
-26
-40
-51
-30
-8
-8
-19
-18
-4
-1
-12
-12
9
25
9
-6
13
20
-4
-14
12
33
19
4
21
43
41
24
34
66
73
51
57
98
104
76
78
123
141
114
103
144
164
136
123
145
163
134
113
130
150
118
78
88
115
97
46
43
70
58
21
20
41
18
-19
-6
17
-1
-35
-29
0
-8
-41
-48
-25
-18
-46
-60
-42
-37
-60
-75
-57
-49
-65
-83
-76
-63
-64
-81
-84
-70
-67
-75
-80
-65
-65
-78
-85
-77
-74
-89
-95
-88
-81
-87
-95
-86
-84
-87
-93
-81
-66
-68
-75
-68
-47
-44
-55
-55
-37
-23
-41
-53
-32
-13
-33
-56
-36
-9
-22
-50
-42
-12
-3
-23
-30
-4
23
7
-15
8
52
46
17
30
78
92
59
59
103
129
102
87
117
142
125
102
124
153
134
104
117
144
138
104
102
124
129
102
91
107
109
87
79
98
93
62
47
70
81
52
22
35
64
46
5
4
32
25
-12
-18
10
7
-37
-50
-19
-3
-47
-81
-53
-19
-40
-89
-87
-48
-37
-79
-100
-71
-51
-73
-105
-89
-56
-69
-114
-114
-70
-57
-99
-132
-98
-48
-57
-108
-108
-57
-34
-70
-95
-64
-28
-43
-74
-64
-33
-35
-63
-65
-38
-28
-48
-58
-38
-23
-33
-41
-33
-19
-9
-5
-4
-7
-2
10
31
28
16
22
44
56
44
36
48
67
69
55
59
68
67
59
69
85
73
52
57
85
91
63
47
60
77
71
57
55
50
44
47
56
55
34
19
38
60
51
23
12
30
51
42
24
13
20
34
35
22
12
12
14
15
9
4
1
1
3
-2
-3
-7
-11
-11
-13
-14
-15
-16
-22
-25
-19
-14
-18
-35
-34
-12
-1
-22
-44
-35
-12
-13
-35
-49
-40
-23
-25
-39
-50
-51
-45
-44
-53
-54
-56
-62
-65
-54
-49
-58
-67
-61
-44
-41
-54
-55
-43
-35
-33
-34
-23
-18
-21
-20
-2
9
3
-7
-1
19
21
7
-1
16
32
23
15
25
36
27
18
24
36
28
11
11
30
31
13
3
15
24
17
5
13
21
15
12
22
31
20
18
25
35
31
24
28
39
36
20
23
34
35
19
13
29
39
25
11
18
39
34
12
5
26
33
12
-6
4
22
4
-23
-20
0
-1
-25
-31
-10
-3
-20
-30
-15
-1
-11
-21
-12
0
-8
-19
-15
-5
-7
-19
-15
-7
-6
-17
-20
-4
-5
-17
-20
-8
1
-11
-18
-13
-3
-9
-21
-13
-3
-6
-14
-16
-6
-4
-13
-15
-9
-1
-5
-11
-5
-1
-5
-5
-7
-1
4
0
-2
-1
4
3
-1
0
4
4
3
1
5
5
3
2
4
6
5
6
3
9
14
17
13
11
15
14
11
11
11
9
9
10
9
8
5
4
9
9
6
2
7
10
9
7
5
9
8
6
6
8
7
3
-4
-3
-2
-4
-6
-4
1
-4
-8
-7
-3
0
-3
-2
-1
3
5
4
2
4
7
6
1
-1
-2
-4
-4
-9
-7
-6
-7
-12
-10
-7
-2
-2
-3
1
7
8
8
4
4
5
2
2
0
1
0
-2
-7
-7
-5
-4
-5
-6
-2
-1
-3
-5
-1
4
2
-8
-7
-1
1
-5
-9
-6
-1
-6
-11
-6
1
-1
-8
-7
-1
5
1
-2
5
13
12
2
1
11
12
1
-6
-2
7
-2
-14
-10
2
2
-3
-6
-1
9
8
3
10
20
12
3
4
8
6
-3
-5
-4
-1
-3
-5
-4
-2
0
-2
3
4
1
5
7
8
4
1
6
9
6
1
-1
-1
-1
-1
-1
-1
-2
-1
-2
0
-2
-2
0
-1
0
-1
-3
-6
-5
-1
0
-4
-2
-1
6
2
-7
-5
-1
6
0
-5
3
6
-1
-4
-3
-1
-3
-3
0
0
-1
-3
-4
-1
6
-2
-5
-3
1
0
-4
-6
-2
0
-1
1
-1
-2
-4
-2
1
0
-2
-3
0
3
-1
-5
1
3
-2
-1
3
4
1
2
1
-1
0
2
4
0
1
0
-4
0
1
1
-3
-1
0
0
1
-1
4
4
3
2
1
2
1
0
3
2
0
0
0
-2
2
2
-4
-1
2
5
2
2
4
2
-1
0
-1
2
2
-4
-1
3
4
2
-3
-1
4
1
-2
1
1
-1
-3
-2
2
2
-2
-1
-2
0
1
0
1
-1
0
-2
-2
-2
1
-1
-2
-3
0
-1
-6
-3
-4
-4
-4
-3
0
-2
-2
-2
-2
2
0
-2
-2
2
-1
-4
-1
-2
-1
0
-1
-1
2
1
2
0
2
1
-1
-3
0
3
0
4
2
1
1
0
-1
1
-2
-3
-2
-1
-2
-3
-3
0
2
-1
-3
-1
1
0
-3
1
2
2
2
1
0
-1
2
1
3
5
4
2
3
6
6
7
4
7
7
5
3
1
-2
-1
1
-3
-3
1
-5
-2
0
-2
-2
-1
-4
-2
-4
-6
-4
-5
-3
-3
-2
0
1
-1
-5
-3
1
-5
-3
-3
-3
0
-2
-3
0
-1
-2
-3
-1
3
0
0
-2
2
2
3
1
0
1
1
4
1
2
2
0
0
0
-1
-1
0
0
-2
0
0
0
0
2
2
1
3
2
3
1
1
1
2
0
-1
0
-2
-3
2
2
-1
0
0
0
-2
-2
1
-1
-2
-3
0
-1
1
3
-1
0
1
-2
0
-1
-2
-1
-1
0
2
2
-2
-1
-1
-1
0
2
2
4
0
1
2
1
2
-1
0
-1
-1
0
-2
-3
-1
-2
-2
-3
-4
-3
-3
2
1
1
-2
-1
1
-3
-2
-2
-2
0
-2
-3
0
0
0
-3
-2
0
-1
-3
0
-1
-2
-2
-4
-3
-1
-2
-1
3
7
3
1
3
2
3
0
3
2
3
2
0
0
2
0
1
2
0
1
2
1
0
0
2
1
-2
-1
1
2
0
-2
1
2
1
1
1
2
1
0
2
2
2
1
3
2
4
3
1
0
-1
-1
-1
1
-5
-3
-1
0
0
-2
-4
-4
-4
-3
-3
0
-1
-6
0
1
-1
-1
2
0
0
0
-2
-4
-4
-1
-2
-5
-3
0
-2
-2
-1
-3
-2
-2
-2
-3
-1
-1
-2
1
-1
0
0
0
0
1
0
0
1
1
1
-1
-1
2
1
-3
1
0
0
2
2
0
1
2
2
4
2
1
0
-1
0
3
2
2
1
2
0
3
2
1
1
2
2
2
3
3
3
1
-2
-1
1
3
1
-1
1
0
1
0
0
0
-1
-2
-1
0
1
-1
1
0
0
3
0
2
2
-1
-2
-1
-1
1
-2
1
-2
-3
-1
-1
-4
-4
-3
-3
-1
-2
-3
-3
-1
-1
-2
0
-1
-2
-3
0
2
2
0
-1
-1
-1
0
-2
2
2
1
0
0
0
-1
-2
1
0
1
1
-2
-1
0
-2
-2
0
-1
0
0
-1
1
1
3
0
0
-1
-3
0
1
0
-1
2
-1
-1
0
-1
1
3
1
2
0
2
2
0
2
2
0
1
0
-1
1
0
-2
0
1
1
0
2
-2
1
-1
0
0
1
2
4
4
-2
-1
0
0
1
-1
0
-2
-3
2
0
-1
3
-2
-1
-2
-1
1
0
2
-1
0
0
1
-2
-2
-1
-3
-3
-1
4
1
-3
-2
-2
-1
-2
-2
-5
-2
-1
-1
-2
-1
0
-2
2
2
0
1
-2
1
2
0
0
-2
2
1
1
1
2
1
-1
1
3
2
-2
-3
-3
-4
1
3
-1
-1
-2
-2
-1
-3
-1
-3
-2
-1
-2
-1
0
2
0
0
-2
1
0
0
1
0
2
1
2
3
0
1
4
1
2
3
0
1
5
2
1
5
2
1
1
1
0
-2
1
0
0
2
0
-2
-2
-1
0
-1
-1
-1
-1
1
0
-1
-1
-1
0
0
0
0
-1
-4
-3
-3
-3
0
-2
-1
-1
1
1
1
2
0
0
-1
0
2
0
0
1
-1
-1
-2
-3
-4
-5
-4
-3
-2
1
2
0
-1
2
1
-1
0
-2
2
2
-1
-1
0
0
-1
2
1
1
1
0
0
0
2
-1
1
-1
2
-1
-1
1
0
0
-2
0
1
0
0
-4
-2
-1
-4
-4
0
0
-3
-1
0
2
1
0
1
3
1
-2
2
3
-2
-2
-1
0
0
-1
-2
1
0
5
1
-4
-1
1
1
0
-1
-3
-1
-1
1
2
2
2
3
1
1
2
2
3
2
3
2
-1
0
1
2
2
2
2
2
0
2
2
1
0
1
3
-1
2
2
0
-2
-2
1
-1
-2
2
-3
-1
0
-1
-1
-2
1
1
-3
-2
-4
-5
-4
-2
-1
1
-2
0
-2
-4
-3
-4
-2
-1
-4
-5
-5
-4
-5
-3
-1
-3
-1
-3
-2
-2
-1
-1
-3
1
1
2
0
-1
-4
0
0
-1
2
2
1
-2
3
1
2
3
2
2
2
0
2
4
1
1
-1
0
-2
0
1
2
1
-1
1
2
1
0
0
2
2
5
3
-1
1
2
3
4
4
1
4
5
4
3
5
5
3
4
4
5
2
0
2
2
2
1
1
0
0
3
4
4
0
-1
0
-1
0
2
2
-2
-5
-4
0
0
-1
0
-1
-1
-3
-3
-3
-2
-4
-5
-4
-3
-2
-4
-5
-3
0
-2
-3
-4
-3
-2
-3
-3
-3
-1
-3
-2
-2
0
1
1
1
0
1
2
0
1
1
0
1
-2
-4
-2
-1
0
0
-4
0
-1
0
-4
-2
-1
-1
0
1
1
-2
1
0
0
0
2
-1
-1
1
-1
0
2
2
-1
0
2
2
3
4
3
3
2
-2
-1
0
-1
0
0
3
2
2
3
1
1
4
0
1
1
1
1
-2
-1
1
0
-1
2
2
1
3
2
0
3
1
-1
1
2
0
1
0
0
2
1
1
3
1
1
-1
1
-1
-1
-2
-1
1
-2
-4
-2
-2
-1
-2
-3
0
-1
-2
-2
-2
-4
-3
-4
-4
-3
-3
-2
-1
1
0
-1
-1
-3
-4
-4
-2
-4
-3
-4
-2
-2
-5
1
0
1
0
-1
0
1
2
1
3
1
1
0
1
4
2
2
1
1
-1
0
-1
0
2
0
3
1
2
3
2
-2
0
3
2
0
2
4
3
5
4
2
4
3
3
0
1
1
1
1
1
0
1
2
1
-1
-1
1
1
0
-1
-1
0
-1
1
2
2
1
0
0
3
0
0
-2
-4
-4
-5
-5
-4
-3
-4
-5
-1
-1
-2
-3
0
1
2
2
3
2
1
1
0
1
0
1
-1
1
2
1
1
2
1
0
-3
-1
-1
0
0
-4
0
-2
-1
-2
-2
-2
0
-1
-2
0
0
0
0
-1
-2
0
-2
0
2
1
3
-2
1
2
0
1
1
-1
1
1
1
0
-1
1
-1
-1
1
0
0
1
1
1
1
0
0
0
0
1
-1
1
1
0
3
1
3
0
4
4
1
1
2
4
2
2
2
0
0
2
3
4
4
0
-2
2
2
1
3
0
0
-2
-3
-2
-3
0
-1
0
-1
0
3
2
1
-1
0
-1
1
2
-2
-2
-3
-1
-3
-1
-1
-2
-2
2
2
1
0
-3
-1
-2
-2
-2
-2
-1
-1
0
0
1
0
-3
-5
-4
-3
-2
0
0
1
-3
-1
-2
-3
0
0
2
3
1
0
0
-2
3
2
3
1
1
2
1
2
1
2
0
0
1
0
1
0
0
2
0
-3
-2
-1
0
-1
-1
2
3
4
4
2
1
2
0
-2
0
-1
0
1
-1
1
-1
-2
2
0
3
1
1
0
0
-1
-1
-1
2
2
0
0
-2
0
0
1
1
1
3
2
-3
3
0
-3
-2
-3
-2
1
-1
0
0
-1
1
0
2
0
0
-2
1
0
0
0
-2
-1
1
2
-1
0
2
1
4
6
2
1
0
0
0
-2
0
1
2
1
-2
-5
-2
0
-3
-3
-3
0
-3
-2
-1
0
-2
-1
-1
1
2
1
1
-1
0
-1
0
1
-2
0
-2
1
-1
0
-1
-2
-3
-2
0
-2
1
0
2
2
3
1
2
0
3
2
1
2
0
-2
-1
-1
-1
-2
1
0
-2
1
-1
-3
-3
-2
0
3
-1
-1
-1
0
0
-3
-1
-2
0
-2
0
-1
1
1
0
3
3
3
3
3
3
5
2
0
1
-1
2
5
3
2
3
3
3
2
2
-2
1
2
1
3
2
0
1
-1
0
1
1
1
-1
-1
-2
-1
-2
-3
-3
-4
-1
-2
-2
-3
-1
-2
-3
-1
-2
1
-2
-2
0
-1
-2
0
-2
0
-1
-1
-1
-1
-2
1
1
-1
-3
-1
-2
-2
1
0
-2
0
1
1
2
-1
-1
1
2
0
-1
-2
-2
1
2
2
-1
-2
-2
0
1
2
1
0
0
-2
0
2
0
1
1
0
2
0
1
1
2
5
1
1
2
0
0
0
-1
0
1
1
0
-1
-2
-1
-2
2
2
1
1
-1
1
0
2
0
1
1
-1
0
-2
2
0
1
1
4
2
-2
-2
-1
1
1
3
1
3
1
-1
-1
-1
-2
-3
-1
-1
0
-2
1
-1
-2
-2
-1
-1
-4
-2
-4
-4
-2
0
2
-4
-1
0
0
1
0
-2
1
1
-1
2
2
-1
2
-1
2
1
1
1
1
1
1
1
0
0
0
3
5
2
1
3
-1
2
2
0
3
-1
2
2
1
0
-2
0
-1
-2
-1
-1
2
0
-2
0
1
-1
0
-3
-3
1
-1
-2
1
2
-1
0
0
-1
1
1
1
-1
0
-5
-3
-2
-4
-4
-2
-2
-3
-2
-2
-2
-1
1
0
1
0
2
2
2
2
0
0
1
1
-1
1
1
3
1
1
3
1
3
4
3
2
-2
0
0
0
2
1
0
1
0
1
4
1
0
2
-1
-4
0
-1
-1
-5
0
-1
-2
1
-1
1
-1
-2
1
0
2
-1
0
0
-1
-1
-1
1
2
3
2
3
1
1
1
-3
-1
-1
-3
-1
-3
1
0
2
2
0
1
2
0
-1
0
-1
0
-2
-3
-1
1
3
1
1
-1
-2
-4
-2
-2
-1
-1
0
2
0
-1
0
-1
2
2
0
0
0
2
0
-2
-1
-1
-2
1
1
2
-2
1
0
2
2
0
-1
2
-1
1
5
-1
1
-1
-2
0
0
-3
-1
1
2
1
0
0
-2
-1
-2
-1
1
2
1
0
-2
-2
0
-3
-2
-2
2
1
1
1
2
1
0
4
1
-1
1
3
2
2
3
1
0
1
1
0
1
1
0
1
0
-1
0
-2
1
0
-1
0
0
-2
-4
-1
-2
-1
1
-1
-2
1
1
-2
-2
-2
-3
-2
1
1
1
0
1
0
-2
1
2
0
3
2
2
3
0
-1
-2
0
-3
-2
-4
-3
-2
0
-1
-1
1
0
-1
1
0
-1
-2
-2
-2
-2
0
1
0
1
1
4
3
4
2
0
1
0
0
-1
-4
-2
1
1
0
0
1
-1
-1
0
1
-1
-2
-1
2
1
-2
1
1
1
2
-1
1
2
2
0
2
4
3
2
1
0
0
1
-1
1
1
-2
-2
0
1
0
1
1
2
2
1
1
1
0
1
-1
2
1
0
1
-1
-2
-1
1
-1
0
0
0
-1
2
1
1
1
-2
-3
-4
-1
-1
-2
-1
1
-3
-1
-2
-3
-3
-1
-3
-8
-3
1
0
1
-1
-6
-3
0
0
0
2
3
1
2
-2
1
2
4
1
-1
1
2
3
-1
-1
-1
-2
-4
1
0
0
-1
-3
1
2
1
-1
2
1
-1
-3
-1
1
0
0
2
2
0
2
1
0
1
1
3
-1
1
-1
1
3
0
1
3
2
2
3
1
0
-1
-1
0
0
-1
0
-4
-1
1
0
-1
-1
-1
-1
2
0
1
1
1
1
-1
-2
2
-1
0
1
-1
1
1
1
1
0
0
1
3
1
-2
-3
-2
-1
-6
-2
0
-2
0
-1
1
0
-1
0
0
-2
-2
0
1
1
-3
-1
0
-1
0
-2
1
0
0
2
-1
-2
-3
2
1
0
2
3
5
0
0
-1
-1
3
3
-1
-2
2
0
0
1
3
0
1
3
1
3
1
1
0
0
1
0
1
2
1
0
-1
-1
0
2
1
-1
-3
-2
-1
-2
-3
-1
-1
-1
1
-3
-2
-2
2
2
2
1
1
1
-1
-2
-3
-3
-3
1
-3
-4
-2
0
2
3
3
2
2
1
2
1
1
3
0
2
1
2
-1
-1
3
1
-1
1
2
2
0
3
1
-2
-3
-1
1
1
-1
-2
2
4
2
1
-1
2
0
1
1
-3
0
0
2
-1
-1
1
-1
-4
-3
-3
-4
-1
0
-1
0
0
1
0
0
2
-1
-3
-2
-1
-2
0
-4
-4
-3
-1
0
0
0
-1
0
-2
-1
1
0
0
3
1
0
2
0
2
2
0
0
2
3
1
3
0
-3
1
0
1
3
-1
3
4
2
1
2
2
1
-1
-1
0
0
-1
1
0
-1
2
1
2
2
-2
0
-1
0
-1
-1
1
0
-1
-1
-1
0
2
0
0
-2
0
1
1
2
-3
-1
0
-2
-3
-1
-3
-2
-2
-3
0
-1
-2
-4
-2
-2
-2
-2
-2
0
-2
2
2
1
0
-1
1
-1
3
4
3
1
-1
-1
-1
1
3
3
3
0
0
2
1
1
-1
1
1
1
0
-1
1
0
0
0
-2
-1
-1
-1
-2
-1
-2
-5
-2
-4
2
0
1
-1
-1
2
-1
1
1
0
0
3
1
1
0
-3
-3
-2
-2
-1
-1
0
0
2
2
1
1
0
0
1
2
2
0
2
2
3
4
3
3
0
2
0
-3
-2
-2
0
1
-2
2
2
0
0
-1
-1
0
-1
2
1
-2
-1
-1
-1
-1
0
-2
1
-2
-2
-3
0
1
0
-1
-3
-4
0
-1
-3
-2
-1
0
-1
1
1
1
4
0
-1
-2
-2
-2
-1
0
-1
0
-1
-1
-3
-2
-3
2
2
1
1
-1
2
3
3
2
5
2
0
4
5
1
-1
1
1
-4
-3
-2
-2
0
0
3
0
1
1
2
0
0
1
-1
-1
0
-1
2
0
-2
-1
-1
0
1
-1
2
1
-1
0
0
-2
1
-1
0
2
-1
0
0
1
1
1
1
0
-1
-2
-2
-3
-1
-2
-3
0
1
1
-1
-1
0
2
-2
-1
-2
-2
-1
-2
-2
1
2
2
0
2
2
-2
3
2
0
2
-1
2
3
-2
-3
0
-1
0
0
-2
-1
-2
-2
0
-2
-1
0
2
2
1
2
1
2
0
0
3
0
1
0
-1
0
1
0
1
1
1
0
2
4
0
-1
2
2
0
-2
0
-2
-1
0
-1
-3
-3
-4
-3
-1
-4
0
-1
0
-2
-3
1
1
2
1
2
-1
-1
2
-1
-1
-2
2
1
0
1
-1
1
3
1
2
0
-1
0
1
-2
2
0
0
2
2
1
1
-1
0
1
3
3
2
0
1
2
0
-2
0
1
-2
0
1
2
-2
0
0
-3
-2
0
0
-2
0
1
-3
0
-1
0
1
-1
0
-2
1
1
-1
2
-1
-1
-2
0
0
-1
-1
2
-2
-2
1
-1
-1
-1
-2
-4
0
-3
-4
0
0
-1
-5
-3
1
-1
-2
0
-1
-1
-2
2
0
2
3
2
4
4
3
2
2
0
-1
1
3
0
1
1
-1
-1
1
3
2
3
0
-1
1
2
2
2
3
2
1
3
1
2
4
1
4
1
0
0
-1
-3
-1
-3
-3
-2
-3
1
3
-2
-4
0
1
2
-1
0
-1
0
-2
0
-1
-3
0
-2
0
0
-1
-2
-2
-1
0
1
1
1
-1
-1
-1
-2
-1
-1
-2
-4
0
-1
0
2
0
0
-3
-3
0
-3
0
-1
-2
-2
-2
-3
-2
3
1
1
-1
0
0
2
3
1
3
2
3
5
0
1
1
2
3
3
3
3
2
0
4
2
3
1
0
2
-1
-2
1
1
0
3
2
0
-1
-3
-2
-1
1
-1
-3
1
-1
-1
-1
-1
0
-2
-3
-1
-2
0
0
-2
-4
0
0
0
2
2
-1
-1
0
-4
-2
-2
-3
1
0
3
4
0
0
-2
-1
0
0
-1
1
1
0
1
0
0
1
0
0
-2
1
0
0
-2
-4
-3
-1
-1
-1
0
1
1
-1
0
0
1
2
2
3
-1
-1
2
2
2
1
2
1
0
-1
0
-1
0
-1
-3
-1
-2
0
2
3
2
1
0
-4
-1
1
2
4
2
-1
-1
0
0
0
2
3
1
-2
1
1
0
-1
-3
-2
-4
-2
0
0
-1
0
-1
1
0
0
1
-1
0
-1
-1
-2
-1
1
1
0
1
1
-1
0
2
1
-1
0
0
0
0
1
2
2
0
0
3
0
1
0
2
1
1
0
-1
-1
-1
-1
-1
-4
-1
-1
0
0
0
-1
-2
-1
-2
1
2
1
1
1
-4
-1
-1
0
2
-3
1
-1
0
4
3
2
1
-1
0
2
2
3
2
0
-1
0
3
1
-3
-2
1
-1
0
5
7
4
-1
1
0
-1
0
0
-2
1
2
0
2
0
-1
1
0
2
2
-4
-5
-3
-5
-6
-4
-1
-2
-4
-4
-1
-1
-2
-4
-2
0
0
1
2
3
-2
1
0
0
0
0
-3
-2
3
3
2
2
3
0
4
2
4
3
4
6
2
3
0
1
2
2
1
0
0
-1
-2
-2
-2
-2
-3
-1
0
0
-2
-1
1
-1
0
-2
-1
1
1
3
1
2
1
-2
-2
-2
-2
-2
-3
1
1
1
2
2
1
4
2
2
2
-2
-1
-2
-1
-2
-2
0
-1
-1
-2
-2
-1
-3
-2
-1
1
0
0
-2
0
0
-1
-1
0
1
0
0
0
1
-1
-3
1
-1
-1
2
1
1
-2
1
-2
-1
0
0
-1
1
2
0
1
2
4
0
0
0
1
0
1
0
0
0
0
2
-1
1
2
0
3
2
2
0
1
3
3
1
0
2
0
0
1
1
-3
-2
0
-3
-4
-3
-3
-2
-3
-2
-1
-2
1
-2
0
-1
0
3
1
1
0
0
3
2
0
1
0
3
0
-1
1
1
-1
0
-1
3
0
-2
-3
-4
-1
-3
0
0
1
-3
-1
-2
-2
0
-2
1
-1
0
4
0
-1
1
1
1
-1
-1
1
0
0
2
3
1
1
2
2
0
3
0
1
-1
0
3
-1
2
2
1
-1
2
-3
-1
0
0
0
-2
-2
-5
-2
0
0
1
-1
1
1
0
3
1
0
0
1
-2
-3
0
1
0
0
-1
-3
-1
0
-1
0
0
-3
-3
-1
-2
-2
-2
1
-2
0
0
-1
-1
2
2
2
4
5
3
1
0
-1
4
-1
0
0
-1
1
-1
2
0
0
1
0
-2
0
1
3
4
-1
2
0
1
1
1
4
2
1
-1
0
-2
-1
0
1
0
0
-1
1
0
0
0
-1
-1
-2
1
0
-3
-3
-2
-1
-1
-1
-4
-2
-1
-2
-4
-1
-1
-1
-3
-4
0
-1
-3
-2
0
-2
1
0
0
-2
-1
1
1
3
4
3
5
6
2
-1
1
4
2
2
0
0
0
1
-1
-1
1
2
0
2
4
0
-2
0
0
-1
0
1
0
0
1
2
-1
1
1
0
-1
-1
1
2
2
1
-1
-1
-2
-2
-2
-4
-6
-2
0
-4
-2
-3
0
-2
-1
-2
-4
0
1
-1
1
1
-2
-1
-1
-3
0
0
0
1
3
0
-1
1
1
4
1
1
2
1
-1
1
2
3
4
-2
2
2
2
3
1
2
1
0
1
0
-2
2
1
0
1
2
0
0
-2
-2
-2
-2
-2
-1
0
0
1
1
-1
1
4
0
1
-1
-4
2
2
1
0
-2
-1
-2
1
0
-4
-1
-2
-3
-2
-2
-5
-1
-2
-2
0
1
3
2
2
0
2
-1
1
4
3
3
1
0
-1
0
-1
2
-2
2
1
-2
-1
-3
0
-3
0
0
0
0
-1
1
1
2
2
0
2
0
1
1
0
3
4
4
0
1
2
5
2
1
-1
-2
0
0
2
-2
-2
-5
-5
-2
-3
-2
0
-2
-1
1
0
-1
-3
0
-1
1
1
-1
1
0
-1
0
1
1
2
0
0
-1
0
0
1
3
2
-1
0
1
1
1
0
-2
0
1
-3
2
1
-1
0
-1
1
1
-2
0
0
0
1
-3
0
0
-1
-1
-2
-4
1
-2
-2
-1
1
-1
-1
-2
1
0
1
3
1
2
-1
1
-1
0
2
1
4
3
2
2
2
4
2
1
2
3
2
3
2
-1
0
-1
0
0
-2
0
1
0
-1
-1
-1
-1
-1
-2
-1
-3
-1
-1
-2
-4
-1
1
-2
1
-1
-1
-2
1
0
-1
0
0
3
2
-1
1
-2
-2
-1
0
2
3
1
-1
1
1
0
0
-1
-1
-1
0
1
-2
-3
-1
-1
0
-3
-1
-1
0
-4
-1
-1
0
1
-1
1
1
2
-1
0
0
-1
-1
1
1
-1
0
0
0
1
3
2
4
1
1
-1
-3
-3
0
1
-1
2
-1
0
0
3
3
2
0
-1
1
1
-2
-1
0
1
1
2
3
0
1
3
4
3
1
1
0
-1
-1
0
-1
1
0
0
-3
0
3
1
1
-2
-3
-4
-5
-3
-3
-1
0
-1
0
-2
1
-1
-1
1
-1
0
-1
2
2
-1
1
-1
-1
2
1
0
-1
-4
-2
-4
0
1
0
0
2
-1
2
3
-2
-1
-2
-2
-2
-2
0
-2
-2
0
2
0
0
2
2
-3
-1
-1
1
2
2
2
0
-1
2
1
1
1
2
1
1
3
0
2
2
2
-1
0
1
2
-1
0
0
-1
-2
-1
-2
-2
1
-3
-1
-1
-1
-4
-2
1
1
0
-2
1
2
-1
-1
1
-1
1
1
1
1
2
1
0
-1
0
-1
-2
2
-1
-1
3
-1
-2
0
1
2
1
0
0
0
-3
0
1
0
0
0
0
0
-1
1
2
2
2
1
2
1
1
1
2
-1
-1
-3
-1
-2
-3
-3
1
-4
-2
0
0
-1
0
0
0
1
-1
0
-1
0
1
0
-1
-3
-2
-3
-2
0
-1
0
0
0
2
4
0
0
1
-1
-1
-1
2
0
-1
-1
0
-2
0
1
-1
1
0
2
2
1
2
1
1
-1
1
1
1
2
-1
1
4
3
3
-2
2
3
2
1
2
3
-1
0
-2
-3
0
-2
-3
-2
-2
0
0
0
-1
-2
2
0
1
0
-3
-1
-3
-2
-4
-1
-2
-3
-1
-4
-3
-1
-2
-1
1
-1
-1
0
-1
-1
0
1
-1
1
3
4
3
3
3
2
3
3
2
2
3
1
1
2
0
0
1
-2
-1
-1
-2
1
0
1
1
-4
-2
0
-1
0
0
-2
-1
-2
-1
-1
-3
-1
-2
-2
-2
-2
-2
-1
1
-2
0
0
1
4
2
1
2
0
4
1
-1
2
0
2
-1
-1
-1
-2
0
-1
-3
-3
-1
-1
0
0
0
0
-1
2
2
0
0
0
-1
-2
-3
0
-1
-3
2
2
4
2
2
1
3
3
0
5
1
1
3
2
1
3
2
1
3
2
3
0
-1
-2
-4
-1
-1
-4
-3
-1
-3
-3
-1
-1
-2
0
0
-1
-2
0
1
-1
-3
-2
0
2
2
1
0
-3
-1
1
2
0
0
1
0
-3
1
-2
-3
0
-1
0
0
-2
0
1
-1
0
1
-2
-1
1
0
-2
-2
-2
-4
-1
-1
1
-1
1
0
1
-1
2
-1
2
5
3
6
2
3
1
0
3
5
3
3
1
0
0
-1
2
1
1
2
0
5
2
-2
-3
-4
0
-1
-1
-1
-2
-1
-3
-2
-1
-1
-3
1
-1
-2
0
-2
1
-2
0
1
-1
2
1
1
1
0
0
2
0
2
1
1
1
1
0
-1
0
1
1
-2
-2
-3
-1
0
-3
-1
-1
0
2
2
2
3
0
-1
-1
-2
0
0
0
1
2
5
3
-1
1
0
1
0
0
1
-1
-1
1
-1
1
3
0
0
-3
-3
-1
0
-3
-2
-2
0
0
-2
2
0
-2
-2
-2
-1
0
0
0
1
0
1
-1
1
0
0
1
0
-3
0
2
-1
0
1
-1
-2
-2
1
0
0
2
1
1
2
2
0
0
2
0
-2
1
2
2
3
-2
-2
1
1
1
-3
-3
1
1
4
2
-2
1
0
2
2
0
0
-1
-1
-1
0
-3
-3
0
1
0
-2
-3
-2
-3
1
-1
-4
-3
-3
0
0
3
3
0
0
4
2
3
0
-2
-2
1
-1
1
1
2
2
4
2
1
-1
-2
1
2
2
1
-1
0
-1
-2
-2
-1
1
0
0
-1
0
-1
-1
0
1
1
1
2
1
0
0
-2
-2
0
1
-1
0
-2
-4
-3
-1
-1
-3
-2
-3
0
0
0
1
-2
-1
-1
-2
-1
-1
-2
-3
0
-1
1
-1
2
0
-1
2
0
2
2
0
1
2
2
1
4
3
3
2
3
2
2
2
-1
-1
-1
-2
-1
1
-1
1
3
1
-3
1
3
0
4
2
0
0
2
1
1
0
1
1
-1
-2
2
2
0
-4
-2
0
1
0
0
0
-2
-2
-2
-3
-3
-1
-2
0
-3
-2
-2
0
-3
-2
-1
0
-1
3
1
-1
0
-1
-1
0
-2
0
0
-2
-2
0
0
-2
-2
-1
-3
0
0
0
2
1
1
3
3
2
2
2
2
0
1
0
-1
0
-2
0
0
2
1
-1
-1
-1
-1
0
1
-1
1
2
2
5
1
1
3
1
-2
1
2
1
0
-2
-3
-2
-2
1
1
0
1
-1
1
3
1
-1
-1
1
0
2
1
2
2
0
1
1
2
0
0
0
-3
0
-1
-1
-2
-2
-1
-1
-1
-2
-2
-1
-4
-2
0
-1
0
1
0
0
1
1
1
0
0
0
0
0
0
0
2
0
0
2
1
2
1
1
2
0
1
2
2
-1
-1
-2
-3
-2
-2
-1
1
2
0
-2
-2
1
-1
1
1
3
3
3
5
2
1
-2
-1
-1
-1
0
-2
3
1
-1
1
0
-2
1
0
-2
1
0
-2
-1
1
2
2
4
1
0
-3
-3
-1
-1
-1
-2
-2
0
1
0
1
0
-2
-2
-2
-2
-2
1
0
-1
1
0
0
-2
2
-1
-1
3
1
1
0
0
0
2
3
4
5
3
1
-1
-1
-1
0
-2
3
1
-3
0
-1
-1
-2
1
0
1
2
1
0
-2
-3
-1
0
-3
-1
2
2
-5
-5
-1
0
0
3
1
0
2
1
2
2
4
3
2
0
0
0
-2
-1
2
1
-1
-2
0
1
1
0
0
0
-1
-1
0
0
2
1
0
1
2
1
0
1
0
0
0
0
-1
-2
0
-1
0
-2
-2
-3
-3
-2
-2
-3
-2
-5
-2
-1
-1
0
-1
2
1
-1
-2
0
0
1
1
-1
0
0
2
1
1
0
1
-1
1
2
0
1
0
1
0
0
-1
1
-2
-2
-1
1
0
0
2
3
1
0
2
-1
1
2
-1
0
2
2
1
0
1
0
-1
-1
1
1
-1
-1
-1
3
1
0
2
-2
-2
1
1
2
2
1
2
2
2
3
1
-2
0
-1
2
0
-1
0
-1
-1
-1
1
-1
-1
-2
-4
-1
0
1
1
-1
-1
0
-1
-2
-1
0
2
1
2
0
1
0
1
0
-1
-2
-3
-1
-1
-5
-3
-1
-2
-1
1
2
3
2
1
-1
-1
-2
-4
0
-1
-1
1
-1
1
0
0
1
-1
-1
1
0
-1
-1
1
2
3
2
2
-1
0
2
1
2
2
2
2
3
2
2
1
1
4
-1
-2
1
-1
-1
-1
0
3
1
3
2
0
2
1
-2
-3
-3
-3
-4
-2
-3
-1
0
1
2
1
-1
0
1
0
-2
-4
-3
-2
1
1
2
5
4
0
1
2
1
1
-1
0
0
0
1
2
1
-2
-1
-1
0
0
0
-1
-2
-2
0
0
-2
-1
-1
-1
2
2
2
1
-1
1
1
-2
2
2
2
1
-1
0
2
3
-2
1
-1
-1
0
-2
-1
-2
-2
1
-2
0
3
2
1
1
1
2
3
1
2
-1
0
-1
-2
1
0
-2
0
0
-1
1
1
1
2
1
0
0
1
2
1
1
1
1
1
1
1
0
-1
-3
1
-1
-2
-2
-2
-1
0
0
0
-1
1
1
1
-1
-2
-1
0
0
-2
-3
1
1
0
-1
-1
-2
-1
1
-3
-1
1
0
4
2
0
1
1
-3
-2
2
1
2
2
-1
1
0
0
-1
-1
-1
1
-1
-2
3
0
-1
-2
-1
1
3
3
3
1
1
2
2
3
2
0
0
2
0
2
1
0
-2
0
0
2
3
1
1
0
-3
-3
0
-2
-2
-3
0
0
2
1
-2
-1
-1
-2
-4
-1
-2
0
2
0
0
1
-1
0
-1
-4
-1
-2
-2
-1
-2
-2
-2
-2
1
0
0
0
1
-1
0
1
-1
1
0
-1
1
0
1
0
1
3
0
0
0
1
2
2
1
4
1
1
1
0
0
2
1
0
3
1
2
2
2
0
2
1
-1
2
2
0
0
-2
-2
-5
-5
-3
-1
0
-1
0
3
0
-1
-2
-3
0
-1
0
-1
1
1
-1
-3
-2
0
-2
0
1
0
1
2
1
0
1
0
1
1
2
1
5
5
2
-2
-2
-1
0
-2
0
0
-2
0
-2
0
1
-1
1
0
0
0
-3
0
-1
-2
-1
-2
-1
0
-2
0
-1
1
1
-1
-1
-1
-1
1
0
1
-2
2
1
0
2
0
1
1
0
0
2
1
1
0
0
1
0
2
1
0
1
-2
-2
-4
-2
-1
0
-1
-2
1
-1
0
-1
-1
-1
-3
-2
-1
-2
-1
-3
0
2
0
0
1
4
3
-1
-1
2
0
0
2
1
1
2
1
-1
2
-1
1
0
1
0
0
-1
-1
0
0
-1
1
0
0
1
-1
1
0
1
0
-2
0
2
2
-1
-1
4
-1
-1
4
2
4
3
2
3
1
1
3
3
-1
-1
-1
-2
-5
-5
-3
-3
-3
-1
1
-2
1
1
-1
0
-1
-2
-2
-1
-1
-2
0
0
0
-1
-4
0
-2
2
1
1
0
-1
4
-1
-2
-1
0
2
0
-1
2
-1
0
0
0
-1
-1
-1
-1
0
0
1
2
3
4
2
2
3
3
-2
1
2
2
1
1
1
-2
-4
0
2
0
-1
2
0
0
-1
-1
-3
1
-1
1
0
0
2
-1
0
-1
1
1
-3
-1
0
-2
-1
1
0
-2
-2
-2
-2
0
-1
0
0
2
0
1
1
1
0
0
3
-1
-1
1
-2
-2
0
0
-1
-1
-1
3
2
-1
-1
-1
3
2
3
2
2
1
0
0
0
3
-1
-2
1
1
2
0
0
-1
-2
-2
0
-1
0
-1
1
0
0
1
-1
0
-2
0
0
-2
0
-1
-1
-1
-5
1
0
0
0
-1
-1
-4
0
0
-1
-2
-3
0
1
2
3
1
-2
-2
0
2
1
1
1
1
0
-1
0
0
2
1
-1
-1
-1
1
1
1
3
2
1
0
0
0
0
1
-1
3
2
1
-1
0
2
-1
1
0
1
0
-1
-1
0
1
0
1
-1
0
0
1
-2
0
-1
0
1
2
1
0
2
-2
-2
1
-1
0
0
0
-2
-3
0
-1
-1
-4
-5
-3
-1
0
-1
1
-1
-3
-3
0
-1
0
-1
0
3
1
0
1
2
2
2
1
-1
1
2
-1
0
2
2
2
2
1
0
3
2
0
-2
-3
-1
-2
-2
-2
1
-1
-1
-3
-1
-1
-2
0
-1
1
0
0
-1
-1
-1
-1
-2
-1
1
1
4
0
1
0
0
0
1
0
-1
0
-1
-1
-1
1
2
2
1
0
0
2
2
2
1
1
3
4
2
2
1
1
2
-1
1
0
-1
3
4
0
1
-1
-1
0
-1
0
-1
3
2
0
-2
-2
-1
-1
-3
-3
-2
-2
-2
0
0
-1
0
-1
0
-1
1
0
1
1
-1
-1
-2
1
2
-2
-3
-3
-1
0
-1
-2
-2
1
-1
1
-2
-2
-3
-5
-1
-1
-2
3
1
1
-1
-4
-2
-1
3
2
1
0
-1
0
0
2
0
2
2
0
3
3
2
2
0
2
2
1
2
-1
-2
2
2
5
0
1
1
-1
2
3
2
1
3
3
0
2
2
1
2
2
-1
-3
-2
-3
-3
-4
-2
-1
-1
-2
1
1
2
2
1
0
-1
-2
-2
-2
-3
-3
-3
-1
-1
-1
2
3
-1
-1
-1
-3
-4
-1
-2
0
0
0
-1
-2
-2
-2
-2
1
4
4
1
-1
-1
0
3
0
2
1
0
0
-1
1
1
0
0
-2
-2
0
0
1
-1
1
1
0
2
0
1
1
0
-1
-2
0
0
0
-2
-1
3
-2
2
2
2
1
2
2
0
0
-2
0
-1
2
3
1
0
3
1
-1
-1
1
-1
-2
-2
0
-1
0
1
-2
2
-1
-2
-3
1
-1
-3
-1
0
0
-1
0
0
1
-2
-2
-3
-1
-1
-1
1
2
4
3
2
0
1
2
1
1
0
4
4
3
1
1
2
3
2
-1
0
1
-1
2
0
-3
-2
-4
-4
-3
-1
-2
-2
0
0
-2
-2
0
1
3
0
-2
-1
-1
0
2
-1
0
1
-2
0
3
1
-1
-1
2
1
0
1
2
2
1
0
1
0
1
0
0
0
-1
-1
-1
-4
-2
-1
-1
0
0
0
-4
1
0
-1
0
-1
4
-1
2
1
2
3
0
2
0
-1
-1
-1
-1
-2
0
-1
0
0
-2
1
0
2
-1
2
0
0
-2
-2
0
1
3
-1
1
0
1
2
2
4
0
1
0
1
2
2
-1
1
2
-1
0
-3
-3
-1
0
1
-2
0
0
0
-1
0
-1
0
-1
-1
-2
0
3
1
-1
-2
1
1
1
1
0
0
-2
1
0
-3
-2
-1
0
0
-1
-1
0
0
0
2
1
1
0
0
0
2
1
-1
3
-1
-2
-1
-1
0
-2
-1
1
1
0
-1
0
-2
-1
-1
1
-1
-1
0
-2
0
0
-1
-4
-2
-1
1
2
1
2
1
0
-2
-2
1
-2
-2
-1
1
1
-1
-1
3
1
1
2
0
-1
1
3
1
2
-1
-1
2
3
0
2
1
2
1
0
-2
0
1
1
3
1
3
3
4
2
-1
2
1
-1
-1
-3
-2
-1
-3
-2
-2
-2
-2
-3
-4
-1
-1
0
1
-2
-1
2
2
2
2
1
1
-1
1
0
-3
0
0
1
-2
-1
0
-4
-2
1
0
1
-1
-1
-1
-1
0
-1
-1
0
0
-2
0
0
-1
2
2
-1
0
0
0
2
1
0
2
1
3
0
-1
-1
0
-2
-1
2
0
-2
-1
-1
0
0
3
2
1
-1
0
3
2
2
1
0
1
2
1
1
0
0
-2
0
1
0
2
0
0
1
0
0
-1
0
-1
0
-1
-4
-2
-3
0
-2
0
1
0
-1
-2
-2
-2
1
0
-1
0
0
-1
1
4
4
1
1
1
0
1
1
0
1
0
0
1
2
1
1
-2
-1
0
0
1
-1
1
-2
-4
-1
0
2
2
4
1
1
-1
1
1
0
2
0
1
0
-2
-3
-3
-3
1
1
-3
0
-2
-2
1
-3
-2
-2
-2
-3
-1
-2
-1
-3
0
0
0
0
0
1
0
0
2
2
2
3
2
2
4
3
2
3
1
1
1
1
-1
-1
2
0
1
2
2
2
-1
2
-1
0
1
-1
1
-4
0
0
0
2
0
0
0
0
0
-4
-2
-2
-4
-2
-2
-1
0
1
-3
-3
-1
-2
-1
-3
-1
0
1
5
2
2
2
1
2
-1
-1
2
3
0
0
0
0
1
-1
-1
-2
1
0
1
-1
0
0
-2
-1
1
0
2
1
0
2
2
2
-1
1
-2
-1
2
1
2
1
0
-1
2
-1
2
1
-2
0
1
0
3
2
-2
1
-1
0
-3
-4
-1
-1
-3
-1
-5
-2
1
-3
-4
-2
0
0
-1
0
0
1
3
0
0
1
3
2
0
-1
2
-1
1
1
0
3
-2
-1
1
6
1
0
-1
-3
0
1
2
0
0
-1
1
2
-1
0
-2
-2
-3
0
-1
0
1
-1
1
-2
-1
-1
1
-2
-2
-1
0
1
-2
0
0
1
3
3
3
1
-1
0
2
-1
1
2
1
-1
-1
1
3
2
1
2
3
2
3
4
0
-2
2
-1
0
0
-3
-2
-2
-3
-2
-1
0
1
1
-1
-1
-2
-3
-4
-2
-2
0
-3
-3
0
1
2
0
-1
-1
0
0
1
0
2
1
1
2
1
1
0
1
1
0
-1
0
0
0
-1
0
-1
2
0
-1
1
-1
0
0
0
0
3
-1
-3
-2
-2
-1
-1
1
0
-1
0
2
1
-2
-4
2
1
1
4
0
2
0
0
3
-1
0
1
-1
-1
1
2
2
1
-1
0
0
4
1
0
0
-4
-4
-2
-3
2
-1
-2
1
-3
-1
-2
0
-1
3
3
3
2
1
1
0
0
-1
-1
1
-1
-4
-4
-3
-1
-1
-1
0
-2
0
0
1
2
1
0
-2
-2
-2
0
1
1
1
-1
1
2
0
2
2
0
2
1
2
1
-1
1
0
1
2
0
1
0
2
3
0
0
1
0
-1
-2
0
1
1
0
-4
0
-2
0
1
-4
0
-2
-2
-1
-1
-1
-4
-1
-2
-2
-2
0
1
-1
-1
-3
-2
-3
0
2
-1
0
-1
0
1
1
1
-1
0
0
0
-2
1
0
1
2
3
2
2
1
0
1
3
4
1
3
0
0
4
2
0
-3
-3
-4
-3
-1
-3
1
2
1
1
-2
1
1
0
-1
-1
-2
1
1
-1
3
4
3
1
2
2
1
2
2
2
0
0
1
1
3
0
1
0
1
0
-2
-2
-2
-1
0
-2
-3
-5
-4
-3
-3
-1
0
0
-1
-2
-1
-1
-2
0
-2
-2
-2
-3
-1
1
0
-3
-2
0
0
1
1
1
-1
0
0
2
3
2
1
0
1
0
-2
1
1
1
4
2
1
0
4
3
1
0
-1
0
1
1
3
1
0
1
1
-2
-1
-1
-2
-1
0
0
0
2
0
3
0
-1
4
1
-1
0
2
0
3
-2
-2
3
2
-2
-3
0
-1
-3
-2
-1
1
2
-1
0
1
-1
-1
1
1
0
1
-2
-2
-2
0
0
-1
0
0
-2
1
0
-1
-1
-4
-2
2
3
0
-1
-3
-2
-2
0
1
-1
-2
-1
-3
-1
0
-2
-1
1
-1
2
2
-1
-2
-1
-1
-1
-1
1
2
1
1
2
1
0
0
-1
0
0
2
2
2
1
3
4
3
1
2
1
1
0
1
2
3
5
2
-1
-2
0
1
2
2
1
2
1
0
2
0
-2
-2
-2
-3
-3
-1
-4
-2
-2
-2
-3
0
1
-3
-3
-1
-1
-4
-3
-4
-2
-2
-2
-1
0
1
1
0
3
1
-1
-1
-1
0
1
2
3
0
-1
0
2
2
3
3
2
3
2
0
-3
2
0
-2
2
3
-1
-2
0
-1
-1
0
-1
-3
1
1
2
1
-2
1
0
1
3
-1
-1
0
3
0
-1
1
0
0
-2
-1
-1
0
0
0
-4
-4
-3
-3
0
-2
-1
-1
-2
1
1
0
0
2
1
2
0
2
1
-1
1
2
3
3
2
3
3
3
2
-1
-1
-1
0
-1
1
2
1
-2
1
1
0
1
0
-1
-2
-1
-2
-1
-1
0
-4
0
2
0
1
-2
1
-2
1
1
3
4
2
0
-2
-2
-3
-3
-5
-1
-1
0
-2
-2
0
2
1
-1
0
1
0
0
3
2
2
4
1
0
1
-1
-2
-4
0
1
-2
-1
0
-1
-2
-2
-2
-1
-2
-2
0
0
0
-1
-3
-1
0
2
0
-1
-4
0
-1
0
0
-1
1
1
0
-3
1
2
1
2
3
2
2
5
4
7
5
4
3
0
1
1
4
1
-2
-1
1
-1
-2
0
-1
-1
2
2
1
0
0
0
-1
-3
1
-1
-1
-2
-1
-2
-2
-2
-2
1
1
2
1
-1
0
3
1
1
-1
-3
-2
0
0
0
0
-1
-3
-1
-1
-1
0
-1
3
3
2
1
1
0
-1
2
1
0
-2
-3
-4
0
-1
-2
0
0
0
-1
-2
-3
-2
-1
-2
1
0
2
0
-1
0
-1
0
-3
-1
-1
-2
-1
-1
0
-2
0
2
2
2
-1
0
1
3
1
3
1
1
1
1
3
0
-1
1
1
4
3
3
3
3
1
-1
1
1
-1
-2
2
0
1
-1
0
2
0
1
0
2
3
1
0
1
0
-1
0
-3
-3
-1
-3
0
-1
-3
0
-2
-2
-2
-2
-3
-3
-1
1
-1
-2
2
1
1
0
3
0
0
2
1
1
2
-1
-2
3
0
-2
-2
-1
-2
0
-1
0
1
2
1
1
3
2
1
2
0
-1
-1
-2
3
-1
-1
0
2
1
-1
-2
-2
2
1
0
1
1
0
0
1
1
-2
-2
0
4
0
-4
-2
-1
1
2
-1
0
-1
-2
0
-3
1
0
1
-1
-3
1
2
-2
0
0
-1
1
0
1
0
1
-1
-2
1
2
2
1
-1
-1
-1
-1
-1
-1
-1
3
3
1
0
1
-1
-1
-1
2
0
1
1
1
1
-1
0
-1
1
1
-1
1
0
-2
0
-2
-2
-3
0
-2
0
1
1
2
0
1
0
0
-3
0
2
2
1
1
3
0
0
2
-1
0
1
-1
1
2
-2
-1
-2
0
0
0
3
3
1
0
-1
1
1
1
-1
-3
2
0
1
0
-2
-3
-2
1
1
-1
-2
-2
1
-1
0
0
1
0
-1
1
2
3
-4
-3
-1
-1
-1
-1
-1
-3
1
2
0
-1
-1
0
-1
-1
2
0
1
-1
-1
0
0
0
1
1
1
0
-1
2
4
3
1
0
1
-1
3
0
1
2
1
1
1
1
0
1
-1
0
0
-1
1
0
0
1
-3
0
1
1
-4
-3
-2
-2
-2
-3
-2
-3
-4
-3
0
-1
0
0
-1
1
2
3
2
2
1
1
1
2
2
1
1
-1
-1
2
1
0
-1
-2
1
2
2
2
2
2
2
-1
-1
1
0
0
0
-2
-2
0
-2
-1
0
1
0
-2
2
1
0
0
0
0
1
0
2
1
0
-1
-1
-1
-4
-2
-2
-3
0
-1
1
2
0
0
-1
-1
-3
0
1
0
0
-1
-2
-3
-2
-2
0
3
1
2
1
-1
-1
2
0
-1
2
1
1
1
2
0
2
3
1
1
-1
0
2
2
0
-1
-1
2
-1
-1
0
0
1
1
0
1
2
3
1
1
0
0
2
3
0
-1
-2
-2
1
2
-1
0
-2
-2
-2
-4
-1
-1
-1
0
0
1
2
1
-1
-2
-2
-1
0
-1
-1
0
0
0
-3
-3
-2
-2
-1
0
-1
-2
-1
0
1
0
-1
2
0
3
1
2
3
-2
1
2
2
-1
-3
0
1
2
-2
1
-2
-1
-2
-1
0
1
2
-1
1
-1
1
2
1
0
0
1
1
3
1
3
-1
-1
1
2
-1
1
2
0
0
0
0
-1
0
1
1
0
-4
-1
-1
0
1
-2
1
0
1
-1
0
2
-1
-1
-1
2
2
0
-1
-3
-1
0
1
0
1
1
0
1
0
-2
-3
-1
0
-1
0
0
0
-1
-1
-2
0
0
-2
-1
0
-1
-1
0
3
2
-1
-1
-3
-2
-3
1
2
-2
0
0
0
1
1
3
2
1
1
0
0
0
0
-1
2
1
0
3
0
0
3
-1
0
1
-1
0
1
3
4
2
1
1
-3
1
-1
1
-1
-4
-1
-3
0
-2
-1
-2
0
1
-1
-2
-2
-1
-1
1
4
1
-3
1
1
0
2
0
-1
-1
0
-1
1
2
-3
0
1
0
-1
-2
-2
0
2
1
2
2
3
2
-1
0
0
-2
-2
0
0
-2
0
-1
-2
-1
-2
0
2
-1
2
2
3
3
1
0
2
0
-1
1
-2
-2
-4
0
-4
-1
-1
-4
-5
9
4
-19
8
1
-5
3
-1
-2
0
2
0
-1
-1
0
-1
1
2
0
-1
0
-2
-2
-1
-1
0
-1
-1
0
0
0
0
2
2
2
-1
1
1
3
1
0
0
0
2
0
3
4
2
2
3
3
1
0
1
0
-2
-1
2
1
2
1
2
1
0
0
-3
0
-2
-1
-2
0
1
-3
-2
3
0
-2
2
1
0
0
-2
1
2
0
0
0
-1
0
0
1
-4
-2
-3
-1
1
3
1
-1
1
-1
0
-1
-4
-1
0
0
-3
1
-1
-3
-1
-1
-1
-1
-1
-1
2
-1
0
1
2
0
2
2
-1
-2
-1
0
1
3
3
3
1
2
0
1
2
1
1
0
4
-2
-3
0
0
-1
-1
1
3
3
3
1
-3
-1
-1
1
0
3
1
1
1
2
-1
-1
0
-1
1
1
1
-1
0
0
-1
-2
2
-1
-2
-1
-2
2
0
0
-2
-1
-2
1
-2
0
-1
-1
0
-1
-2
-1
-1
-2
1
0
-2
0
-1
1
-1
-1
1
3
4
0
1
-1
-1
-1
-2
-1
3
2
-1
-2
-1
-1
1
-1
0
1
0
0
0
2
-2
-3
1
1
0
-1
-1
0
0
2
2
3
1
0
1
0
1
2
2
2
0
0
1
1
0
-2
-2
0
2
-1
0
3
3
2
0
-1
1
1
0
-3
-1
-2
0
0
1
2
-1
-2
-5
-2
2
0
-1
1
-1
-1
-1
0
-1
1
-1
-1
0
-2
-2
0
-2
-1
-1
-4
-2
-2
1
1
-1
0
-1
-1
1
0
0
2
2
-1
0
-3
0
1
2
1
-1
1
0
-1
2
2
2
2
0
2
3
4
3
2
-2
1
1
1
0
-1
0
-2
-3
-1
-3
-2
0
0
1
2
0
2
0
-2
0
1
0
0
1
0
-2
-2
0
1
1
1
-1
-3
-1
-2
-2
1
1
-1
1
-1
0
-2
-4
-2
-3
-1
-1
-1
2
2
2
-2
0
-2
-3
-1
1
2
2
0
2
0
-2
2
1
-1
-2
2
0
-1
0
2
0
0
3
4
1
4
2
-1
2
2
1
2
0
0
0
-1
-1
0
-1
2
-1
-3
-1
-1
1
1
-4
-2
1
2
0
-5
-2
0
-1
-2
-3
-1
2
2
0
1
0
2
4
1
-1
-1
-2
-2
-4
-2
0
-1
0
0
0
2
0
1
1
0
-2
-2
-1
-2
-1
-3
-2
0
-2
-2
1
-1
0
0
0
0
-1
-1
0
-2
-2
1
1
-2
-3
2
2
4
2
3
3
1
2
1
0
3
1
1
5
1
-1
-1
2
3
1
2
1
-2
-2
-2
0
-2
1
-3
-2
0
-1
1
-1
-1
0
1
-1
0
-1
0
3
1
0
0
-1
1
1
1
0
-2
1
1
2
3
0
1
2
2
0
-2
0
1
1
-1
-2
-1
-2
-2
-2
1
0
-2
-1
-1
-1
0
0
2
5
2
-2
-1
-4
-2
-4
-2
0
1
1
-1
2
2
3
1
-1
-1
-1
-1
2
1
2
-2
0
0
-1
0
0
1
-1
-3
-1
1
-1
0
0
-1
-2
-1
-2
-1
-2
-1
1
1
3
1
0
-1
0
0
0
0
0
-2
-2
1
1
0
2
2
2
0
2
2
0
-2
-1
4
2
1
1
2
2
1
1
1
1
0
1
0
-2
1
-1
-1
0
-1
2
0
2
0
-1
-3
-3
-1
-4
-1
0
-2
0
-1
0
0
2
0
0
1
2
2
2
-1
-2
1
1
1
2
0
-2
-2
-2
-1
-2
-1
-2
-1
-1
2
2
4
1
3
-1
-2
0
-1
0
-3
-3
0
0
0
0
0
0
1
0
0
-1
-3
-1
-1
2
-1
-2
1
1
-2
0
1
1
1
2
0
3
4
0
1
0
1
1
0
0
2
0
-1
1
0
-2
-1
-1
-2
-2
-2
0
-2
-3
0
-3
-2
-2
0
0
1
0
2
4
2
0
1
3
3
1
0
0
1
-2
-1
-2
-3
-1
-4
-1
0
2
0
1
0
2
2
1
1
0
-1
0
0
0
0
1
0
0
2
1
0
0
1
2
2
3
2
4
2
0
1
1
1
-2
1
1
1
1
-1
-1
-2
-1
-4
-4
-3
-1
-1
-3
-2
-2
-2
2
-1
0
3
2
-1
-1
-2
-1
0
-1
-1
0
0
-1
-2
-2
-1
-3
0
0
2
2
3
7
2
3
2
3
1
0
0
0
-2
-1
-1
-1
-1
0
2
2
0
0
1
0
-1
-1
-1
0
-2
0
1
-1
-1
-1
-1
-1
0
-1
-2
0
-1
0
0
-1
2
1
2
1
1
4
3
3
1
-1
1
0
-3
1
2
2
3
2
1
1
0
0
2
1
-1
-2
-2
-1
-3
-1
1
0
-3
-2
-1
1
0
0
0
-2
-2
-2
-1
-2
0
2
1
0
2
4
1
0
2
1
0
-1
1
0
-1
-1
0
2
2
4
3
2
0
-1
0
0
1
-1
0
0
0
0
2
1
-1
0
0
1
-2
0
-2
-2
0
-2
-2
-1
0
-2
-2
-3
0
0
1
0
2
2
2
-1
0
1
2
2
3
2
2
0
-2
-1
-1
1
2
1
-1
-1
0
-1
-1
1
1
-1
1
-1
0
-1
-2
-3
1
1
1
1
0
0
-1
1
1
0
0
3
1
0
2
2
2
-1
-1
-2
-2
-2
-1
-1
-1
4
0
1
0
-1
-1
2
2
2
0
-2
1
-1
0
-3
-1
-1
1
1
2
1
-2
1
1
-2
1
0
-1
-1
0
2
0
-1
-1
-2
-4
-1
-2
-1
-1
-3
-2
1
0
-2
0
-1
-2
2
-2
-1
0
2
1
2
1
-1
-2
1
1
-2
0
2
0
-2
0
1
0
0
2
-1
1
1
-2
1
-2
0
-2
3
1
2
3
0
3
4
4
0
0
2
3
2
1
3
3
2
2
4
2
1
2
0
-2
2
-1
-1
-1
0
-1
-1
-3
-3
1
-2
-3
-6
-6
-5
-4
-4
0
-2
-5
-6
-3
-2
-1
-3
3
1
2
1
2
4
3
5
2
3
1
2
0
0
2
-2
-3
0
0
-1
0
-2
-2
1
0
-2
-1
-2
2
4
0
3
1
0
0
-1
2
-2
-1
-2
-2
-2
-1
0
1
3
1
2
1
1
2
2
0
0
2
1
1
4
0
0
-1
0
-1
-1
-2
0
0
2
0
1
2
0
-1
-5
-1
-2
-2
-1
-2
0
0
2
2
-2
-2
-1
-1
-2
1
0
-2
1
1
0
0
1
1
0
-2
-1
1
-1
2
2
2
2
-1
2
1
0
-2
-2
1
2
2
1
0
1
1
0
1
-1
-1
-2
-2
0
0
-1
0
4
2
0
0
1
-1
2
1
1
1
0
0
-2
0
-1
1
-3
-2
-2
-3
0
-4
-2
-2
-3
-4
-5
-1
-5
-5
-1
1
1
-1
0
4
0
-1
-1
-3
0
1
0
3
1
1
1
1
1
2
2
2
3
2
4
1
3
0
1
3
2
4
4
4
2
3
3
2
3
2
4
2
0
0
-2
-1
1
1
2
1
1
1
0
-1
-1
-3
-4
-4
-3
-2
-1
-4
-2
-3
-2
0
-2
0
-3
-3
-3
-2
-1
-2
-3
-2
-2
-3
0
0
1
-1
2
2
3
1
-1
-1
-2
2
1
1
0
0
1
0
0
-1
1
-1
-2
-1
-1
-1
-1
-3
-1
0
-3
-3
2
2
2
4
1
2
3
3
4
1
4
4
3
0
0
-1
-1
0
-3
-4
-2
-1
0
1
-1
-1
-3
1
-2
2
2
1
2
-3
-2
1
0
0
2
1
3
2
-1
-2
-2
2
3
5
5
4
2
-3
-2
1
-2
-2
0
-1
1
2
2
2
2
-2
1
-1
-2
0
0
-2
-1
-3
-5
-1
-1
-4
-2
-2
-2
1
-3
-1
-2
0
2
0
3
-1
-2
-3
-1
-2
-1
-2
0
0
1
3
3
4
0
0
-1
1
1
0
1
3
0
2
0
1
-2
-1
0
-3
2
-1
1
0
0
-1
1
1
-1
1
-2
-2
0
-1
1
2
1
2
1
-2
3
1
2
1
2
-2
-2
-1
-2
-1
1
3
0
1
-2
-3
-2
-1
-2
-2
-1
-2
1
-1
0
-2
-2
-1
3
0
2
2
-1
2
-1
0
2
2
0
2
2
2
4
3
1
0
-1
1
1
2
1
0
-1
-3
0
-1
-1
-2
-4
-2
0
-1
-1
1
0
-1
0
1
1
2
1
-1
1
3
0
1
1
-2
0
-2
-2
-1
0
1
2
0
1
0
0
1
-3
0
-2
0
1
-1
-2
-3
-1
1
-2
0
-1
-2
2
3
1
-1
1
-3
2
4
-2
-2
-1
-2
-3
0
-1
0
3
1
-1
2
1
2
1
1
1
-2
-2
-1
2
0
2
1
1
1
-3
1
5
2
2
2
4
5
4
3
0
1
2
2
2
0
0
-1
0
0
-1
-1
-2
-3
-3
-2
-3
0
-2
0
0
2
1
3
0
-2
-1
-4
-2
0
3
0
3
2
0
2
0
0
0
-1
1
1
-2
1
-1
-1
-1
-4
-4
-4
-2
-5
-2
-2
-3
0
1
-2
-1
-1
0
-1
0
-1
-2
0
-1
-3
-1
3
1
2
2
2
-1
-1
2
4
3
2
2
1
1
3
1
0
1
3
3
0
2
1
1
0
0
1
1
1
1
1
2
1
0
3
2
0
-2
-3
0
0
1
-1
0
0
0
0
-1
0
-1
2
0
2
0
0
1
-1
-1
0
1
-2
-2
-4
-1
-1
1
0
-1
0
-1
-4
-3
1
-1
0
0
-1
0
1
0
0
-3
-1
-2
-1
-4
-3
-1
-2
-3
0
3
-2
-3
-3
3
1
4
1
0
3
4
3
3
1
-2
2
0
-1
-2
-1
2
1
1
2
0
-1
4
2
3
2
1
2
4
3
0
2
1
-2
-2
-1
1
1
0
0
-2
0
1
0
1
0
1
1
1
-1
-2
1
-4
0
-1
0
1
-2
-2
-2
-1
-1
0
-2
-1
2
-1
-2
1
-2
-2
-1
-1
-1
0
2
1
1
0
-1
-1
-2
-1
1
1
1
2
0
-1
1
-2
-1
-1
-1
0
2
3
3
3
0
4
2
1
0
4
0
0
-1
-3
2
0
0
1
0
-1
0
-1
-2
1
0
-1
1
1
0
1
4
4
0
1
2
-1
-2
-2
0
2
-1
-1
1
-1
-1
-3
3
2
0
0
-2
-2
-2
-1
-2
-3
-4
-2
-3
-2
-2
0
0
-4
-1
-1
0
3
2
1
1
2
3
2
1
0
0
0
-1
1
0
0
-1
-3
0
1
-1
-3
2
2
-2
3
4
1
3
3
3
-1
-1
-1
0
-1
-1
-1
0
3
2
1
1
-1
0
0
-1
0
0
1
0
2
0
-3
-2
-1
-2
1
4
2
-1
1
-1
-2
0
0
0
-1
-2
-3
-1
0
1
1
-2
-1
0
-1
0
-1
0
0
1
2
1
3
2
1
2
0
0
0
1
0
-2
0
-1
1
-2
0
-1
-1
0
1
2
-1
-1
1
0
-2
-4
-4
1
-2
-2
2
-1
2
-1
1
2
1
-1
1
0
-1
0
1
1
-2
0
0
-1
0
2
1
4
2
0
2
0
-1
2
-1
0
2
0
-2
1
2
-1
-3
-3
-4
-2
-3
-2
-2
-2
-1
-2
-1
-1
-1
-1
-1
2
1
-1
1
2
1
0
3
2
-2
-1
0
0
-1
0
1
1
1
-1
3
2
2
5
1
4
1
-1
2
3
1
1
0
-2
-1
0
-3
0
-2
1
2
1
1
2
-2
-1
1
0
3
1
3
2
1
-4
1
0
0
0
-5
-1
-1
0
-3
0
1
1
0
-1
0
0
1
-4
-2
0
1
-1
-4
-1
-3
0
-1
-1
-2
-1
1
-1
1
-2
-1
2
0
-1
1
0
0
1
-2
-1
0
-3
-1
1
3
0
2
-3
-2
1
3
2
1
1
-2
2
1
3
5
2
0
0
0
2
1
-3
-1
1
2
1
2
3
1
-1
2
1
2
2
1
0
-3
3
3
0
1
1
-1
-1
2
0
-1
2
-1
1
1
-2
-1
0
-1
-4
-3
-2
1
-1
-3
-4
-6
-5
-3
0
-2
-1
-1
-3
-1
2
1
0
3
-2
-2
1
-1
3
1
0
3
0
1
2
1
3
3
3
1
2
2
3
3
1
0
-2
-1
-1
1
-1
-2
-3
-1
-1
-2
-1
0
0
1
3
2
0
0
-2
0
0
1
1
1
2
2
1
0
-1
-1
0
0
0
-3
-1
-1
1
2
2
1
0
2
-2
0
0
0
1
2
0
0
1
-1
2
-1
-1
0
-2
-1
-2
-1
-2
-3
-2
-2
-2
-2
-2
0
-1
-2
-3
-1
-1
2
0
-3
1
-1
0
0
4
2
0
3
2
2
1
1
3
3
3
0
1
0
2
3
2
1
0
0
-1
-2
-2
-3
-3
0
-3
-4
-4
-4
-3
-3
1
0
0
3
2
1
0
-3
-2
-1
-2
-2
1
0
1
2
2
1
0
0
1
1
0
2
2
2
2
4
4
2
3
1
-1
1
2
2
-1
1
0
0
1
1
-2
-1
3
-2
-1
-4
-5
-2
-1
1
-4
-2
0
-3
0
0
0
0
-2
0
1
2
4
2
1
0
-2
0
-2
-2
-3
-1
-2
-1
1
0
1
2
0
-1
0
4
1
-1
0
-1
-1
-2
1
1
1
2
2
3
-2
3
-1
-2
-1
1
0
-1
2
1
4
1
1
0
-1
-2
1
0
1
1
-1
0
-1
-2
-4
-3
-1
-2
-1
1
-1
0
-1
-2
-2
3
1
-1
-2
-2
0
1
-1
0
4
2
3
3
1
3
-1
-1
2
0
0
0
0
0
2
1
1
1
-1
0
-2
-1
0
-2
0
0
-3
-2
0
-1
-1
0
-1
-3
-2
-2
-2
-2
-1
-1
-1
2
-2
-3
1
4
2
0
-1
0
3
0
0
0
-2
1
0
1
0
0
0
-1
1
-2
0
1
0
2
0
2
0
0
0
0
-1
1
1
3
2
-1
0
0
2
1
3
1
1
-1
0
0
-1
0
-1
-2
-1
-1
-4
-2
-3
-3
-1
-3
-1
-1
1
-1
1
2
1
2
0
0
1
0
3
1
1
0
-2
0
-1
0
0
0
1
-1
0
2
-3
0
-1
2
3
1
-3
0
1
1
-1
-1
2
0
1
1
-1
0
-1
