0
0
0
-2
1
3
0
1
1
-3
-2
0
-2
-2
-2
-3
-1
1
-1
-1
-2
-2
-3
1
2
-2
0
0
0
1
-1
1
-1
0
-1
0
1
-1
0
0
1
-2
-2
1
1
1
-1
-2
0
0
2
1
-2
1
0
0
2
2
1
0
2
1
0
0
1
-1
0
1
0
1
-1
1
1
-1
2
2
2
2
1
0
2
0
2
4
3
0
-2
-3
-1
0
-5
-2
-2
-1
-3
-1
-1
-2
0
-2
1
0
0
-2
-3
-1
-3
0
1
2
1
-1
-1
-3
-1
-1
-1
-1
4
0
0
1
-1
-1
-2
-2
-2
3
3
2
1
-1
2
3
1
-1
1
2
2
1
-1
2
2
1
-1
2
-1
-2
1
-1
1
2
0
1
1
0
-2
-1
0
1
0
0
1
-1
3
2
0
-1
-3
-2
-2
-3
-3
-1
-3
-2
-2
-1
0
-1
0
2
-1
-1
1
-1
1
1
0
0
-1
-1
2
-1
-1
1
2
-1
-1
-1
0
1
-2
1
2
3
1
2
0
-2
-2
-2
0
0
-1
2
2
-1
1
-2
-2
0
0
1
-1
-1
0
4
3
1
0
-1
-2
0
2
0
-1
-3
-1
2
1
0
-2
-2
-1
-3
-2
-3
-3
1
0
0
0
2
2
-1
0
0
-4
-1
-1
-1
-1
-2
1
1
1
2
1
2
-2
3
5
3
0
0
2
2
0
2
2
-1
0
1
1
1
1
-1
-1
1
2
-3
-1
0
-1
-2
-3
-2
-3
-2
-1
-1
-5
-3
-3
-4
-2
-2
0
0
1
1
0
0
-2
-1
-1
0
2
2
2
1
1
3
3
-1
0
0
1
0
0
4
1
2
1
4
2
2
4
-1
-2
1
0
2
2
0
-2
-1
2
2
0
2
-1
-1
1
-1
0
-1
-1
0
-1
0
-1
-2
-3
-1
0
-4
-1
0
-2
-3
-4
-4
-3
-2
-1
0
0
0
3
2
-1
-1
1
-1
-4
-2
-1
1
2
1
2
0
-2
-3
2
-1
0
2
-2
1
-2
1
-2
2
0
3
6
5
4
4
2
-1
3
1
2
2
2
0
-1
-1
-3
-3
-4
-2
0
0
-3
-1
0
-1
-2
-2
-1
0
2
1
0
2
0
3
2
-1
0
-1
-2
1
1
0
0
-4
-2
-1
-3
-2
0
2
2
2
0
0
1
-1
-2
1
1
0
0
-2
2
1
-1
-1
0
1
-2
-5
-2
0
0
1
0
2
-1
0
0
-1
1
2
-1
0
-1
3
2
1
2
3
2
2
2
1
-2
0
0
-2
0
-2
0
0
2
1
-1
1
-1
0
0
1
1
0
0
-1
-5
-5
-8
-7
-4
-8
-7
-5
0
0
1
0
-2
-5
-6
-2
0
1
4
7
8
10
10
10
9
9
8
5
5
4
3
1
0
0
1
-1
-1
1
-3
-2
-3
1
1
1
-4
-9
-13
-14
-18
-20
-17
-14
-12
-11
-16
-22
-30
-35
-36
-33
-27
-21
-11
-6
3
14
37
69
100
127
145
148
140
115
73
40
11
-4
-3
3
21
36
39
30
7
-25
-60
-91
-117
-133
-135
-125
-116
-98
-69
-51
-41
-32
-33
-35
-38
-51
-66
-62
-52
-45
-29
0
30
43
42
31
18
1
-21
-41
-44
-29
-8
4
20
43
47
26
18
23
15
18
42
56
76
98
94
101
119
105
71
66
65
37
8
1
4
12
17
5
1
14
7
-32
-43
-24
-17
-23
-15
-1
-4
11
15
0
13
33
17
-1
3
-14
-38
-46
-59
-66
-37
-18
-31
-33
-26
-44
-72
-76
-60
-51
-58
-41
-26
-57
-103
-154
-186
-163
-118
-114
-25
166
222
149
165
210
137
40
-69
-144
-38
73
-17
-13
212
277
158
112
84
35
37
-66
-224
-133
18
-69
-121
24
89
50
60
38
1
50
20
-123
-126
-24
-47
-100
-38
18
5
22
28
-24
-19
16
-33
-59
31
73
27
37
69
20
-17
-15
-79
-100
-37
-40
-70
2
67
39
36
62
34
14
9
-38
-61
-29
-37
-67
-22
25
21
29
55
54
50
44
6
-11
2
-9
-35
-17
15
12
10
23
27
21
20
3
-18
-15
-3
-16
-19
10
20
9
12
14
-6
-11
-11
-26
-27
-2
-1
-12
5
19
7
6
24
20
12
14
10
2
4
4
-4
-2
14
14
8
13
10
-11
-25
-29
-37
-37
-21
-19
-15
-6
-7
-16
-19
-16
-20
-19
-11
-5
-2
3
6
1
2
4
0
-1
7
15
11
9
18
22
18
18
19
19
15
12
5
3
3
-1
-6
-2
3
-2
-2
3
-1
-11
-12
-7
-8
-10
-5
1
2
4
5
1
7
6
-3
-6
-1
0
-10
-10
-5
-5
-2
-2
-1
5
8
2
-3
-2
-3
-3
-3
1
8
10
5
3
6
3
3
-3
-4
1
4
0
-2
0
2
-4
-5
-2
-5
-6
-6
-7
-1
3
-3
0
5
5
2
0
0
2
1
-1
-2
6
10
4
5
9
6
2
5
4
2
4
0
-2
0
1
-2
-3
-2
0
-1
-1
-2
-1
-4
-4
-4
-5
-1
0
-3
-2
3
1
-4
-5
-5
-5
-7
-8
-6
1
2
3
3
4
9
4
0
4
2
-2
1
4
3
5
5
-1
2
3
0
-3
-1
-2
-6
-1
5
3
3
3
1
3
4
-1
-4
-3
-2
-5
-5
-4
-3
0
-3
-1
-2
-3
-1
-1
0
3
6
4
4
6
6
3
-1
0
-2
-1
-1
-2
-1
-3
0
0
3
0
-2
-4
0
-4
-2
2
4
4
4
6
5
3
3
1
-1
-1
-3
-3
0
1
1
-1
-2
0
-1
0
-1
-1
2
0
-1
0
1
-1
-2
0
0
0
-4
-3
-1
-4
-3
0
0
3
2
-1
1
1
3
1
1
1
2
1
-2
1
-1
-2
-1
-1
-2
-1
2
-2
-1
0
1
1
-1
0
-1
0
4
4
1
-3
-2
-2
-4
-3
-2
0
-1
0
1
0
-1
-2
0
0
-1
1
3
-1
1
0
0
3
1
4
3
1
1
2
3
2
2
0
4
-1
0
1
1
0
0
1
-1
4
2
1
1
3
0
1
-1
-3
-2
-3
1
0
-1
-1
-3
-1
-2
-2
0
-2
-2
-1
-2
0
1
0
1
-2
-2
-1
-1
-1
-1
-2
-3
1
0
-2
1
-2
1
1
-1
1
-1
-1
-2
-1
0
1
0
-1
1
2
3
1
0
0
-4
-2
1
-1
2
2
2
3
3
3
2
0
1
3
2
3
2
2
1
0
-2
-3
0
0
-2
0
3
1
1
0
0
0
-1
-1
2
-1
-3
-3
-4
-2
-1
-2
0
1
1
2
0
1
2
1
0
-2
2
4
1
0
1
6
3
1
-2
-3
-1
-1
-1
-2
-1
0
-1
-4
-3
-2
-3
-1
2
0
1
1
1
1
0
2
0
0
-1
-1
-2
-1
0
0
1
-3
-3
-1
0
-1
0
2
-1
-1
1
4
3
1
1
0
3
3
0
1
3
2
1
1
4
3
2
2
1
-2
-2
0
-3
-4
-1
-1
-1
-2
0
0
-2
2
-1
1
1
-3
0
0
-1
1
2
2
-2
-1
-1
-1
-2
-1
1
-2
2
1
-1
1
1
-2
-2
0
-4
-2
-1
-2
-4
0
-3
-1
2
-2
2
2
1
1
1
0
-1
0
0
1
2
2
5
2
2
2
-1
1
1
3
0
-1
2
0
1
2
1
0
0
2
2
2
-1
-1
0
0
-1
0
-3
1
2
1
0
0
2
0
-1
-3
-1
-2
-3
-1
-2
0
0
-1
1
2
0
1
-1
0
0
-1
0
0
0
-4
-1
0
4
3
-1
-1
-3
-1
0
-2
-1
-2
-2
-1
0
0
-1
1
3
-1
1
0
1
1
-1
1
1
3
-2
-2
0
0
-1
-1
-1
1
0
-2
-1
-5
-3
-1
1
-1
-1
0
-2
1
3
0
1
1
3
0
-1
3
2
3
1
2
2
3
1
3
1
1
1
0
-1
4
4
3
2
0
2
0
-1
0
1
0
0
-2
0
1
-1
3
1
2
1
-1
-2
-1
-2
-2
-4
-1
0
-2
-3
0
-1
-3
-1
-2
-2
-2
-3
-3
1
2
-1
1
3
2
2
3
3
1
0
1
3
1
-1
-1
-3
0
2
4
2
2
1
-2
-1
0
-1
-2
-5
-1
-1
-1
1
0
-1
-2
-3
-3
-2
-1
-5
0
0
-1
1
-2
-1
-3
-2
1
4
0
3
4
2
4
1
3
3
2
-1
2
3
2
0
1
2
-1
0
1
1
0
0
-3
-1
2
0
-1
-3
-3
1
-4
2
-1
-3
-3
-1
2
-1
1
0
3
2
-1
0
0
2
4
3
0
-2
3
1
1
2
1
2
0
-1
1
2
0
-1
-1
0
1
-3
0
-2
-2
-3
-2
-4
-4
1
-1
-1
-3
-2
1
-1
-3
-2
-2
-4
1
2
0
1
1
1
1
0
2
1
-1
2
1
-1
-2
-1
-1
-1
-2
-1
-2
0
1
1
1
0
0
2
2
-1
-2
0
-2
-1
-1
2
1
3
3
3
3
2
-2
1
5
3
2
4
3
2
4
0
0
-2
-2
0
-2
0
2
-1
2
-1
0
-2
0
0
-2
0
-3
-2
0
-1
-1
-1
0
1
2
-1
-3
-3
-1
0
-3
-1
0
-1
1
0
0
0
-2
-1
-3
0
1
-2
0
-2
-2
-1
-2
1
-1
-3
1
0
1
1
-2
1
-1
0
2
0
-1
0
-1
0
4
3
3
5
2
1
3
2
3
0
2
1
1
3
1
1
0
1
1
1
2
3
0
0
0
3
4
4
2
-1
1
-1
-2
-1
0
1
2
0
-2
-5
-7
-2
-4
-7
-4
-4
-4
0
0
-1
2
1
0
2
-1
-1
3
3
-1
2
3
1
1
4
3
4
0
-3
-4
-3
-1
0
-2
-1
-1
1
-1
-4
1
0
2
3
-1
1
1
1
-1
2
1
0
-2
-1
-2
-1
0
-3
-1
1
0
-1
0
0
2
2
3
3
4
3
3
2
0
-3
3
1
0
2
0
0
0
-1
-1
-1
-2
-1
-1
-1
0
-1
-2
-2
1
4
2
2
2
0
-2
-2
1
1
-1
-1
0
1
-2
0
1
1
-1
-1
-2
0
2
-1
-1
-2
-1
-2
-1
-1
-2
-1
0
3
0
1
2
-2
-2
-2
1
0
-2
-1
-1
3
1
2
0
-3
0
1
1
3
3
-2
-3
0
-4
-1
2
1
0
2
1
0
1
2
1
-1
1
-1
-3
-1
0
0
-3
2
2
2
3
0
3
2
1
-1
-4
-3
0
2
2
5
7
6
4
1
0
2
-1
0
1
-1
-3
-2
-1
-2
-1
-1
-2
-4
-3
-3
-3
-2
-2
-1
-2
1
1
1
1
1
2
-1
-3
0
-2
-2
0
0
2
2
2
2
0
2
1
1
1
-1
-2
-3
-3
1
1
-1
0
-3
0
1
2
0
-1
2
-3
-1
2
3
1
0
0
1
1
0
1
3
-1
0
-2
-1
-1
1
0
-2
1
-2
1
2
-1
1
1
0
-1
-3
-2
-2
0
-1
2
2
-1
-4
-2
3
-1
1
1
-1
1
0
2
2
4
0
0
2
1
0
-1
2
3
2
-2
-3
-2
-2
-2
3
5
2
3
1
-1
0
-1
-4
-4
-6
-3
0
-2
-1
-1
0
0
1
-1
1
-1
-1
-1
-1
-1
1
2
0
1
-1
0
-1
1
1
1
1
1
3
1
0
3
1
1
4
1
3
3
0
-1
0
-2
1
1
-1
-1
-3
-2
-3
-3
-2
-2
-2
-1
-2
-2
-2
-4
-3
0
2
1
2
0
-1
-1
0
2
2
0
0
0
0
0
1
3
0
4
4
4
2
3
0
-2
2
0
-2
-1
0
0
-3
-2
1
0
0
-1
-2
-1
-2
1
0
0
2
1
0
-1
0
3
1
1
-1
-2
-2
0
2
0
-2
-1
0
-1
0
-1
-1
-3
-5
-3
-2
1
1
-3
-1
1
1
0
-1
1
3
1
-2
-3
0
0
2
2
3
3
2
4
-1
0
0
1
-2
0
4
3
3
-1
2
2
0
2
-1
-2
-1
3
0
-1
-1
-1
-1
-2
-1
0
-2
-1
-3
1
0
0
1
2
0
-1
2
2
2
-2
-1
1
2
-2
-2
-2
-1
-4
-4
1
-1
0
0
-1
1
-1
-1
-1
-2
0
-1
2
3
-1
1
3
2
2
1
1
-1
-3
-2
-1
0
1
1
-1
0
1
1
3
0
0
0
-1
0
0
0
-1
-1
1
0
-1
0
0
-1
2
3
0
1
1
3
-2
0
-1
0
2
2
0
1
2
-1
-2
-2
-2
-2
0
0
1
0
1
2
0
-1
1
1
0
2
1
-1
-2
-2
-2
0
-2
-2
-2
-2
-1
1
-2
-1
2
-1
3
4
2
3
1
1
2
-3
-1
-1
-2
-1
-1
0
0
0
1
2
2
1
0
1
3
1
2
-2
0
-3
-4
-4
-4
-1
-4
-3
-3
0
-1
1
-3
-1
-2
-1
-2
-1
2
2
2
3
7
2
3
0
-1
1
-3
-2
1
1
-2
-2
0
0
4
4
2
2
3
-1
1
2
1
2
0
3
3
2
1
2
1
4
1
-1
-3
-2
-1
-3
-3
-2
0
-1
-2
-1
0
0
-1
-2
-1
-3
-2
-1
0
-2
-1
1
3
3
1
0
1
1
-2
-4
-3
0
2
4
3
2
2
4
4
1
-1
-4
-2
-2
-2
-1
-2
-2
-1
-3
-2
0
-1
2
-1
-1
0
-1
-1
-1
-4
-4
-2
-1
0
0
0
-1
1
3
1
0
2
2
0
0
1
3
3
3
4
3
1
4
0
0
1
-1
-2
0
0
-1
0
2
-2
-3
-1
-1
0
-2
-2
-2
0
2
3
2
3
6
5
3
2
1
1
2
-2
0
0
2
1
1
2
1
1
0
1
-2
-4
-6
-2
-4
-3
-1
-4
0
0
0
-2
-3
-2
0
-6
-4
-4
-3
0
-2
-1
-3
1
0
1
1
1
-1
-1
-2
1
0
-1
1
-2
-2
2
3
2
3
2
3
2
0
-1
1
1
3
1
-2
-1
1
0
1
3
2
-1
0
2
1
0
-1
0
0
2
2
-1
0
1
2
-1
0
3
1
0
-1
2
3
2
1
-2
-1
-1
-4
-3
0
-2
-2
-4
-2
-1
-2
-1
-2
-1
0
-1
-1
0
1
-1
-2
0
-2
0
3
2
2
3
6
4
4
2
-1
-3
-3
-1
-1
-2
2
2
0
-2
0
2
1
3
1
0
-1
-1
-2
0
-1
-3
-1
0
-1
-2
-3
-1
1
-3
-1
-2
0
1
4
6
5
2
0
1
0
-1
-1
-2
-3
-4
-2
0
1
1
3
1
0
-2
0
0
-2
-3
-1
0
-1
0
1
1
0
-2
-1
-1
-1
-1
0
-1
-1
-2
1
3
2
1
-1
1
-2
0
1
0
-1
-2
0
1
2
1
1
0
-2
1
3
2
-2
-1
0
0
2
3
2
1
2
2
0
0
1
-2
-3
-3
0
-1
-4
-1
-1
0
0
0
0
-1
-3
0
2
1
1
2
0
2
3
2
1
4
2
-1
2
-1
-2
-4
-1
1
0
1
0
1
0
-1
0
-1
-1
1
0
-1
-1
0
1
0
0
0
1
-2
0
-1
-1
0
-3
0
0
-2
-2
-2
-1
-2
-3
-3
-2
-3
-4
-2
1
2
0
-1
-1
-1
0
2
3
3
-1
1
2
0
0
1
2
3
5
3
-1
0
-4
-2
2
2
3
-1
-1
-2
1
1
0
-1
-2
-4
0
0
-1
-2
0
1
-4
0
-2
-3
-3
1
1
-1
1
2
0
-1
1
1
2
0
0
2
2
1
2
1
3
3
0
-1
-1
2
1
2
1
-1
1
1
-1
1
2
1
-1
1
-1
1
1
-3
-4
-5
0
1
0
-1
1
-1
0
-1
-2
-2
-1
-1
1
3
0
-2
-3
-1
-1
-2
-2
-3
-2
-3
-4
-2
2
-2
-3
-4
-3
-1
0
2
0
-1
-1
-1
3
0
0
4
1
0
2
4
1
4
3
3
2
3
2
0
0
0
2
2
3
0
-2
-4
-1
-1
0
0
1
2
-3
-2
-1
-1
-2
-5
-2
-2
0
1
2
0
2
0
3
2
2
1
0
7
2
-1
1
0
-2
1
0
3
0
-2
0
1
-1
-2
0
-3
-2
0
2
1
1
1
0
0
1
1
-2
1
2
1
0
1
0
2
-1
-2
-2
0
0
-3
-3
-5
-2
-1
-1
-3
0
0
-2
0
-2
0
-1
-1
1
-2
1
1
1
2
2
1
2
2
1
0
1
-1
0
-3
-1
3
3
0
1
1
-1
0
1
1
2
3
-1
-1
-4
0
1
0
2
0
-1
0
0
0
1
2
-1
-1
3
0
-1
-1
-1
-1
-1
-2
-3
-3
-2
-2
-2
0
1
1
-2
-2
-2
-1
2
2
1
3
2
0
-1
4
1
-2
-1
-2
-3
-4
-1
-1
-1
-1
-3
-2
-2
-1
0
3
7
4
3
3
2
2
1
3
3
3
2
0
-1
-1
-2
-2
-3
-5
2
3
3
1
0
-1
-2
-1
-5
-3
-1
-1
0
2
4
3
3
3
2
2
0
0
1
0
-3
-2
-4
0
0
-1
-2
0
0
-4
-4
-1
-3
-6
-3
-4
-3
-1
4
0
-2
2
3
1
2
3
2
-4
-3
2
0
2
4
-1
1
4
1
3
-1
-1
0
0
-3
-1
0
1
0
-1
0
2
2
2
0
1
2
0
0
-1
2
1
1
1
0
1
0
0
-4
-4
-2
-2
-1
-2
-1
0
0
0
-1
-1
0
-2
-2
-1
-2
-1
-2
1
-1
0
-1
0
1
1
-1
-1
2
1
3
5
2
2
4
1
3
4
1
1
3
-1
-3
-1
-2
-1
1
1
2
2
1
1
0
-3
-2
-3
-2
1
0
1
-2
1
-1
-3
-2
-1
0
-1
0
-4
-2
0
-1
-2
-1
-1
0
0
2
2
0
1
0
1
-1
-1
0
-2
-2
-2
2
1
-2
-1
3
4
2
0
-1
1
1
0
-1
0
4
4
1
3
2
2
4
-2
-2
-2
-5
-6
-3
-3
-2
-3
-4
-1
-1
-2
-1
-2
-1
-3
-2
-1
-1
0
2
2
2
2
3
1
1
2
2
4
4
-1
-2
-1
-2
2
3
0
1
-1
-2
-2
-3
-2
2
0
0
0
-1
2
2
3
2
1
1
-1
2
0
-1
-1
-1
1
0
-1
-1
0
0
2
1
3
0
0
2
-2
0
5
5
5
3
1
3
1
2
4
2
2
0
1
-1
-1
-2
-2
-3
-6
-5
-3
-2
-5
-3
0
-2
-1
-1
-2
-1
-1
0
-2
-1
-3
0
-3
-1
0
-1
1
-1
-1
-2
-1
-2
-1
-4
-2
-1
-1
1
3
3
1
0
-1
0
3
2
-1
-1
2
5
7
3
2
4
6
4
0
0
-1
1
-2
0
1
-1
1
1
3
3
1
-1
1
1
-2
-2
-2
-3
-1
0
2
0
0
1
0
-2
-1
-3
-3
-1
-4
-4
-3
0
2
0
2
3
2
0
2
0
-1
1
-2
0
1
2
1
-1
0
1
1
1
2
2
3
4
0
0
0
-3
0
-1
-2
-3
-3
-4
-3
2
1
-2
-1
2
1
-2
0
2
1
-1
2
0
-1
1
2
1
-2
-1
1
-1
-2
2
-1
-1
-1
0
0
-2
-3
-1
-1
-1
-3
-1
-2
1
0
-3
0
2
1
0
-3
-2
-1
1
3
2
1
-1
1
-2
3
3
3
5
2
3
1
2
4
2
0
2
3
1
3
2
2
2
2
1
-1
0
0
2
2
2
0
0
2
1
-1
-1
2
1
-1
1
-2
-2
-2
-7
-4
-3
-5
-4
-3
-4
-3
-2
-2
-5
-2
-1
-2
-2
-3
-1
-3
0
-2
0
2
-1
-2
-3
1
1
2
4
2
0
-1
-2
-1
1
5
3
5
1
3
4
3
1
3
4
2
2
2
1
0
1
4
2
2
1
-2
0
1
-1
-4
-3
-5
-3
-3
-1
1
-1
0
3
0
0
3
1
-1
-2
-2
0
0
-2
-1
-1
1
2
1
0
2
-1
-2
0
0
2
2
3
2
0
2
0
0
-2
-3
-3
-2
-2
0
-2
-4
-1
0
-1
-2
0
0
1
-1
-1
-1
0
-3
-1
2
1
3
2
3
2
5
3
1
1
0
-2
1
3
3
1
0
-1
4
1
3
1
1
2
2
3
0
0
-2
-2
0
-1
-3
-4
-1
-1
-2
-3
0
-1
-3
0
0
1
1
1
0
2
2
1
-1
2
3
3
2
-3
-2
1
1
1
-1
-1
1
-1
0
-1
0
1
2
0
1
3
2
2
1
3
1
-2
-1
-3
0
-3
0
1
-1
0
1
1
-3
2
0
1
1
0
-1
-4
-3
-4
0
1
0
-1
0
-1
-3
-2
-1
1
1
1
1
1
1
1
-2
0
-2
1
2
2
3
0
1
2
1
2
0
-1
-2
-2
0
0
1
0
-4
-1
0
0
0
2
0
1
1
2
2
1
3
0
1
0
4
4
2
2
1
3
1
2
0
-2
0
0
0
1
0
2
1
-1
-2
-5
-4
-2
0
-3
-3
2
0
-1
0
-2
-2
-2
-1
0
-1
-2
-4
-3
-2
1
-3
-4
-1
0
2
0
1
0
0
-1
1
1
-1
-1
2
5
1
-1
0
-1
-1
0
2
0
1
1
0
3
0
1
1
1
6
5
2
-2
-4
1
3
-2
1
1
-1
0
0
2
0
-2
-2
-4
-1
-3
0
2
-1
-3
2
1
0
2
1
2
-2
-1
-3
-2
1
1
0
0
-1
0
0
-3
-1
1
-1
-1
-1
0
-1
-1
-1
-2
2
2
-1
-3
-2
-2
2
2
2
-1
1
-4
-5
1
0
0
0
2
0
-3
-2
-2
0
1
1
3
3
2
2
1
0
1
3
1
-1
1
3
3
2
3
2
0
-3
1
-1
0
1
4
4
2
1
3
2
3
1
-1
0
0
2
0
0
-1
-3
-2
-3
-1
-3
0
-1
-3
-3
-3
1
0
-2
-3
-1
-3
-3
-4
-1
-1
-2
0
3
4
2
-1
2
3
1
-2
0
1
1
-1
-2
0
-3
-3
-1
-1
-4
-2
-1
-2
-1
1
1
-1
-1
-1
0
1
0
-1
-2
-2
-1
-1
-3
-1
2
2
0
2
2
2
4
4
4
2
2
0
2
2
3
0
0
1
2
3
2
3
1
0
0
2
3
-5
1
5
3
3
3
-1
-1
7
1
-5
3
1
-3
-2
-1
-2
-2
-2
-4
-1
1
0
-5
-1
0
-2
1
-3
-3
1
-3
-2
1
-2
-1
1
-1
0
-1
-2
0
0
-2
-2
-2
-3
0
0
-1
1
5
4
4
2
0
-1
1
0
0
1
1
-2
0
0
-1
1
-1
0
0
0
0
0
0
0
-1
-2
-1
-2
1
0
2
0
0
1
2
3
2
0
-1
-2
-1
1
0
1
1
-2
3
2
3
3
4
3
1
2
3
1
-1
1
-1
0
0
-2
1
2
2
-2
0
0
0
0
0
-2
-1
0
-4
-2
0
-1
-1
-1
0
2
2
2
0
-1
-1
-2
-2
-1
-1
-3
-3
-3
0
3
-1
-2
0
-1
0
-1
-1
-3
-4
-3
-4
-5
-4
-1
2
0
0
1
0
2
-1
-1
1
4
2
6
3
4
4
1
2
2
2
5
1
1
1
1
2
1
-1
1
0
-1
2
0
3
3
3
2
0
0
-1
0
4
0
0
-3
-3
-2
-1
-1
1
3
0
-1
-2
-1
-1
0
3
1
0
0
-2
-4
-2
-3
-6
-3
-1
1
0
0
2
-1
0
-2
-4
-4
-4
-4
-4
-3
-1
1
0
-1
0
0
1
1
0
-1
-1
2
0
2
3
3
4
1
1
3
2
1
2
4
1
1
2
0
3
3
0
1
3
0
2
-1
1
1
3
0
-2
1
3
-1
0
4
0
-2
0
-1
-2
0
-1
0
-4
-2
-1
-1
-1
-3
-2
-2
-2
-1
-4
-4
-1
0
2
-2
-4
-5
-2
-1
0
0
-2
-2
-4
-5
-2
-1
-1
1
3
4
4
5
2
2
1
-2
0
0
-1
0
3
4
-1
1
0
-1
2
0
0
0
3
2
0
3
0
-2
-4
0
2
-2
0
0
1
3
3
3
1
-1
2
2
2
3
3
1
2
4
3
2
2
4
3
2
0
0
1
-2
-5
-2
-2
-2
-4
-2
-4
-6
-2
-3
-1
1
0
-2
0
-2
0
1
2
1
-1
1
1
0
-4
-3
0
1
2
1
0
0
0
1
-1
-5
-4
0
1
2
0
1
-1
0
-1
-3
-4
-1
3
1
-1
-2
1
0
-1
2
2
5
5
1
1
0
0
1
3
1
-1
-2
0
0
0
2
0
1
0
3
1
1
0
1
0
-2
2
1
0
-1
0
-1
3
3
3
3
0
1
1
2
1
-1
-3
-5
-4
-5
-3
0
1
0
1
-3
-1
0
2
0
-3
-3
-4
-1
-2
0
0
-2
0
-1
3
2
-1
-1
-1
0
1
-1
1
2
-2
0
1
1
0
3
1
2
3
-1
2
0
-2
-4
0
0
1
2
2
2
2
4
1
1
-2
-3
0
-3
-2
-1
-1
-2
-3
0
0
-1
-1
0
0
0
2
1
2
1
0
1
0
1
1
1
1
1
-2
-1
-2
-1
-1
0
-1
-4
-2
-2
-3
-2
2
1
2
3
0
0
-1
1
0
1
4
1
0
1
1
0
2
2
-1
-1
0
0
0
3
2
2
1
-1
-1
-1
1
3
2
2
1
-4
-2
-2
1
1
2
1
-5
-3
-2
-3
-1
-2
0
2
2
1
0
1
0
-1
-1
1
-2
-1
1
1
2
3
3
2
2
2
-1
1
0
-1
-1
-2
-2
-2
0
1
-2
0
2
3
1
1
-1
-1
-1
-2
0
-2
-1
-1
-3
-4
-4
-3
0
-1
0
2
2
1
2
1
-1
-2
2
1
0
0
-1
0
0
2
3
4
0
0
2
0
2
3
4
4
4
2
0
0
1
4
1
2
0
-2
0
-1
0
-1
2
-1
-1
-2
-3
-4
-5
-4
0
-1
-2
-1
-3
-2
-2
0
-1
0
-2
-2
1
2
0
-2
1
1
-2
-2
0
0
2
3
2
2
0
1
0
0
0
-1
-2
-1
-2
0
4
-1
1
3
0
0
1
-1
-1
1
1
1
1
-2
-3
-2
-1
0
1
-1
-1
0
1
6
7
4
3
3
3
2
1
1
1
0
-2
0
1
1
-1
1
0
-1
-1
1
-1
0
-3
-4
-3
-2
0
-1
2
-1
-1
0
-2
-1
1
1
-1
-1
-3
-1
0
2
5
1
0
-2
0
0
0
0
0
0
0
1
-2
-2
-2
-3
-1
0
-2
0
-2
-1
-2
-1
1
-1
-1
-2
-3
-1
-2
0
-2
-2
-1
-2
2
2
1
1
2
-1
-2
-2
-1
0
1
1
2
0
-1
1
1
3
2
3
1
3
3
3
2
2
3
1
-2
-1
1
3
0
0
2
1
0
-1
0
2
2
1
0
-2
-3
1
3
1
-2
-2
0
-1
1
0
1
0
2
3
-1
0
-2
-2
-1
0
3
1
0
3
-1
-3
-3
-2
-4
-5
-2
-2
0
-1
-2
-2
-3
-1
-2
-2
-3
-2
-5
-4
-1
0
-1
0
0
2
-2
1
-2
-4
-1
0
2
3
3
3
2
2
5
4
2
2
1
0
1
-1
0
1
2
0
2
4
1
3
2
1
3
3
4
0
-3
-3
-1
-1
1
2
0
-2
-1
0
-1
-1
0
3
1
-1
-1
1
-3
-3
-2
-2
-1
-3
-1
-4
-1
-3
-1
-1
-2
-2
-1
-2
-4
0
3
0
-2
1
0
0
1
1
0
-1
-1
0
1
0
1
0
4
3
5
3
2
2
1
1
0
0
-1
1
3
2
1
5
3
2
1
1
2
-4
-3
1
-5
-3
-3
0
1
2
-1
0
0
-1
2
-1
-1
0
-3
-1
0
0
1
3
1
1
2
-1
-3
-5
-2
-4
-4
-4
-2
0
0
2
-1
0
2
-1
-3
-3
-2
-2
-3
1
0
2
-1
1
3
3
2
2
1
1
1
0
0
-2
2
2
2
0
0
0
2
3
2
2
5
5
2
0
0
0
-1
-1
-1
1
1
-2
0
-1
2
-1
-1
0
-2
0
0
-2
-6
-2
-2
-4
-1
-1
2
4
2
-2
2
1
1
2
-1
0
-1
-2
-2
0
1
-3
1
-2
2
2
-1
0
2
0
-3
-1
2
0
-1
-3
-5
3
1
2
2
-2
-4
-3
-1
-1
0
1
4
3
1
1
3
2
-1
0
-2
-2
0
-2
-6
-3
0
0
-2
0
3
0
0
-2
-1
-1
0
-2
0
2
-1
-1
0
0
0
1
3
4
2
2
1
-1
-2
1
2
1
2
3
5
5
2
1
0
1
0
1
-1
-3
-2
-4
-2
-2
-1
0
-1
-1
-3
-1
-2
-5
-2
0
2
3
3
0
1
0
0
0
2
1
-2
-2
-2
-1
-2
-2
0
1
-2
-2
2
2
3
1
1
0
0
-2
-1
-1
2
4
3
-1
1
1
1
1
0
-1
-1
1
-2
0
1
0
1
3
3
0
2
2
1
3
-1
1
-3
-5
-1
-3
-1
0
1
0
0
-3
-1
-1
-3
-1
-2
0
1
4
0
0
-3
2
2
-1
1
-1
-2
-3
0
-1
1
-1
1
3
0
-2
-1
0
-1
-1
-2
-1
-1
0
-1
-2
-1
1
2
2
0
-1
0
3
1
0
1
3
0
-1
-2
2
-1
0
2
1
2
0
2
1
4
2
2
2
3
1
1
0
0
0
-1
1
3
2
1
1
1
1
0
-1
-2
-1
-4
-2
-1
0
0
-3
-5
-2
-1
-1
1
1
0
-1
1
-1
0
-1
-2
-2
-2
2
2
2
0
-1
-1
-2
1
2
-1
-1
1
0
2
2
-1
1
1
1
0
-1
2
1
-2
-5
-3
0
-2
-1
-1
-3
-1
-1
0
-1
-2
-3
2
2
-1
-2
-2
-2
-3
-1
-3
-2
1
1
4
1
0
1
2
3
3
1
1
2
6
3
2
2
2
1
2
3
3
2
0
0
0
1
0
-1
-1
-2
-1
2
0
-1
0
-1
-1
-1
-1
-1
-2
-2
0
-5
-1
-1
-2
0
-1
2
2
2
2
3
1
1
1
-1
1
0
1
1
1
3
-3
-3
0
1
1
3
1
0
1
-2
-1
-1
-2
-1
-1
-3
-5
-3
-2
0
0
-1
-1
-1
2
1
-2
-1
0
-2
0
2
1
1
3
3
1
3
-2
-2
1
-1
0
-1
-2
1
-1
-1
1
0
-2
-2
0
0
1
-1
0
1
0
-1
-2
1
-2
0
4
2
2
3
2
0
3
2
3
5
3
1
1
2
1
2
1
1
2
1
1
2
-2
-1
-4
-3
-5
-3
-2
0
1
-3
0
-1
0
2
1
-1
-3
-3
-3
-1
0
-2
0
0
0
3
0
1
1
3
3
0
-2
-4
-3
-5
-2
0
1
4
0
0
0
-3
-1
0
0
1
0
-4
-2
-1
-1
0
1
1
1
2
2
1
-1
1
3
0
0
2
1
0
-3
-5
-2
1
0
-1
1
3
1
3
4
3
0
-2
-1
-3
-2
1
0
-1
1
1
-2
0
0
1
2
2
-1
2
4
2
0
-1
0
1
1
-1
-2
-2
0
-1
-1
-3
0
-1
0
1
1
0
-2
2
-2
1
1
-2
-3
-3
0
0
-1
0
-1
1
3
-1
-1
-3
-1
-2
0
0
2
2
-1
-1
0
1
0
-1
-1
0
0
-1
1
-1
1
-3
-4
1
0
3
1
2
0
-1
1
0
-1
-2
2
0
3
7
3
4
1
2
1
1
3
-2
0
1
1
-1
0
1
0
1
-3
-2
0
-3
0
-2
-2
0
-1
-2
-4
0
-1
2
1
2
1
1
1
0
1
-1
-2
-1
-2
-3
-3
-1
-1
1
1
-1
1
-1
0
-1
-1
0
1
1
1
3
1
2
1
-1
2
-1
1
0
1
-1
-2
-1
-2
1
1
-2
-1
4
0
0
1
-2
-1
0
1
-1
1
-1
2
0
0
3
1
3
3
-1
-1
-1
0
0
-3
-4
-2
-3
0
-1
-1
-1
2
0
-2
-1
-1
0
2
-2
-2
-2
0
0
1
-1
2
3
1
1
-1
2
2
3
1
-1
-1
-1
1
-1
2
3
-1
1
1
3
2
0
3
4
1
0
-1
0
2
0
-1
-6
-6
-3
-4
-1
-2
1
2
-3
-2
-3
-2
-3
-3
-2
-3
-2
0
0
2
1
2
3
3
4
1
4
2
1
1
-2
1
2
1
-1
0
1
1
2
1
-1
-3
-2
-1
-2
-3
-3
-1
-1
1
1
0
0
2
1
1
1
0
-1
-1
2
3
1
-1
-1
-2
-4
-2
0
1
2
0
1
-1
0
2
2
0
0
1
2
-1
0
-1
-2
-1
1
2
1
1
-2
0
-1
-1
0
-5
-1
-1
-2
-2
2
1
0
1
2
1
1
1
-2
-1
-3
0
3
4
1
0
1
0
1
2
1
1
1
1
-1
0
-2
0
-1
1
2
1
1
2
-2
-1
-1
-1
0
-1
1
0
2
2
2
-1
-1
-1
-3
-1
0
0
-2
-2
-3
-3
0
2
2
2
-1
0
0
-1
0
2
0
4
2
-1
2
1
4
4
2
2
-3
1
0
0
-1
-2
0
-1
-1
-1
0
-2
-1
-2
-2
-3
-2
-3
0
-1
0
0
-2
-2
-2
0
1
-1
-3
-3
0
1
2
1
2
3
2
-1
-1
1
2
-1
2
2
-1
0
-1
-1
1
-1
2
1
2
3
0
2
1
2
0
0
3
0
0
0
-1
1
-1
0
0
0
1
3
1
1
5
2
3
0
-1
0
3
0
-1
-1
0
1
0
0
1
-2
-2
-3
-7
-5
-3
-3
-2
-4
-2
0
1
0
1
1
2
-2
-3
-1
-1
1
-1
-2
-2
-1
2
3
3
4
5
3
1
0
0
0
-3
-5
-4
-1
-2
0
0
0
-1
-2
2
-1
-1
2
2
3
2
1
-1
-1
-2
1
1
2
4
2
4
-1
-2
1
1
1
1
0
2
2
3
1
1
3
1
3
3
1
4
4
2
0
-2
0
-1
-3
-3
-1
-2
-1
-1
-1
1
-1
-1
1
-2
0
-1
-2
-3
-2
-1
-1
-1
1
-1
-2
-2
-4
-4
-3
0
0
-1
-2
0
2
2
1
2
1
1
2
0
1
1
3
0
0
1
-2
-3
-1
-2
0
1
-1
0
1
1
-1
0
1
3
3
4
4
4
3
3
2
-1
3
0
0
-1
0
3
1
-2
-2
1
-1
0
-3
-2
-3
-2
-2
0
-2
-1
-1
1
3
1
1
0
1
-1
1
3
2
-2
-5
-2
-4
-2
-2
-1
0
2
2
1
0
-1
0
1
1
0
3
0
1
0
1
3
2
-2
-1
-1
1
0
1
-2
0
-2
-1
0
-1
1
-1
3
-2
-1
1
3
0
-1
-1
-4
-6
-4
1
0
1
2
2
1
2
2
0
-2
-2
3
1
1
1
2
3
4
2
2
3
-1
1
0
1
0
0
2
1
0
-1
-2
-2
-1
0
0
-2
-3
-3
1
-2
2
1
1
2
-1
-1
0
0
-1
0
-3
-1
-1
1
0
0
2
-2
-3
-3
2
1
1
-3
1
-1
-3
-1
-2
0
1
2
2
1
-2
-2
-4
-1
-1
1
1
2
1
0
-1
-2
1
-2
0
1
2
2
2
2
2
2
4
4
3
2
1
-1
-1
-2
-1
-2
-3
-3
-3
-1
1
2
2
1
2
0
0
0
0
0
1
0
-1
0
-1
-2
0
-1
-3
-3
-3
0
-1
-1
1
2
2
1
1
2
3
-2
1
3
1
2
3
4
2
0
1
-1
-1
-3
-2
1
-3
-2
0
-3
2
-2
1
3
-1
3
2
-2
0
0
-5
-2
-2
-1
-1
1
0
2
3
0
0
-1
0
2
0
-1
-2
-1
-2
0
1
1
0
-1
0
2
0
-1
0
-1
0
2
-2
-1
-3
-3
-1
0
-2
-2
0
-2
0
-1
-1
0
-1
0
0
1
1
0
1
2
2
-1
1
-1
-1
0
-1
1
2
2
1
2
2
1
0
2
1
0
-3
-2
0
2
-1
2
2
1
0
-4
-3
-3
-1
1
3
1
0
2
3
3
1
0
1
1
-1
0
-3
-1
0
-2
-2
-1
-2
-4
0
1
0
1
3
2
1
-3
-2
-1
-6
-3
-2
-1
-3
-1
-4
-2
-2
-1
2
1
3
0
-3
-4
0
2
2
1
2
3
1
0
-1
2
1
2
1
0
-2
1
1
3
2
2
2
-1
-2
0
-1
2
4
2
2
0
-1
1
2
1
1
-2
-1
-1
-2
0
-1
-2
-3
-2
-1
-1
0
0
-1
0
-1
0
0
-3
1
0
0
-1
0
-1
-2
0
-1
-1
-3
-3
-3
-1
0
2
0
0
-1
-4
-1
-2
-1
0
-1
0
-1
3
3
2
1
2
0
1
3
2
-1
0
4
0
1
1
0
1
0
1
2
1
0
2
2
-1
0
-3
-3
-1
-3
0
1
-2
0
-1
0
0
1
2
0
1
1
3
3
1
2
-2
-2
0
1
2
3
3
3
1
-1
1
-1
0
1
0
1
0
0
-1
-4
2
3
-1
1
-1
-1
1
1
1
-3
-1
1
-1
0
1
1
0
-2
-3
-5
-2
-1
0
1
0
0
-2
-3
-4
-2
-2
0
-3
0
0
0
0
1
-2
1
0
0
-1
-2
-3
-3
-1
0
2
2
1
-1
1
0
-1
3
3
1
2
2
0
2
3
0
-1
1
2
1
0
-1
-3
-2
1
1
-1
-1
-1
-2
0
1
-3
0
3
0
1
2
1
0
0
0
0
1
1
2
0
0
2
1
-1
0
1
1
1
2
3
4
6
3
0
1
0
-4
-1
0
2
0
-3
-2
0
-2
-3
-2
-1
1
-1
-2
-1
0
-2
-2
-3
0
0
-1
-3
-2
0
0
1
0
1
-2
-2
-1
-1
-1
1
-1
1
1
0
0
0
5
2
0
0
0
0
0
1
-3
-1
1
-2
0
1
-1
1
0
0
2
-1
2
-1
-3
0
-2
-1
-1
-1
-3
-1
-1
-2
-2
-4
-2
-3
-2
0
-2
4
0
0
0
1
1
2
0
-1
2
2
0
3
4
1
3
5
4
3
4
3
4
3
4
4
0
-3
-2
-1
3
1
-1
-1
-2
-3
-1
-1
-3
-1
1
0
-1
0
1
-2
-2
0
-2
1
-2
1
-2
-1
0
-2
0
-1
-1
1
1
-2
-1
0
-2
-2
-2
-1
0
0
-1
-3
1
2
-2
0
-2
1
-1
-1
-1
-5
-1
-2
-3
-4
-1
-1
-1
-1
-1
-1
0
2
1
1
1
3
1
2
0
0
1
-2
1
1
2
0
-1
-1
1
3
2
3
1
1
4
3
3
2
2
2
1
2
3
2
2
-1
0
1
1
-2
0
1
0
1
-2
0
-2
-3
1
-3
-2
-3
-2
-2
-3
-3
1
1
-2
-1
1
-1
-1
-2
2
2
3
0
0
1
-4
-2
-1
-3
0
-2
-4
-1
-2
-3
1
-2
-3
-1
0
2
0
1
1
-1
0
0
1
-1
1
0
0
1
-1
0
-1
0
0
0
2
0
1
0
-1
-2
-1
1
3
1
1
2
-1
-2
2
-1
-3
3
2
4
3
1
2
0
-1
1
2
3
3
2
2
-1
2
-1
2
5
2
1
3
2
2
0
-1
-1
1
0
-2
-1
-3
-3
0
-1
1
0
-3
-3
-3
-2
-1
0
-1
-2
-2
-1
0
-2
1
-2
-1
-1
-1
1
-3
-1
-1
-1
0
-1
-2
1
-1
0
0
-1
3
3
1
0
3
4
3
3
2
1
2
1
2
2
1
0
0
-1
-2
-4
-2
-1
-2
-2
-1
2
-1
3
2
0
1
2
2
1
-1
-3
-1
1
-1
0
2
1
-1
-1
-2
-3
-1
0
-3
-3
1
0
-2
-2
-3
-1
1
0
-1
-3
-1
1
0
-2
-2
-1
0
3
1
3
4
3
5
5
4
1
3
2
2
4
1
-1
-1
-1
-1
2
1
1
2
-4
0
1
0
3
4
4
3
-2
-1
-3
0
-2
-2
-1
1
1
-1
-1
-1
-1
0
-1
-1
-1
-2
-3
-2
-3
-4
-3
-4
-3
-2
0
0
1
0
0
-1
2
1
1
1
-1
-2
-3
-1
-2
0
0
0
2
3
3
2
1
-1
0
3
0
3
4
1
1
0
1
-1
2
1
0
1
-1
-2
-2
-2
0
0
0
1
-1
0
-3
-2
1
1
0
0
0
0
1
-2
1
1
1
-2
0
-1
2
-1
1
1
0
3
1
3
0
-1
0
2
1
-2
-1
0
1
1
1
-1
3
1
1
-1
0
1
0
2
3
-1
-1
-2
-3
-1
-4
-4
-2
-2
-3
-4
-3
-1
0
0
2
-1
1
2
1
0
4
2
-1
1
0
0
-1
0
-1
-2
0
1
-3
0
0
-1
-1
-1
3
1
2
3
1
1
0
1
-1
0
2
0
-1
1
-1
-2
1
1
3
2
2
1
0
0
1
0
1
-1
-3
-1
-1
0
0
1
3
0
1
1
0
2
0
-1
2
-2
-5
0
-2
-4
0
-1
-2
-4
-3
-3
-1
2
3
2
3
2
2
2
1
0
2
2
1
1
0
2
2
0
-2
-1
-1
1
2
2
2
1
-2
1
1
-2
-3
-4
-2
-4
-2
0
-3
1
1
1
1
1
2
2
4
0
0
2
0
-2
1
3
0
2
-1
-1
-2
-2
1
-1
-2
-2
1
-1
-2
0
0
-1
-1
0
1
3
1
4
4
2
0
0
1
1
4
3
-1
2
4
0
-1
1
-1
0
4
3
0
0
2
0
1
0
-2
1
-1
1
0
2
-1
1
-2
-2
-3
-3
-2
0
0
-3
-3
-2
-2
-1
0
-2
0
-1
1
1
-2
-1
0
0
1
-2
0
-1
-2
-2
-3
0
0
0
-1
-2
0
1
0
2
2
0
1
0
1
2
-1
2
2
-1
0
1
2
0
0
-1
3
1
1
3
1
0
-1
1
1
0
1
0
-1
1
0
1
-1
-2
-2
0
-2
2
1
1
-1
-2
1
-1
2
0
2
2
2
0
-2
1
2
2
1
1
0
-1
-1
-1
-2
-3
0
-2
-1
-2
-2
-2
-2
-1
-3
-3
-2
-1
1
-1
2
0
3
0
-2
0
0
-1
0
0
-1
-1
-1
1
1
-1
-1
0
0
1
0
1
1
1
2
0
2
4
1
0
-2
-2
0
1
0
0
0
1
-1
-1
2
-1
1
-2
-2
1
2
2
2
1
-1
1
0
1
0
1
1
0
-1
1
0
-1
-1
-4
0
2
0
0
1
1
1
-1
0
2
-1
0
1
-1
-2
-2
-1
-3
-1
0
0
1
-1
2
-1
0
2
1
-1
0
-2
-2
-3
-4
2
3
3
3
3
4
2
1
0
-1
0
-1
1
-2
-2
-3
-1
-1
-4
-1
-2
-1
-2
-3
0
-1
2
0
0
2
0
2
-1
1
0
0
2
2
1
0
4
1
3
0
-1
-3
0
1
1
1
-1
0
-2
-1
1
-1
1
0
-1
-1
1
3
0
-1
0
0
0
0
0
1
-1
1
2
0
1
2
1
-2
0
-4
-1
-1
0
-1
1
1
-2
-1
-3
-3
-1
2
0
-1
2
-2
1
1
0
-2
1
-1
-1
0
-1
2
0
2
0
-1
-1
0
0
4
3
4
1
1
-1
-3
0
-2
-1
-1
0
1
1
2
3
0
2
4
2
0
1
0
-1
1
0
-1
-1
-2
-1
-1
-1
0
-1
-3
-4
-4
0
0
-1
-1
-1
-1
2
1
-1
2
2
-2
0
0
0
0
0
3
-1
0
-1
-2
1
1
1
-2
1
-1
1
-1
-4
-4
0
2
0
1
0
-2
-1
-1
1
-2
-1
1
0
-2
0
1
2
3
2
2
3
3
2
2
1
0
0
3
1
3
1
1
2
0
1
-2
-1
-2
1
0
-1
0
-1
-1
0
0
1
0
2
-1
-3
-1
-3
-2
0
0
0
-1
-1
1
1
-2
-2
-1
1
0
-1
2
1
1
1
1
0
-1
0
-1
-4
1
-1
-2
2
0
0
0
2
0
0
2
0
-2
-2
-2
-3
0
-1
-3
-2
0
-1
-3
-3
0
0
0
1
1
1
0
-3
-1
2
2
2
3
1
0
4
2
2
2
1
1
-1
0
0
-2
2
1
0
-1
-2
1
3
2
0
0
-1
-1
0
-1
0
1
2
1
0
0
0
1
-4
-2
-2
-3
0
-1
1
4
-3
-1
0
-2
0
-1
1
0
2
2
0
-1
-1
-4
-1
-1
0
1
3
2
-2
0
1
-1
-1
-2
0
1
2
1
2
1
3
4
2
1
2
3
1
-3
-1
-3
-3
-2
-2
-2
2
-2
-2
-2
-1
3
1
1
3
2
1
-3
-3
-3
-4
-3
-3
-2
0
-1
-1
1
-2
2
1
1
1
-1
3
4
3
0
-1
0
-1
1
0
-1
-1
-1
-5
-2
2
2
2
3
3
2
2
-1
-1
0
-4
-2
0
-1
-1
0
0
0
-1
1
-1
2
4
1
2
3
1
1
2
0
-1
-1
2
-1
0
-2
-1
0
-2
0
-2
-1
-3
-1
-1
0
-1
-1
-2
-1
1
1
2
1
0
0
1
2
2
1
1
0
0
2
0
0
-2
-1
0
0
2
1
0
2
2
2
-1
0
-1
-2
1
-1
-1
-1
0
-1
1
-1
1
0
-1
-1
-2
-2
-3
-3
0
0
1
2
1
-1
0
2
2
2
-1
0
0
0
-1
1
4
0
2
0
0
0
-1
-1
0
1
0
0
1
-2
-2
1
0
1
0
1
4
2
-3
0
-1
3
1
-1
-1
-1
0
-1
0
0
-1
-3
3
0
1
2
1
-2
-3
-4
-2
0
0
0
-3
-1
0
-1
-1
-2
-1
1
1
2
3
2
2
2
-1
1
1
-2
-1
-2
0
-1
0
2
-1
-1
-1
-2
-1
-1
-1
0
-1
-4
-1
2
2
1
1
1
0
1
1
0
0
2
3
1
0
1
-1
-1
1
0
2
0
3
2
1
1
0
2
2
2
2
3
2
2
0
-2
-1
0
1
-3
-2
-2
-4
-1
-2
2
-1
0
-1
-3
-4
-3
-5
-5
1
0
0
0
4
-1
-1
-1
-1
2
1
1
2
2
0
1
0
0
2
3
3
2
0
0
-1
-1
1
2
3
3
0
0
1
2
1
-3
0
4
0
1
2
-2
0
0
-1
0
-1
-2
0
2
-1
-1
-1
1
-1
-1
-2
-2
0
0
0
0
0
0
1
0
3
0
2
-1
-2
-2
-1
-4
-3
0
-1
2
-2
1
-1
1
1
-2
1
-1
1
3
3
1
2
-1
-2
3
0
-1
3
0
1
-1
-1
0
-3
-4
-1
0
0
-2
-2
0
2
3
1
-1
1
-1
-1
0
2
1
0
-1
-2
0
0
1
2
1
1
1
-1
-1
-1
2
0
2
3
0
1
1
0
-2
-2
0
0
1
1
0
-2
0
1
2
0
0
1
0
1
1
2
1
2
2
1
0
0
1
-1
1
0
-1
-2
0
2
-1
0
2
1
-2
-2
-1
-3
-1
-1
-2
0
0
0
1
2
1
-2
-2
-1
-1
-1
2
-1
-5
-5
-2
-3
-5
-1
-1
-2
-1
1
2
1
2
2
2
0
1
2
-1
-2
-1
1
-2
-2
1
1
1
0
-1
-2
-2
-1
0
0
1
-1
-1
-1
2
2
-1
2
2
2
1
3
5
4
1
1
1
1
0
2
-1
1
4
1
2
1
0
1
3
2
0
1
-2
-1
3
1
0
-1
-1
-2
-1
-1
-1
-4
-3
0
-1
0
-1
0
-2
0
0
0
0
0
1
0
-2
0
-1
0
-2
-3
-2
-4
-2
-2
-1
-2
2
1
-1
0
1
2
0
0
-2
-1
1
0
0
1
-3
-1
1
3
1
0
2
-2
-1
-3
-4
-2
-2
-2
-1
-2
-2
1
-1
0
1
0
1
1
1
3
3
0
-1
0
1
0
0
3
3
2
4
1
1
2
2
1
0
3
2
-2
-1
-2
-1
-1
-1
-2
1
1
1
1
2
-1
3
1
-1
1
-1
-2
-1
0
0
-1
0
0
1
1
1
2
1
0
0
1
1
-1
0
1
0
1
1
0
0
-1
-2
-1
-1
-2
-1
-1
-2
-1
3
-1
1
-2
-1
1
-1
-1
-3
-1
-2
-1
-2
-2
-2
1
0
-1
-2
-1
1
0
-2
0
-1
-1
0
-1
-3
-3
-2
-2
-1
0
1
0
0
0
0
3
2
-1
1
2
1
1
0
0
0
-1
2
3
2
0
0
1
2
3
3
0
0
2
0
0
2
1
2
1
1
1
1
2
1
-2
-2
-2
0
-1
-2
0
-1
0
1
2
3
3
2
1
2
3
1
2
0
-1
-1
-2
-1
-2
-1
-1
-2
0
1
-1
-2
0
-1
-3
-3
-1
-1
-2
0
-1
0
2
1
1
0
0
0
0
0
0
0
2
0
-2
-4
-5
0
0
-1
-2
-1
-3
1
-1
-1
1
0
0
0
0
1
5
-1
2
1
0
-2
-2
0
-1
2
1
1
2
2
0
-2
0
0
-2
-1
0
1
4
3
2
-3
-1
1
2
4
1
2
2
-1
0
1
-1
-2
1
1
0
3
-1
-2
2
-1
2
2
0
4
0
-1
-1
0
-3
-4
-3
-3
-3
-2
-2
-3
-3
-3
-3
-3
-3
-6
-2
-3
-4
1
1
1
3
2
2
3
4
2
0
1
2
4
4
1
2
3
2
1
-3
-1
-2
2
2
1
4
0
3
3
1
1
-1
1
-1
0
0
1
-1
-1
-1
0
1
0
-2
-2
0
-2
-2
0
0
-2
-1
-1
0
-1
1
-1
1
0
0
1
-1
-1
-2
-2
-1
-1
-2
-1
-1
-1
-1
-1
3
0
2
0
0
1
2
1
0
1
2
2
3
0
0
0
1
2
-2
-1
2
1
1
0
1
0
1
0
0
0
-1
0
2
2
-1
-1
0
1
-4
-2
1
-4
-4
-2
2
0
0
-2
0
0
-1
-2
-2
-3
-2
-3
-2
0
-2
-3
-6
-1
0
1
2
2
3
1
0
0
2
1
2
4
2
1
1
0
1
-1
3
5
1
4
1
1
0
1
0
0
1
1
-1
-1
-1
1
-1
2
0
0
2
2
1
3
2
2
3
2
1
2
2
0
2
-2
0
-2
-3
-1
-5
-2
-3
-1
-1
-2
-1
-3
-2
-3
0
0
0
0
1
-1
-2
-2
-2
-3
-6
-3
-2
-2
-3
-1
-3
-6
-1
0
0
-2
1
-1
-4
-3
1
1
3
2
2
2
3
7
4
3
1
3
2
0
3
2
1
-1
1
-1
1
3
1
2
1
2
0
2
0
2
0
-1
-1
1
0
-1
0
1
1
-2
2
2
0
2
0
-1
-2
-1
-1
-4
-4
-5
-5
-3
-3
-5
-3
-2
2
1
1
1
0
1
1
-1
1
2
0
-2
-1
-1
0
0
2
2
0
0
1
3
3
2
1
1
2
0
4
3
0
1
0
-1
0
0
1
0
-1
0
2
0
3
4
-1
0
-5
-3
-2
0
0
1
1
3
0
-2
1
1
0
-1
0
0
-3
-3
0
-2
-2
-2
-4
-1
-1
-4
-2
1
2
0
-1
1
-3
-2
-3
0
-2
0
-1
0
1
1
4
0
2
1
1
-1
0
2
1
1
0
1
1
3
0
1
1
-1
3
1
1
0
4
1
1
3
3
-1
0
-1
0
1
-1
2
3
0
-3
-3
-1
2
0
-1
2
2
1
0
0
0
0
-2
-1
-1
-2
0
-2
0
1
-2
-2
-2
-3
-2
2
2
0
0
-1
-1
0
0
1
1
4
2
0
1
-1
0
0
1
0
-1
-3
-2
-2
-2
0
1
-1
-2
0
-1
2
3
2
2
0
-1
1
0
0
0
0
2
0
2
0
-1
4
3
2
1
2
-4
-1
-1
0
-2
-3
4
2
-3
-3
-2
-2
-1
-2
-2
-1
-3
-1
-2
-4
-1
-1
-2
0
1
-1
0
-2
0
0
1
2
1
1
0
1
1
1
1
0
-1
-1
2
3
1
0
0
1
-1
2
3
1
3
4
2
3
3
1
1
0
1
1
-1
-2
1
1
1
3
-1
0
0
-1
1
0
-1
0
-1
0
0
3
3
2
-1
-2
-2
-3
-3
-2
-2
-3
-3
-3
0
-2
-2
-2
-2
-1
0
-1
-1
-2
0
0
0
1
1
0
-3
-3
-2
-1
3
3
4
3
1
2
1
-2
0
2
2
-1
-1
-2
0
-2
-1
1
1
0
-1
1
1
1
2
0
-1
0
0
-2
-2
2
0
-2
1
0
0
1
-1
-2
-1
0
-1
-2
0
-1
3
1
0
1
1
-1
-3
-1
-3
0
2
0
0
1
3
6
2
1
3
2
1
0
-1
-1
0
-2
-3
0
-3
-2
-2
-1
-1
1
1
0
-1
-1
-1
3
2
3
2
0
0
-1
1
1
0
0
0
-2
2
1
-2
1
0
0
1
0
1
-1
1
2
-1
1
0
-2
-1
-1
-1
2
0
0
1
0
-2
-1
-1
0
0
0
2
0
1
1
-2
-2
-1
-2
0
-2
-2
-1
2
0
-2
0
-1
-2
0
-1
-1
-2
-3
-1
-1
-1
-1
1
-2
-1
3
2
0
1
-1
0
1
1
0
3
2
1
2
3
1
1
0
-1
-1
-1
-2
1
1
-2
-1
-1
2
1
-1
1
0
0
0
1
3
1
0
-2
1
1
-2
-1
-2
1
-1
1
3
3
1
2
1
0
-1
3
1
-2
-1
1
-2
-3
2
-1
0
-3
-5
-3
-1
-1
0
1
1
0
0
-1
0
0
-2
-1
0
2
1
-1
1
-3
-1
3
1
-2
-1
1
-1
-1
-1
1
0
-2
0
-1
-2
-3
-1
0
1
1
-1
0
-2
-1
1
1
2
2
1
1
1
-1
-2
-1
-2
3
2
0
-1
0
0
0
2
0
0
-2
2
3
5
5
-1
0
0
2
1
4
-1
-1
0
-2
0
0
1
0
2
-1
1
2
-1
-2
0
0
2
2
1
1
0
0
-1
0
-2
-2
-1
1
0
0
-3
-3
-1
-2
-3
-3
-3
-2
-2
-2
-1
-4
-3
-1
-2
-3
0
2
0
1
0
3
1
1
4
4
3
4
1
2
2
1
2
2
3
-1
2
2
1
1
3
0
1
-1
-2
1
0
-1
-2
-1
-3
-2
-1
-3
0
0
-1
-2
-2
0
-2
-1
2
2
0
0
0
0
2
-1
2
2
-1
-2
-1
-3
-1
-1
-1
-1
2
2
1
1
0
0
-1
3
2
1
1
1
2
1
3
2
3
1
2
1
1
2
0
1
0
-1
1
0
-1
-4
-3
-1
-1
1
2
-1
-1
2
2
0
0
0
-3
-3
-3
-3
-3
-4
-1
-1
-1
1
1
0
1
1
-1
-2
0
1
-2
0
1
-1
-2
-1
-3
-3
-1
-1
0
1
1
1
1
0
1
1
1
1
0
3
1
1
1
1
1
-1
4
3
2
2
3
1
-2
1
0
0
2
1
1
2
2
2
2
1
-2
-1
-2
-4
-1
-3
-2
-1
-3
0
-3
0
-1
-1
-2
-2
1
1
1
3
0
1
-1
-2
-3
-2
1
3
3
1
1
3
1
-1
0
0
0
2
1
-2
0
0
-1
-1
0
-1
1
0
-1
1
2
3
2
1
2
2
-1
-3
-2
-3
-1
-3
-2
1
-2
-3
-3
0
1
-1
0
0
0
-1
-1
0
2
5
4
2
1
1
2
2
3
3
3
2
-1
2
3
2
-2
-2
0
0
1
-3
-3
-3
-2
-2
0
-3
-1
1
-3
-3
-1
-2
-1
-1
-2
0
0
1
1
3
1
2
0
-1
2
3
0
-1
1
-1
0
-2
-3
-1
-1
-1
1
3
0
1
-1
-1
-1
-1
-2
-3
-2
-2
2
2
1
2
0
0
0
-2
1
1
-2
-1
1
-1
0
0
1
1
2
2
-1
-1
-1
-1
0
1
0
0
1
2
1
2
1
2
2
1
2
2
2
1
0
-1
-1
1
1
-1
1
1
0
3
1
-1
0
-1
2
-1
1
1
3
4
0
-4
-5
-3
-2
-4
-2
-3
-3
0
-3
-5
-4
-3
0
0
0
-2
-3
-2
-1
1
1
1
-1
3
3
1
0
-2
0
1
1
-2
-2
-4
-1
-1
0
3
1
2
0
-1
1
1
1
0
3
3
3
2
1
0
1
0
0
-1
0
1
0
-1
1
-2
-1
1
-1
0
0
0
1
0
-1
1
-1
0
-1
0
2
3
0
4
3
-1
1
-2
-3
1
1
0
0
1
0
2
-2
0
1
2
2
-5
-3
0
2
-3
-6
1
-2
-1
2
-1
-10
0
6
-2
-9
-13
-14
-13
-7
-2
2
-3
-9
-12
-9
-7
-3
-8
-8
-10
-11
-28
-11
8
-14
-9
4
10
2
2
2
25
36
22
2
17
23
19
-10
27
-14
7
-131
-549
-685
-82
303
283
331
236
143
192
242
210
239
201
168
132
93
96
74
-35
21
11
-46
-33
-28
-14
-19
-81
-164
-160
-176
-154
-183
-147
-97
-92
-76
-50
-86
-123
-142
-122
-51
11
-36
-22
-33
-88
-68
-89
-86
-98
-110
-54
-5
50
13
27
20
35
55
114
136
71
84
121
121
75
81
40
31
66
-30
-80
-225
-192
-228
-594
-1104
-861
-234
-555
-445
451
614
470
211
-642
-1074
213
1843
1806
1557
838
503
429
457
462
487
256
188
338
316
209
67
-186
-662
-377
-311
-409
-212
-211
-342
-349
-435
-637
-303
-357
-559
-322
-135
-147
-113
251
-67
-249
-225
-178
-131
-191
-127
-286
-190
-541
-990
-1415
-848
17
153
661
781
920
512
175
463
706
355
197
308
397
-81
-205
-425
-1255
-1714
-1506
-429
386
959
629
785
844
309
316
619
647
554
685
863
1181
1820
1561
338
-243
-830
-1142
-275
207
-805
-1607
-1574
-813
-568
-69
-621
-1368
-861
-734
447
1708
884
-426
199
641
583
561
434
-545
-199
676
185
428
474
-475
-815
-685
-967
-421
-151
658
970
1164
623
-371
10
-42
-275
470
762
161
291
80
-569
-974
-1026
-695
-476
320
449
12
-92
-1005
-1585
-1038
-167
-76
494
628
1
-116
310
220
88
395
-250
-368
552
1639
882
541
223
-503
-324
-16
191
891
917
81
-402
-737
-646
-305
-3
273
184
7
-75
329
797
0
-689
-564
-221
178
536
631
352
19
-202
-18
311
711
212
-41
-444
-477
-473
-1076
-1168
-1091
-1145
-391
487
20
-407
-766
-976
-558
-140
521
1478
831
1
321
709
262
-117
207
721
843
1128
987
240
81
66
-633
-324
359
-386
-497
183
-277
-1295
-656
-322
-332
168
340
-23
352
805
182
-121
658
594
-117
210
384
190
696
868
29
-156
-100
209
440
540
-53
-635
-534
-795
-804
-18
214
-201
-301
-263
-394
-472
-389
-777
-313
322
158
39
428
485
-376
-498
-146
-146
207
806
431
5
147
6
-200
3
-38
-471
-284
368
321
-333
-106
-4
-161
244
540
222
151
625
210
-410
-460
-421
-317
399
975
487
84
-319
-920
-536
-89
-293
-246
443
542
-124
-142
-120
-313
-74
689
760
638
970
441
-314
-286
-375
-505
51
184
-336
-410
16
-79
-480
-419
-215
-146
107
279
247
529
350
-24
-49
-238
-453
228
810
744
595
271
-83
-248
244
620
339
-104
-210
-96
-270
-550
-458
-164
-17
-190
-333
-191
-280
-259
29
-16
-90
326
525
148
243
325
-515
-680
53
343
442
873
676
-129
-373
-309
-557
-396
182
-14
-64
265
57
-559
-708
-404
-322
-393
-407
-92
322
239
-329
-463
-210
-130
41
472
871
548
321
364
186
45
1
118
138
43
58
260
205
103
155
-127
-210
100
-101
-364
-156
215
-31
-234
259
399
-67
11
376
294
288
142
-149
142
576
440
296
392
386
-71
-378
-171
-247
-443
-153
14
-4
152
-362
-1179
-1023
-531
-299
199
684
341
-334
-352
-239
-621
-428
307
127
-152
162
-76
-226
284
138
-361
-56
522
412
219
376
282
-396
-572
-143
-244
-225
244
305
229
308
17
-259
-84
68
-207
-272
217
368
-307
-301
405
207
-287
-165
31
107
481
585
346
278
36
-344
-275
212
475
65
-160
121
193
201
116
-22
7
-95
-487
-316
296
378
-330
-790
-513
-197
-391
-600
-201
216
111
141
488
852
789
48
-418
-76
154
-70
-177
85
269
194
48
-15
76
-6
-377
-686
-438
-51
-78
-243
2
34
-451
-955
-866
-323
-31
79
410
515
316
227
327
383
208
24
-78
64
285
114
-187
-12
90
-106
-357
-402
-174
106
188
186
308
383
96
-338
-168
324
319
-41
-147
-84
-52
-110
-118
-29
-51
-153
8
276
391
147
-185
-309
-134
222
338
195
54
-92
-457
-534
-154
355
191
-220
-98
125
37
31
237
71
-6
288
424
202
321
544
292
-334
-255
294
257
-212
-160
316
335
-165
-397
-170
-23
-44
-306
-397
-201
52
-126
-297
-190
-42
-265
-570
-479
-159
15
-50
-159
-389
-610
-932
-919
-638
-264
123
299
60
-91
-101
-189
-357
-472
-165
234
551
687
616
304
182
63
-41
33
402
585
318
101
171
190
-235
-489
-384
-38
89
40
-75
51
84
-340
-786
-656
-202
27
127
320
585
587
292
-97
-109
223
403
218
266
522
435
-20
-180
50
193
88
57
313
666
858
609
69
-82
308
597
487
231
441
927
969
407
-156
-220
80
140
28
85
240
325
286
-68
-537
-635
-458
-211
-284
-529
-542
-266
-328
-738
-919
-508
-212
-286
-360
-344
-282
-335
-663
-812
-500
-468
-584
-552
-549
-535
-510
-636
-369
204
304
-155
-335
70
373
115
-168
15
168
154
-25
-200
-164
-30
-130
-246
-368
-456
-290
3
-362
-1069
-950
-144
301
172
-96
-188
-100
-49
10
58
272
784
1139
719
226
278
681
685
230
-201
-6
468
591
198
-167
-21
350
405
57
3
305
549
450
361
297
258
119
144
245
316
463
663
780
605
444
531
934
1213
1248
759
633
815
976
1029
1107
652
394
745
1007
320
-525
-449
257
806
261
-784
-1104
-561
-360
-759
-1606
-1840
-1367
-722
-658
-1350
-2071
-1899
-1114
-788
-1106
-1650
-1471
-483
578
30
-1608
-2198
-881
223
57
-800
-1035
-411
550
577
-425
-1123
-703
187
734
394
-459
-649
100
755
593
132
-197
-146
278
635
372
111
324
584
607
575
521
501
729
804
527
231
262
492
749
666
303
138
288
475
534
409
60
-45
48
85
64
-3
-360
-647
-562
-367
-338
-433
-549
-632
-555
-334
-132
-137
-229
-164
-22
140
356
456
365
441
622
702
735
732
705
841
980
912
855
863
766
620
562
611
659
584
535
590
558
452
393
241
160
258
270
120
34
-61
-94
-121
-295
-561
-636
-528
-438
-637
-879
-859
-860
-934
-937
-1045
-1173
-1036
-974
-952
-890
-936
-1019
-925
-805
-780
-858
-899
-723
-499
-403
-451
-487
-425
-268
-185
-131
-71
-12
20
75
177
207
94
73
233
381
420
367
263
347
511
536
507
518
541
580
609
576
585
566
596
621
607
582
625
567
484
399
350
383
411
320
206
151
91
-8
-54
-8
-47
-179
-249
-231
-226
-242
-276
-372
-540
-613
-529
-445
-413
-391
-437
-476
-403
-310
-274
-250
-195
-157
-106
10
131
161
199
255
327
407
479
477
475
517
586
624
666
707
700
713
732
662
597
667
721
647
523
449
436
395
286
158
106
112
83
-22
-72
-135
-280
-418
-470
-507
-495
-511
-620
-756
-791
-759
-743
-821
-923
-940
-844
-745
-767
-872
-919
-873
-774
-705
-707
-654
-503
-417
-425
-385
-245
-108
-39
33
142
188
187
226
307
342
314
336
418
435
404
423
435
430
464
511
486
409
374
416
465
475
414
337
353
414
397
312
243
219
238
235
180
113
88
101
95
34
-22
-54
-77
-57
-25
-73
-156
-183
-183
-219
-281
-324
-306
-236
-221
-300
-341
-277
-222
-230
-244
-213
-147
-64
5
35
19
-12
19
112
165
172
211
269
311
383
462
396
299
371
504
505
438
426
448
453
420
351
294
269
237
212
170
108
42
25
22
-24
-134
-242
-280
-244
-182
-177
-261
-340
-349
-340
-348
-345
-365
-429
-424
-372
-417
-508
-509
-462
-428
-401
-396
-411
-426
-357
-199
-158
-327
-384
-194
-75
-125
-70
17
-100
-181
44
231
94
-34
156
361
309
238
356
406
221
113
377
666
493
118
140
390
362
199
199
164
43
85
226
207
93
-1
-52
-9
81
58
-62
-98
-49
-30
-57
-96
-135
-121
-51
-37
-133
-206
-147
-65
-78
-104
-113
-130
-77
15
-41
-186
-159
40
79
-98
-143
55
70
-117
-111
-114
-469
-376
369
142
-1440
-1800
157
1966
1790
546
-574
-878
112
1753
2261
1094
-269
-276
650
1140
775
190
-303
-522
-196
185
-357
-1114
-631
816
1525
722
-879
-1671
-892
428
832
247
-414
-397
135
436
-68
-869
-1054
-624
-417
-491
-145
602
806
94
-896
-1336
-858
223
996
910
426
254
320
180
-116
-270
-374
-436
-35
726
989
448
-381
-915
-782
-259
-149
-410
-244
67
-186
-415
-113
-14
-226
-104
-309
-1139
-1022
586
1617
709
-698
-716
28
41
-138
423
753
204
-88
342
450
-71
-415
-258
-70
-18
-37
-23
69
70
-210
-626
-815
-593
-243
-76
32
157
-44
-375
-423
-210
-44
40
-35
-150
14
273
271
170
163
91
73
225
359
589
701
496
484
671
346
83
559
875
720
539
309
186
416
707
636
333
135
306
407
377
553
603
408
294
186
89
422
762
375
89
363
303
-182
-204
-99
-382
-414
-234
-297
-346
-298
-400
-518
-398
-385
-460
-471
-505
-738
-860
-640
-362
-327
-436
-502
-516
-437
-257
-196
-187
-36
123
-8
-103
-10
-67
-300
-286
-60
191
436
405
71
-109
-74
-122
-264
-232
-76
-50
-221
-375
-518
-657
-836
-1224
-1637
-1769
-1839
-2037
-2149
-2207
-2377
-2585
-2687
-2574
-2338
-2144
-1956
-1663
-1342
-981
-543
-98
338
748
1148
1705
2340
2805
3205
3689
4037
4114
4189
4453
4693
4727
4664
4591
4454
4269
4011
3654
3231
2809
2428
2114
1740
1287
945
713
395
76
-179
-510
-938
-1425
-1872
-2025
-1836
-1696
-1803
-1942
-1988
-2072
-2253
-2390
-2354
-2126
-1873
-1743
-1790
-1867
-1793
-1745
-1893
-1866
-1391
-1040
-1088
-1066
-745
-640
-796
-817
-476
-87
40
-63
-136
-54
46
95
-13
-341
-1124
-2359
-3810
-4750
-4599
-3335
-2147
-2366
-3901
-5400
-6015
-5982
-5371
-3935
-2184
-1472
-1984
-2406
-1758
-598
348
1264
2444
3661
4595
5431
6328
7040
7151
6914
6910
7362
7959
8447
8668
8371
7309
5774
4550
4066
3926
3648
3108
2195
856
-481
-1345
-1764
-1998
-2232
-2650
-3288
-3878
-4089
-3996
-3898
-3772
-3481
-3147
-2759
-2193
-1622
-1278
-987
-529
151
1022
1767
2162
2180
1902
1551
1579
2029
2506
2657
2487
2014
1266
425
-117
-181
-77
-254
-871
-1700
-2398
-2828
-3092
-3135
-3163
-3391
-3717
-3687
-3410
-3196
-3155
-3040
-2716
-2388
-2097
-1765
-1265
-1171
-1634
-2957
-4853
-6482
-5943
-3157
-438
-581
-3055
-5243
-6020
-6125
-5375
-2739
415
1282
-709
-2528
-2119
-372
861
2012
3834
5486
5627
5085
5542
6836
7463
7023
6912
7868
9145
9482
8869
7813
6686
5469
4699
4833
5552
5513
4108
2014
338
-711
-1267
-1326
-803
-486
-1300
-3065
-4419
-4699
-4386
-4041
-3498
-2797
-2533
-2909
-3231
-2925
-2352
-1832
-1136
-37
1056
1677
1797
1715
1504
1227
1305
2062
2995
3301
2817
1866
800
7
-139
289
678
486
-423
-1625
-2600
-3020
-3097
-2997
-2898
-2912
-3320
-3892
-4121
-3833
-3510
-3460
-3307
-2743
-2122
-1923
-1927
-1882
-1878
-2217
-3278
-5169
-6641
-5764
-2714
-483
-1497
-4456
-6438
-6642
-6144
-4826
-1996
860
841
-2099
-4338
-3147
17
2235
3183
4233
5284
5122
4320
4912
7098
8711
8527
8007
8679
9774
9654
8472
7650
7504
7164
6547
6431
6610
5793
3528
1236
230
252
312
151
-249
-1169
-2790
-4406
-5011
-4504
-3720
-3381
-3414
-3660
-4117
-4527
-4218
-3182
-2108
-1376
-846
-475
-294
-34
498
1201
1857
2346
2612
2649
2504
2214
1913
1769
1874
1983
1894
1507
759
-238
-1106
-1519
-1529
-1304
-1382
-1977
-2985
-3880
-4377
-4321
-3891
-3402
-3334
-3734
-3970
-3892
-3634
-3375
-2788
-2085
-1690
-2039
-2531
-3102
-4391
-6258
-6394
-3513
-167
-128
-3292
-5856
-6056
-5175
-4316
-2213
729
1768
-807
-3879
-3670
-451
2212
2967
3588
4799
5044
3795
3473
5381
7685
7974
7263
7534
8696
8753
7529
6643
7023
7405
6909
6387
6486
6053
4116
2010
1569
2387
2459
1331
84
-658
-1585
-2710
-3180
-2645
-2274
-2903
-3951
-4320
-4057
-3900
-3926
-3548
-2791
-2357
-2481
-2510
-1967
-1251
-780
-387
337
1112
1411
1157
998
1247
1633
1820
1997
2307
2228
1457
519
292
566
628
256
-82
-420
-1231
-2288
-2803
-2427
-2011
-2177
-2718
-3024
-3276
-3691
-3845
-3265
-2414
-2301
-2724
-2830
-2431
-2418
-2800
-3021
-3385
-4880
-6389
-5272
-1779
119
-2122
-5626
-6572
-5112
-3897
-2893
-820
962
-378
-3751
-4712
-1629
2125
3294
2811
2926
3486
3178
2896
4377
6951
8004
7032
6210
6906
7790
7485
6739
6827
7510
7646
7026
6286
5662
4734
3547
2980
3467
4019
3341
1563
-111
-955
-1270
-1364
-1196
-1102
-1780
-3189
-4384
-4661
-4133
-3407
-3023
-3153
-3531
-3848
-3878
-3502
-2732
-1844
-1231
-1022
-964
-715
-304
90
476
932
1297
1428
1432
1467
1491
1401
1274
1305
1436
1316
828
281
-82
-365
-647
-764
-806
-1151
-1929
-2684
-2898
-2587
-2283
-2327
-2573
-2808
-3047
-3220
-3038
-2531
-2188
-2321
-2842
-3925
-5591
-6544
-4955
-1640
-198
-2497
-5824
-6638
-5100
-3586
-2581
-1104
41
-1108
-3786
-4400
-1461
2122
3065
2010
1701
2636
3131
2996
3920
6148
7465
6642
5521
6089
7387
7378
6379
6385
7681
8334
7375
6061
5546
5248
4539
4197
4879
5336
3943
1341
-296
-149
545
541
-102
-1023
-2354
-3900
-4703
-4164
-3077
-2808
-3625
-4579
-4910
-4806
-4640
-4236
-3373
-2519
-2294
-2483
-2308
-1581
-870
-477
-26
675
1186
1167
990
1145
1561
1906
2133
2321
2231
1688
1053
847
971
896
474
2
-445
-1065
-1739
-2032
-1908
-1867
-2176
-2571
-2844
-3079
-3291
-3245
-2799
-2359
-2443
-2957
-3250
-3381
-4184
-5526
-5453
-2851
-140
-789
-4288
-6508
-5420
-3189
-2076
-1437
-338
-185
-2318
-4551
-3469
443
3029
2334
891
1225
2327
2358
2263
3886
6226
6604
5150
4610
5882
6867
6320
5761
6666
7971
7809
6403
5446
5367
5224
4899
5106
5541
4901
2976
1170
758
1323
1502
736
-463
-1605
-2573
-3132
-3099
-2786
-2812
-3476
-4401
-4906
-4775
-4378
-4059
-3814
-3525
-3207
-3063
-3082
-2882
-2207
-1363
-687
-163
219
323
187
208
769
1695
2326
2291
1830
1364
1103
1082
1200
1312
1247
817
44
-692
-1004
-999
-1070
-1363
-1659
-1822
-2053
-2495
-2854
-2761
-2351
-2029
-2023
-2306
-2649
-2820
-3039
-3851
-4819
-4314
-1926
-159
-1621
-4950
-6241
-4444
-2351
-1934
-1907
-1132
-1196
-3215
-4727
-2817
1001
2490
823
-553
506
2040
2064
1991
3709
5766
5635
4109
4073
5787
6740
6066
5768
7058
8260
7611
6043
5486
5959
6151
5876
5918
6047
5148
3214
1673
1504
2137
2352
1544
-64
-1750
-2695
-2682
-2367
-2435
-2940
-3731
-4742
-5503
-5363
-4559
-4095
-4319
-4533
-4252
-3896
-3832
-3671
-2973
-2018
-1303
-877
-535
-276
-206
-109
400
1299
2018
2084
1677
1301
1222
1353
1546
1722
1674
1151
291
-327
-302
20
-44
-625
-1205
-1412
-1507
-1748
-1882
-1671
-1473
-1680
-2083
-2271
-2224
-2133
-2140
-2635
-3822
-4563
-3407
-1201
-877
-3369
-5755
-5259
-3092
-2138
-2514
-2404
-1886
-2676
-4283
-3854
-795
1669
1023
-875
-777
1182
2336
2082
2491
4270
5404
4674
3901
4971
6634
6725
5820
6122
7639
8194
6991
5715
5737
6324
6362
6023
5817
5348
4007
2333
1619
2177
2814
2156
243
-1545
-2124
-1909
-1981
-2547
-3047
-3428
-4201
-5134
-5243
-4482
-4050
-4553
-5027
-4600
-3890
-3789
-3952
-3495
-2507
-1771
-1477
-1175
-775
-590
-529
-71
899
1751
1812
1228
767
938
1510
1938
2045
1878
1308
391
-225
56
753
744
-147
-945
-1079
-1090
-1426
-1667
-1398
-1099
-1369
-1846
-1883
-1664
-1799
-2201
-2385
-2589
-3361
-3979
-3072
-1267
-1078
-3335
-5410
-4770
-2638
-1887
-2664
-2837
-2057
-2173
-3406
-3320
-912
1146
500
-1118
-618
1579
2539
1824
1922
3752
5150
4659
3961
4824
6125
6063
5393
6001
7514
7795
6382
5189
5478
6269
6263
5685
5321
4944
3907
2618
2163
2551
2563
1455
-88
-1032
-1372
-1726
-2197
-2465
-2624
-3167
-4108
-4767
-4732
-4387
-4284
-4428
-4444
-4238
-4084
-4074
-3889
-3297
-2529
-2004
-1778
-1551
-1175
-787
-456
-20
595
1132
1262
1053
901
1065
1407
1650
1676
1494
1112
653
403
449
466
174
-267
-572
-766
-1012
-1203
-1183
-1093
-1225
-1522
-1624
-1373
-1090
-1179
-1522
-1619
-1397
-1603
-2716
-3646
-2815
-734
-99
-2188
-4639
-4561
-2592
-1606
-2197
-2381
-1610
-1778
-3401
-3912
-1697
816
651
-1137
-1239
726
2003
1441
1191
2775
4478
4310
3349
3804
5278
5647
4871
4984
6473
7335
6340
4963
4936
5801
6112
5687
5285
5001
4295
3221
2571
2657
2818
2216
869
-405
-976
-1074
-1337
-1884
-2358
-2711
-3323
-4146
-4511
-4199
-3898
-4134
-4493
-4426
-4196
-4274
-4386
-3947
-3103
-2529
-2414
-2297
-1874
-1382
-1050
-710
-145
438
623
439
379
718
1186
1395
1367
1344
1308
1076
745
642
788
812
516
131
-87
-186
-311
-421
-452
-473
-557
-651
-664
-653
-663
-689
-762
-930
-1059
-1085
-1434
-2409
-3167
-2410
-640
-278
-2363
-4640
-4490
-2600
-1677
-2308
-2670
-2141
-2286
-3579
-3857
-1797
409
188
-1401
-1364
512
1639
1117
1040
2664
4210
3952
3129
3692
5031
5294
4755
5191
6576
6998
5814
4698
5021
5976
6185
5619
5052
4645
3980
3160
2797
2949
2831
1889
602
-223
-547
-946
-1580
-2031
-2146
-2400
-3173
-4094
-4477
-4259
-3974
-3979
-4147
-4280
-4435
-4637
-4565
-3935
-3029
-2472
-2533
-2765
-2540
-1841
-1142
-693
-300
155
408
301
223
602
1187
1424
1257
1112
1183
1180
985
952
1192
1292
928
366
135
243
264
91
-37
-57
-175
-477
-666
-496
-236
-238
-417
-534
-600
-747
-921
-1155
-1827
-2696
-2553
-1095
-161
-1585
-4144
-4776
-2965
-1433
-1874
-2835
-2707
-2371
-3105
-3647
-2188
59
366
-1224
-1860
-229
1515
1435
881
1814
3474
3853
3073
3104
4350
5115
4761
4685
5661
6441
5755
4476
4369
5422
6142
5725
4759
4070
3692
3283
2981
3000
2992
2349
974
-274
-580
-359
-647
-1652
-2470
-2486
-2426
-3155
-4158
-4425
-3998
-3742
-3967
-4117
-4010
-4140
-4507
-4369
-3436
-2479
-2388
-2884
-2962
-2317
-1526
-1039
-734
-388
-167
-223
-168
321
901
1075
906
892
1139
1213
1042
1055
1342
1451
1117
679
572
672
624
515
558
598
365
-70
-285
-79
231
304
164
-15
-196
-471
-685
-525
-300
-851
-2195
-2896
-1807
-170
-497
-2913
-4609
-3722
-1889
-1611
-2613
-2916
-2445
-2731
-3627
-3178
-1105
131
-912
-2200
-1315
781
1500
760
828
2366
3477
3088
2685
3529
4605
4589
4201
4803
5873
5866
4813
4229
4768
5499
5489
4953
4422
3934
3403
3049
3057
3151
2751
1699
473
-257
-300
-160
-480
-1343
-2291
-2893
-3118
-3218
-3363
-3571
-3834
-4110
-4256
-4165
-3985
-4031
-4255
-4186
-3629
-3059
-2995
-3211
-3084
-2499
-1879
-1452
-1087
-746
-638
-688
-441
263
951
1113
862
728
956
1333
1559
1578
1509
1439
1376
1343
1379
1423
1340
1103
889
873
949
897
692
507
447
445
410
307
158
-26
-201
-339
-386
-389
-664
-1551
-2598
-2615
-1314
-334
-1395
-3629
-4430
-3075
-1701
-1966
-2813
-2746
-2385
-2914
-3444
-2365
-449
-49
-1355
-1916
-450
1221
1225
564
1204
2744
3248
2563
2446
3483
4285
4072
3943
4752
5481
4933
3823
3729
4724
5448
5090
4272
3788
3539
3181
2886
2953
3089
2709
1627
189
-886
-882
48
429
-895
-2996
-3849
-3226
-2805
-3253
-3554
-3429
-3983
-5168
-5329
-4059
-3182
-3831
-4646
-4186
-3172
-2996
-3422
-3190
-2138
-1349
-1388
-1539
-1104
-474
-308
-271
472
1561
1749
946
491
1164
2163
2510
2283
2034
1854
1641
1555
1833
2300
2387
1815
1042
766
1071
1320
1055
622
482
456
202
-97
-129
-98
-345
-739
-857
-629
-551
-1167
-2340
-3001
-2233
-751
-473
-2144
-4015
-4031
-2559
-1645
-1962
-2332
-2173
-2357
-3132
-3121
-1586
-35
-229
-1452
-1560
-196
891
725
511
1454
2746
2929
2253
2245
3236
3969
3828
3814
4589
5149
4482
3413
3453
4528
5185
4699
3798
3300
3101
2802
2505
2474
2506
2045
961
-81
-389
-206
-372
-1077
-1732
-2042
-2387
-2971
-3325
-3186
-3058
-3426
-3984
-4126
-3873
-3720
-3814
-3833
-3559
-3228
-3153
-3237
-3062
-2543
-2053
-1828
-1642
-1254
-873
-736
-585
-64
598
904
864
937
1282
1597
1746
1931
2210
2313
2092
1842
1898
2158
2249
2024
1713
1523
1383
1161
987
1045
1161
957
439
84
140
282
177
-42
-187
-388
-741
-925
-718
-638
-1338
-2392
-2507
-1399
-571
-1456
-3240
-3858
-2856
-1844
-1977
-2495
-2433
-2289
-2797
-3146
-2176
-594
-230
-1239
-1766
-763
570
856
594
1014
1974
2376
2086
2106
2813
3413
3403
3323
3729
4189
3982
3325
3100
3596
4177
4141
3522
2877
2576
2517
2450
2346
2250
1985
1304
425
-70
31
186
-203
-990
-1605
-1849
-2052
-2409
-2682
-2720
-2808
-3182
-3575
-3607
-3422
-3457
-3657
-3566
-3099
-2779
-2934
-3143
-2834
-2135
-1636
-1498
-1326
-917
-582
-481
-251
354
985
1168
1037
1073
1421
1802
1985
2033
2087
2124
2023
1856
1842
2012
2056
1770
1394
1244
1235
1102
863
730
713
600
322
51
-47
-42
-98
-279
-510
-694
-787
-802
-837
-1146
-1839
-2389
-2081
-1164
-906
-1964
-3290
-3398
-2405
-1689
-1862
-2190
-2124
-2156
-2576
-2553
-1480
-312
-340
-1190
-1304
-287
614
584
426
1041
1903
2011
1598
1693
2409
2895
2823
2819
3240
3531
3241
2823
2946
3491
3805
3593
3154
2865
2754
2671
2562
2468
2337
1984
1367
756
451
365
193
-174
-634
-1159
-1747
-2180
-2273
-2223
-2374
-2756
-3137
-3372
-3467
-3415
-3234
-3061
-3026
-3070
-3034
-2831
-2499
-2136
-1816
-1544
-1294
-1058
-822
-512
-109
292
585
762
897
1046
1213
1390
1589
1805
1960
1934
1714
1522
1593
1832
1903
1672
1354
1140
994
843
768
811
753
414
-12
-179
-59
37
-95
-325
-434
-464
-609
-867
-965
-757
-507
-653
-1299
-1988
-2074
-1434
-745
-892
-1900
-2791
-2710
-1963
-1484
-1574
-1784
-1874
-2088
-2347
-2060
-1138
-442
-639
-1159
-1017
-244
291
293
404
1021
1645
1717
1515
1653
2147
2547
2726
2948
3254
3336
3075
2817
2948
3407
3750
3627
3155
2730
2542
2444
2294
2193
2189
1964
1230
324
-64
154
309
-119
-856
-1400
-1714
-1999
-2162
-2027
-1890
-2241
-2921
-3246
-2952
-2549
-2501
-2600
-2499
-2329
-2378
-2460
-2165
-1574
-1190
-1183
-1176
-911
-587
-435
-284
82
527
723
649
597
778
1065
1262
1356
1409
1378
1214
1054
1099
1315
1412
1233
916
689
613
608
607
575
456
208
-58
-183
-108
22
8
-177
-386
-473
-479
-513
-612
-691
-667
-601
-730
-1211
-1797
-1920
-1344
-677
-815
-1791
-2582
-2408
-1693
-1321
-1405
-1447
-1423
-1718
-2111
-1817
-784
-56
-312
-843
-662
49
442
443
714
1388
1792
1606
1401
1713
2261
2510
2523
2688
2973
2979
2658
2464
2728
3181
3321
3023
2611
2403
2343
2208
2034
2035
2108
1792
965
231
182
530
505
-86
-708
-1019
-1264
-1606
-1772
-1600
-1532
-1968
-2578
-2744
-2463
-2274
-2404
-2519
-2368
-2208
-2284
-2385
-2174
-1733
-1439
-1396
-1359
-1154
-925
-799
-622
-247
155
285
172
152
399
739
944
1026
1071
1047
959
932
1048
1184
1167
1019
857
718
585
504
516
530
411
175
-63
-184
-144
1
74
-65
-305
-408
-327
-239
-261
-320
-375
-452
-499
-411
-322
-551
-1058
-1279
-841
-246
-327
-1134
-1804
-1693
-1141
-867
-988
-1131
-1201
-1431
-1688
-1458
-705
-161
-375
-897
-872
-242
304
408
462
805
1150
1166
1103
1414
1956
2231
2180
2238
2546
2737
2616
2494
2698
3047
3125
2865
2570
2432
2371
2236
2083
2029
1945
1530
847
392
411
517
234
-338
-777
-1037
-1359
-1672
-1736
-1665
-1845
-2326
-2720
-2718
-2506
-2442
-2560
-2603
-2471
-2369
-2409
-2394
-2079
-1614
-1406
-1479
-1442
-1116
-766
-620
-499
-168
197
252
84
147
539
892
951
888
940
1008
922
828
975
1242
1267
982
701
664
769
791
694
599
551
463
287
133
158
306
330
122
-85
-61
47
-7
-145
-147
-67
-158
-410
-513
-346
-209
-398
-826
-1142
-1074
-718
-509
-802
-1392
-1698
-1482
-1118
-1032
-1147
-1191
-1207
-1346
-1408
-1053
-456
-226
-501
-700
-368
198
476
510
697
1057
1251
1227
1336
1718
2077
2162
2124
2225
2423
2480
2387
2352
2474
2628
2614
2385
2106
1945
1878
1747
1570
1474
1350
945
330
-51
-20
33
-275
-781
-1145
-1380
-1653
-1865
-1865
-1805
-1985
-2368
-2621
-2544
-2334
-2263
-2307
-2264
-2118
-2039
-2036
-1907
-1558
-1201
-1068
-1057
-904
-602
-362
-248
-81
228
497
534
466
545
774
951
1007
1065
1132
1064
882
825
997
1181
1116
863
665
632
661
642
575
487
381
266
174
135
140
113
4
-109
-111
-42
-54
-190
-290
-234
-142
-184
-335
-420
-388
-341
-341
-387
-513
-736
-906
-833
-585
-484
-743
-1153
-1325
-1154
-903
-817
-868
-925
-994
-1073
-995
-656
-286
-209
-356
-345
-48
277
440
565
789
998
1083
1164
1368
1600
1697
1718
1826
2003
2083
2005
1901
1887
1955
2009
1964
1812
1604
1404
1254
1152
1077
955
716
389
73
-137
-257
-361
-536
-788
-1049
-1247
-1397
-1538
-1624
-1608
-1595
-1728
-1925
-1961
-1814
-1681
-1650
-1598
-1454
-1342
-1330
-1283
-1061
-771
-617
-598
-540
-332
-104
-11
5
123
358
523
524
492
597
755
806
775
797
884
880
753
656
725
820
735
512
392
426
429
311
212
221
194
27
-138
-109
38
69
-88
-246
-247
-154
-110
-130
-127
-94
-127
-244
-309
-227
-129
-180
-292
-312
-329
-504
-738
-743
-512
-384
-576
-902
-1072
-1052
-967
-854
-698
-610
-745
-1020
-1108
-825
-370
-112
-148
-263
-237
-68
156
407
669
846
876
862
956
1165
1345
1441
1514
1620
1705
1695
1629
1630
1714
1788
1784
1710
1597
1458
1320
1234
1194
1132
969
726
474
261
97
-32
-134
-277
-522
-828
-1078
-1182
-1197
-1232
-1350
-1534
-1721
-1826
-1796
-1682
-1591
-1598
-1650
-1660
-1571
-1408
-1224
-1066
-958
-860
-750
-600
-421
-234
-70
54
153
272
401
491
557
637
746
831
850
808
775
792
818
818
804
773
685
558
465
448
466
452
372
244
121
64
71
70
26
-20
-43
-99
-205
-262
-214
-151
-183
-267
-304
-297
-324
-393
-430
-399
-360
-370
-435
-545
-686
-795
-776
-621
-506
-615
-877
-1046
-1009
-859
-722
-620
-570
-627
-740
-736
-518
-195
16
53
37
111
259
417
616
860
1035
1036
987
1098
1337
1483
1505
1531
1612
1649
1621
1607
1615
1618
1614
1590
1481
1312
1196
1132
1028
926
866
665
206
-133
22
287
-17
-769
-1131
-907
-763
-1057
-1344
-1346
-1435
-1803
-1984
-1660
-1294
-1436
-1878
-2010
-1701
-1336
-1216
-1232
-1172
-1024
-909
-820
-615
-272
-24
-11
-53
105
425
622
613
606
762
947
972
877
855
939
967
889
840
872
845
649
442
417
511
511
338
94
-66
-76
-19
-33
-145
-251
-312
-410
-514
-444
-236
-194
-410
-581
-491
-316
-267
-274
-213
-171
-246
-347
-329
-204
-76
-44
-144
-305
-412
-420
-375
-313
-248
-273
-455
-663
-695
-543
-395
-358
-375
-400
-450
-480
-384
-168
33
105
88
94
166
292
456
645
800
851
842
877
973
1078
1167
1267
1350
1354
1281
1224
1205
1209
1233
1256
1208
1033
810
657
597
568
502
367
169
-67
-284
-435
-474
-451
-511
-740
-998
-1097
-1074
-1080
-1109
-1078
-1061
-1163
-1295
-1263
-1080
-923
-877
-878
-856
-798
-707
-575
-418
-265
-177
-167
-158
-60
108
245
299
320
361
401
416
427
472
554
601
548
451
415
448
460
417
383
386
342
217
103
94
137
141
89
15
-63
-129
-166
-164
-133
-90
-79
-146
-243
-262
-186
-126
-123
-127
-110
-123
-156
-161
-150
-178
-208
-169
-117
-167
-300
-382
-382
-379
-404
-404
-380
-428
-568
-679
-634
-487
-416
-475
-537
-494
-425
-418
-384
-217
-25
7
-62
-10
190
354
415
495
637
734
751
806
930
1038
1089
1124
1157
1169
1175
1193
1189
1143
1095
1073
1038
943
806
687
620
559
460
318
173
31
-104
-209
-271
-334
-436
-566
-691
-780
-827
-816
-797
-828
-905
-964
-960
-907
-843
-786
-736
-693
-669
-649
-592
-479
-329
-222
-189
-180
-124
-20
65
126
208
299
321
271
255
333
420
420
370
347
345
302
236
215
235
233
179
101
39
0
-24
-49
-71
-81
-82
-109
-191
-271
-276
-202
-144
-170
-237
-282
-291
-297
-288
-235
-165
-166
-282
-405
-404
-290
-205
-233
-313
-374
-414
-445
-440
-380
-334
-359
-431
-478
-477
-441
-387
-336
-302
-280
-256
-212
-155
-103
-35
72
206
312
353
367
428
554
700
815
888
924
924
938
1012
1131
1213
1207
1139
1086
1092
1124
1134
1085
990
890
823
782
736
653
524
396
305
244
170
55
-78
-196
-279
-338
-401
-489
-593
-678
-728
-741
-742
-775
-834
-894
-909
-867
-800
-761
-771
-796
-789
-726
-634
-553
-501
-477
-462
-428
-359
-266
-184
-137
-112
-94
-62
-23
23
69
107
133
131
115
92
96
124
153
150
117
69
21
-5
-4
29
43
-4
-88
-139
-139
-113
-87
-70
-87
-155
-222
-205
-115
-49
-67
-109
-122
-113
-109
-88
-34
10
-4
-64
-94
-63
-24
-27
-53
-65
-52
-60
-102
-122
-95
-54
-48
-78
-89
-63
-31
-13
7
60
123
161
178
204
257
332
408
467
516
552
569
588
627
702
783
811
772
716
706
750
796
800
760
697
627
564
536
541
535
459
332
226
174
145
94
19
-62
-145
-237
-327
-377
-402
-441
-506
-574
-619
-653
-678
-689
-678
-665
-674
-691
-690
-662
-625
-581
-546
-515
-494
-472
-434
-396
-352
-309
-265
-245
-234
-214
-191
-172
-148
-102
-65
-66
-99
-113
-87
-47
-25
-17
-22
-42
-64
-71
-45
-5
15
-5
-45
-54
-21
15
8
3
35
60
30
9
49
103
106
103
140
166
145
130
164
215
242
243
225
196
197
246
273
232
199
228
237
192
164
190
189
138
103
122
116
71
41
29
21
13
-4
-54
-86
-57
-12
-42
-114
-119
-75
-58
-54
-24
1
-13
-22
19
81
129
159
173
185
229
278
301
310
359
416
414
392
410
440
434
419
413
400
364
332
311
286
251
202
128
64
42
36
-10
-102
-189
-225
-227
-235
-279
-352
-403
-426
-449
-456
-440
-436
-490
-545
-541
-504
-492
-487
-478
-499
-520
-473
-390
-405
-503
-508
-356
-209
-227
-348
-425
-373
-223
-72
-21
-74
-158
-239
-238
-44
256
312
11
-240
-64
252
258
113
188
311
174
24
172
366
313
247
348
346
158
151
388
458
286
247
380
325
132
171
387
407
242
148
144
136
163
197
140
47
57
91
15
-83
-83
-37
-9
-6
-82
-203
-212
-115
-97
-128
-37
42
-102
-279
-194
42
161
151
84
-47
-122
37
276
263
106
145
211
38
-46
202
335
117
13
148
100
-107
-25
225
170
-76
-103
1
-55
-86
85
96
-187
-275
-25
76
-79
-122
-63
-112
-147
-68
-31
-36
-17
-108
-229
-88
132
28
-217
-186
2
27
-70
-95
-80
-122
-141
-60
-7
-90
-177
-151
-104
-106
-110
-127
-152
-115
-77
-133
-158
-79
-85
-169
-80
70
-37
-225
-161
3
31
47
50
-128
-247
-39
182
125
3
-56
-163
-157
115
335
175
-153
-254
-86
153
307
273
3
-288
-231
143
365
237
39
-72
-151
-81
182
323
175
-11
-43
2
80
184
212
125
68
113
134
63
83
242
272
99
36
170
168
69
187
296
85
-64
168
324
126
-23
64
128
133
183
138
-34
-117
-7
171
210
16
-222
-208
3
74
-61
-149
-107
-127
-238
-210
-43
-39
-231
-297
-167
-78
-129
-172
-164
-157
-145
-124
-129
-77
19
-62
-237
-148
94
58
-118
-25
93
-96
-172
124
236
-62
-191
49
145
-14
-36
58
-25
-133
-21
120
45
-112
-124
-63
-49
-32
18
20
-43
-97
-119
-135
-68
123
203
5
-221
-206
-41
88
185
209
23
-204
-172
30
125
150
206
131
-137
-260
-62
171
236
213
73
-212
-293
16
288
192
39
39
-53
-187
-15
282
243
-13
-59
48
43
37
139
154
36
7
90
103
48
62
76
9
4
101
111
-1
-30
19
-12
-61
4
84
59
8
-37
-127
-153
26
211
153
-37
-128
-125
-84
64
216
166
-35
-165
-164
-71
108
229
101
-148
-217
-87
42
93
70
-27
-125
-107
4
74
39
-41
-82
-53
10
76
105
17
-152
-178
26
188
90
-103
-138
-72
-47
-35
0
-5
-63
-103
-117
-132
-103
-15
15
-63
-137
-132
-107
-96
-28
60
-11
-198
-205
-1
96
-9
-84
-51
-64
-109
-23
96
55
-58
-70
-43
-64
-19
116
152
3
-135
-92
53
136
120
60
-2
-38
-5
82
141
130
93
65
19
10
87
162
136
81
88
76
7
10
119
164
68
-13
20
78
74
37
12
13
31
59
82
53
-42
-89
3
107
63
-37
-17
32
-25
-81
-12
58
15
-31
-24
-41
-73
-28
25
-8
-33
7
-23
-137
-117
64
144
10
-145
-150
-65
24
103
110
-9
-147
-140
-13
107
158
106
-57
-188
-112
102
193
104
-3
-63
-107
-65
86
151
48
-41
-13
-18
-92
-64
68
112
26
-52
-88
-115
-86
19
75
10
-81
-105
-112
-114
-55
18
4
-73
-95
-91
-133
-155
-54
85
86
-52
-175
-178
-92
16
91
103
28
-106
-184
-116
42
140
121
47
-35
-104
-95
19
124
131
79
23
-40
-70
-11
72
107
110
77
-15
-81
-32
47
61
79
113
52
-85
-124
-21
84
121
101
1
-121
-105
35
105
63
33
15
-59
-89
17
118
87
18
-1
-33
-70
0
131
142
20
-56
-27
13
20
72
152
131
-13
-100
2
126
101
40
104
151
12
-116
-16
149
144
81
86
42
-80
-70
89
152
71
38
59
-18
-121
-57
86
109
44
7
-45
-140
-151
-38
58
52
1
-81
-191
-215
-119
-17
-1
-20
-55
-151
-251
-234
-110
5
54
10
-143
-293
-262
-74
57
57
22
-31
-164
-256
-135
93
181
84
-39
-104
-133
-104
21
165
186
45
-122
-160
-66
60
137
134
54
-60
-129
-87
32
120
104
19
-33
-30
-37
-43
15
102
97
13
-20
1
-6
-36
9
106
123
48
-16
-26
-13
13
74
118
98
41
-12
-26
34
120
118
47
26
56
40
16
98
173
69
-72
-4
147
125
4
43
149
71
-80
-22
140
115
-2
55
148
1
-174
-47
177
131
-25
2
48
-81
-166
-8
135
55
-60
-54
-50
-113
-103
-12
21
-21
-56
-80
-115
-98
-50
-44
-56
-28
-22
-97
-136
-68
-15
-53
-63
-3
-12
-91
-101
-33
-12
-34
-8
20
-24
-86
-83
-39
2
35
43
0
-58
-88
-68
2
77
79
6
-62
-63
-37
-6
44
55
3
-42
-25
2
-2
4
14
-21
-52
-2
53
14
-49
-28
14
-13
-33
21
46
-24
-55
20
71
17
-24
24
40
-11
-1
79
84
10
-1
48
46
9
50
115
82
5
16
70
61
35
66
95
57
28
53
63
28
17
61
85
47
7
15
36
21
-1
27
53
12
-38
-19
30
18
-25
-23
-3
-14
-27
-20
-15
-22
-20
-20
-43
-61
-29
-3
-22
-37
-21
-21
-57
-63
-26
-2
-11
-24
-40
-60
-50
-13
3
-28
-46
-19
-4
-30
-60
-35
17
21
-26
-51
-21
8
-21
-48
-7
49
37
-15
-43
-38
-27
-12
17
43
55
25
-43
-88
-51
27
69
61
43
-1
-62
-82
-35
42
81
72
24
-29
-71
-73
-17
70
102
44
-24
-24
-4
-31
-41
39
114
62
-27
-21
26
3
-40
16
97
82
24
16
25
-14
-40
13
85
86
35
6
6
-7
-22
-3
40
76
62
-3
-52
-41
-15
3
30
64
51
-11
-55
-49
-20
4
26
47
41
-12
-58
-51
-7
14
8
18
31
8
-36
-55
-40
-19
-1
26
36
9
-32
-50
-44
-22
0
20
29
10
-28
-54
-40
-7
20
26
24
5
-28
-50
-35
-1
18
15
10
-4
-30
-31
-8
0
-10
-10
-5
-19
-36
-22
-3
-14
-38
-32
-15
-21
-27
-23
-17
-36
-45
-26
3
0
-27
-39
-24
-3
-1
-7
2
16
7
-16
-12
26
48
31
10
1
6
24
43
50
37
31
39
40
22
15
31
57
64
42
27
32
37
28
14
18
43
59
40
14
-5
-3
8
13
10
3
9
8
-14
-31
-26
-14
-14
-19
-18
-9
-11
-26
-36
-31
-21
-22
-30
-23
-4
-4
-16
-16
-13
-18
-21
-15
-8
-6
1
16
14
-14
-29
-15
0
10
14
15
17
19
6
-22
-27
8
40
28
-1
-2
11
-6
-25
-18
-1
14
18
10
-16
-42
-41
-21
-10
-8
3
-1
-29
-60
-65
-46
-12
9
-7
-32
-32
-32
-42
-40
-16
12
15
-4
-23
-22
-20
-8
9
15
19
18
10
-4
3
26
37
35
34
41
32
17
28
42
36
31
36
37
31
25
28
27
25
28
29
27
23
17
8
1
1
6
5
8
7
1
-6
-13
-13
-17
-14
-3
2
-6
-22
-26
-18
-9
-3
-3
-10
-14
-17
-17
-11
-4
2
-1
-3
-6
-9
-5
0
4
5
12
12
8
4
1
0
9
14
14
12
6
0
-9
-6
5
13
12
1
-6
-13
-16
-14
-11
-1
-1
-11
-22
-22
-20
-20
-16
-14
-14
-16
-20
-24
-25
-20
-18
-22
-24
-22
-19
-16
-15
-12
-13
-17
-19
-20
-15
-6
1
1
-4
-6
-7
-9
-7
1
10
18
14
11
10
9
12
15
22
22
16
14
17
24
23
21
13
11
16
24
28
21
17
16
18
16
11
12
14
13
14
12
15
13
9
7
6
10
11
9
4
4
6
8
5
-4
-10
-5
5
6
3
-3
-7
-8
-9
-13
-13
-7
-7
-10
-11
-10
-9
-16
-15
-8
-4
2
0
-10
-14
-10
-1
7
8
6
3
-2
1
3
6
4
7
3
1
1
-5
-3
-7
-6
-5
1
-2
-5
-9
-9
-5
-5
-11
-11
-13
-10
-8
-7
-6
-9
-10
-12
-15
-15
-7
-9
-5
-6
-11
-15
-16
-16
-8
-1
1
3
-5
-8
-11
-12
-6
-3
0
8
3
-1
-3
-1
0
5
6
6
4
3
1
1
4
9
9
9
7
6
8
7
8
7
10
10
10
8
9
12
11
14
12
9
8
9
10
12
9
12
12
8
8
4
1
0
0
0
2
3
4
2
-5
-7
-10
-8
-6
-4
-1
-3
-6
-10
-8
-12
-12
-10
-8
-3
-2
0
-2
-5
-6
-4
-5
0
6
15
17
14
9
2
-1
-1
7
19
22
20
18
10
1
-6
-4
-5
-3
2
3
-3
-10
-18
-26
-30
-29
-26
-23
-18
-18
-19
-22
-26
-31
-36
-34
-29
-23
-18
-12
-13
-15
-17
-18
-17
-17
-7
-3
3
6
5
-4
-4
0
5
7
11
17
16
16
12
11
13
16
14
16
15
16
16
11
11
11
10
8
7
5
9
7
3
4
3
0
1
5
6
13
14
13
8
6
3
-1
5
8
14
15
12
7
0
-4
-1
1
5
11
8
2
-3
-5
-7
-7
-3
0
-3
0
-4
-7
-8
-4
-2
-3
-5
-7
-5
-5
-5
-2
0
-3
-2
-3
-3
-3
-3
1
-2
1
4
-1
-3
-6
-5
-6
-5
-4
-4
-2
-1
-6
-7
-7
-12
-11
-13
-9
-5
-5
-1
-3
-4
-11
-10
-6
-2
4
9
9
6
4
0
-1
1
4
11
15
17
15
7
1
2
1
6
12
13
12
9
7
2
-2
-2
-1
2
2
5
2
3
1
-5
-7
-10
-10
-7
-2
-3
-4
-5
-11
-11
-10
-8
-8
-7
-4
-1
-1
-4
-8
-10
-9
-8
-5
0
3
6
10
11
10
8
8
9
12
12
16
19
16
11
10
11
12
9
6
8
5
5
5
4
5
2
2
2
-1
-3
-1
-3
-1
0
1
2
-4
-7
-6
-4
-5
-3
-1
-2
-3
-3
-6
-5
-9
-8
-7
-5
-1
-3
-6
-7
-9
-11
-10
-8
-4
-2
-2
-6
-5
-8
-13
-10
-6
-3
-1
2
3
1
0
-2
-1
1
2
3
3
1
2
-1
-1
-3
0
3
1
2
4
3
4
2
-1
1
4
3
4
5
4
2
-1
2
0
0
2
1
3
4
2
1
-2
-3
-3
-1
0
1
1
3
2
-1
1
1
3
2
2
5
5
3
1
8
5
7
7
5
7
8
11
6
3
2
2
3
3
2
5
1
2
1
-3
-2
-4
-3
-2
-1
-2
-4
-5
-6
-7
-4
-3
0
-5
-5
-4
-4
-6
-7
-4
-5
-3
-2
-2
-6
-7
-6
-4
-7
-2
0
0
0
-4
-2
-6
-2
-3
-2
-1
-1
2
1
-4
-5
-4
-3
-3
-2
0
3
3
1
0
-2
-3
-2
0
2
4
2
1
2
-4
-5
-5
-3
1
1
2
2
-1
-3
-4
-1
0
-2
1
0
1
0
1
2
2
1
0
3
3
0
0
-3
-3
-4
-4
-2
-3
-3
-3
-3
-2
0
-1
-3
-2
1
2
3
5
4
7
8
10
11
9
11
12
11
9
12
13
12
11
7
9
9
13
7
3
5
4
5
4
7
3
0
-2
-1
-1
-4
-3
-4
-6
-7
-7
-8
-8
-8
-9
-10
-11
-8
-7
-6
-4
-5
-7
-4
-3
-2
-4
-3
-2
-2
-3
-1
-2
-5
-5
-2
1
-2
-5
-2
-3
-1
-1
0
0
-1
-2
-1
-3
0
-1
-1
2
1
1
3
2
5
4
4
2
-1
2
2
2
1
1
1
0
1
0
-1
0
-1
0
-2
-1
1
1
0
-2
2
4
0
0
2
1
-1
2
0
-2
-1
-1
0
0
1
1
2
0
-2
0
-1
1
0
-1
0
0
1
0
-2
1
1
-1
1
1
2
1
2
2
1
2
3
2
2
-1
0
2
4
4
4
3
2
3
0
1
2
0
0
1
4
2
4
1
1
2
0
-1
0
-2
-4
-3
-2
-4
-3
-2
-3
-2
-2
-2
0
-2
-2
-1
-1
-2
-1
-1
-4
0
-2
-2
1
-1
-3
-2
-3
-3
-2
0
1
-1
1
2
1
0
-2
-1
1
0
-2
2
1
0
-2
1
0
-2
0
-1
1
-2
-4
0
0
-1
-1
-1
0
0
2
-1
-5
-4
-1
-3
-1
-3
0
0
-1
3
-2
-2
-1
-2
1
1
-1
-2
-5
1
-2
0
1
-2
0
0
2
1
0
-1
3
5
1
1
4
4
5
5
4
5
2
3
4
2
1
0
3
4
-3
0
4
0
2
2
5
3
1
5
5
3
1
6
7
2
0
1
2
4
2
3
4
-1
0
3
3
4
-1
0
2
3
2
1
-2
-3
-3
-5
-4
-4
-4
-5
-4
-4
-5
-6
-7
-6
-8
-7
-5
-4
-4
-3
-3
-1
-3
-5
-2
-5
-3
-2
-4
-4
-2
-1
-2
-5
-5
-3
-4
-6
-2
-4
-5
0
-1
2
1
1
2
3
3
5
5
6
8
9
8
6
5
3
3
-4
-3
-3
-3
-2
-3
-3
-2
-2
-2
-1
0
1
-2
4
1
2
3
2
5
2
5
7
6
7
7
5
3
6
7
7
6
6
4
4
5
3
3
2
3
-2
-1
0
-2
-1
-1
0
1
1
2
-1
-1
4
1
-2
1
-1
0
4
3
1
-1
-1
-3
-3
-4
-5
-3
-4
-5
-4
-2
-2
-6
-6
-2
-4
-2
-3
-6
-5
-8
-5
-6
-6
-4
-6
-7
-6
-7
-6
-7
-4
-4
-7
-6
-4
1
-1
-1
-1
-1
2
-1
-3
0
1
1
0
2
3
-1
3
1
4
4
1
0
1
3
2
5
2
3
1
2
4
0
3
3
3
4
3
2
2
4
4
6
4
3
4
3
5
4
2
3
2
3
3
1
4
3
2
2
2
3
4
2
4
3
4
3
5
4
1
3
2
2
2
1
2
2
4
1
1
-1
-2
-1
0
-2
-3
-2
1
-1
-5
-3
-4
-5
-5
-5
-5
-4
-4
-2
-2
-2
-1
-1
-2
-4
-3
-1
-2
-2
-1
-5
-1
0
-1
0
-2
-2
-4
-1
0
-1
-2
1
-1
0
-2
-1
-2
-4
-3
-3
-3
-2
-3
-3
-3
-4
-6
-1
-2
-3
0
0
0
1
4
3
3
-1
-2
0
0
1
-1
-4
-3
1
1
-2
0
1
2
4
1
0
-1
0
3
3
1
4
3
3
4
5
5
6
5
2
4
5
5
1
3
4
0
-2
1
2
1
4
2
0
4
4
6
4
2
1
0
0
0
1
1
-1
-1
-2
-2
-1
-1
-1
-3
-1
1
-3
-2
-3
-1
-3
-4
-2
-4
1
-2
-1
-1
-1
-2
-2
-3
-2
1
-2
0
0
0
0
2
-2
-3
0
0
-2
-1
0
-1
-6
-3
-1
-2
-2
-2
0
0
-3
0
2
-2
-1
2
2
2
2
0
-2
-2
-3
-3
3
-1
2
1
0
1
0
1
0
2
1
3
0
2
2
1
1
0
1
2
0
1
1
0
1
2
0
1
0
-2
0
0
0
2
0
1
-1
-2
-1
2
3
4
5
1
-1
1
2
1
2
-1
3
2
0
2
0
1
0
-1
-1
-4
-3
-1
0
2
0
-1
-1
3
1
-1
4
3
1
1
-1
0
1
-1
0
-1
-1
-2
-3
0
1
2
1
2
0
0
0
-1
-2
2
0
1
1
-2
-1
-2
-3
0
-2
0
2
1
1
-1
-2
0
0
0
0
0
-1
-2
0
0
2
-1
1
1
-4
-2
-4
-3
-3
-4
-4
-5
0
-2
-3
-3
-1
-1
-1
-1
1
3
0
-2
1
0
-3
-3
0
-1
0
1
2
2
2
4
1
1
2
4
3
0
1
1
1
1
2
-2
0
2
4
5
4
5
5
0
-2
1
-1
0
2
2
2
2
3
2
4
1
2
0
1
3
-1
2
1
3
1
2
1
0
2
-4
-1
-2
-5
-3
-1
-1
-3
-2
-2
-4
-3
0
-1
-3
-6
-4
-2
-3
-3
0
-2
-2
4
0
0
-1
-4
-1
-2
-1
-1
-3
-2
1
-1
0
1
0
2
0
-2
1
1
1
1
-1
-2
1
2
3
2
-2
1
2
2
2
3
3
3
2
2
3
3
5
1
3
3
3
1
1
1
-4
-3
-1
2
0
-2
1
-2
-2
-1
1
-1
0
0
-2
1
1
-2
1
-1
-4
0
-1
1
3
1
-5
-2
-2
0
-1
-1
2
0
-1
-4
-1
0
0
-3
-2
-1
-1
-2
1
1
-3
0
-1
-1
1
3
0
0
0
2
4
2
4
3
3
0
-1
-1
2
0
0
2
2
2
5
2
0
2
-1
1
0
1
2
2
2
-1
2
-2
0
-1
-3
-1
-2
-2
0
-1
0
1
-2
-3
-3
0
1
0
-2
1
-2
-2
2
-1
1
0
1
-4
-3
-1
-2
-3
-2
0
-3
1
-1
-2
3
2
1
1
4
0
3
0
1
1
-2
0
-1
-1
0
3
0
-2
-4
-2
0
1
-1
0
2
-2
-2
0
2
0
-1
3
0
-1
2
3
-1
2
3
4
3
2
3
-1
1
-1
-1
2
3
4
1
0
-1
1
1
-3
-2
-2
-1
-1
-2
-3
-1
-1
-2
0
1
0
0
2
1
0
-1
-2
-2
-1
-2
-1
-2
-2
1
1
1
1
1
1
-2
0
-2
-3
-1
0
1
-1
1
2
0
0
-2
-2
-1
-1
-2
0
0
1
4
1
2
-1
1
1
1
0
1
1
1
2
1
3
2
2
-1
2
0
1
0
-1
-2
0
1
2
1
-2
-1
-1
-1
-1
0
0
0
-1
1
1
0
-1
-4
0
-3
-5
-1
2
0
-2
-1
-2
-3
-2
-2
-2
-3
-2
-3
-2
-1
-2
0
-1
-1
2
1
3
4
3
2
4
3
2
2
4
5
5
2
3
1
2
2
0
-1
0
2
1
1
-2
-1
-3
0
-1
0
-1
0
3
-1
0
0
-1
0
-3
-2
0
-1
0
0
-1
-3
-3
1
-1
-2
-2
-1
-2
0
-1
1
0
1
2
1
2
1
-2
-3
1
0
1
2
4
2
-2
1
3
1
4
-1
-1
0
-3
-2
0
0
-3
0
-2
-5
-3
2
2
-1
-1
0
-2
2
0
-1
-1
-1
0
0
0
0
1
-3
-2
-3
-2
0
-4
0
-1
-3
-3
-3
-4
-3
-2
-1
0
3
1
1
3
2
1
1
0
-1
1
2
5
5
4
4
2
1
2
1
3
5
4
4
2
1
0
0
2
2
2
2
-1
3
1
2
1
-4
-3
-3
-1
0
0
1
-1
-2
-2
-1
1
0
-2
-2
-2
-1
-2
0
-1
2
3
1
1
0
0
-3
-1
-2
-1
-1
-2
-2
-3
0
0
-1
1
-2
-1
-3
-2
0
-3
-2
-1
0
2
2
2
0
-4
-2
-1
-2
0
-1
2
2
1
0
-2
3
3
1
0
1
0
0
1
1
0
1
1
-1
-2
0
1
3
-1
2
2
2
1
2
-1
-1
-1
0
2
-1
0
2
4
5
1
-1
2
0
0
2
1
1
0
-2
-1
-4
-3
-1
2
1
0
-3
-2
-2
-3
-3
-3
0
-1
0
1
-3
-2
0
0
0
1
0
0
1
-1
1
0
1
0
0
0
-2
-2
-5
-1
0
-3
2
1
1
4
4
3
2
3
1
1
3
3
3
0
-2
-2
1
1
-5
-2
2
2
0
-4
-1
1
-2
-2
0
-1
-2
-2
0
-1
-1
-1
0
1
3
1
1
2
3
2
3
3
2
0
1
4
4
1
2
1
2
2
2
4
0
1
-1
-5
-3
-3
-3
1
-2
0
-2
-2
-1
-2
0
-2
-4
-2
-2
-2
-3
-2
-2
-3
-4
-4
-3
-2
1
0
-2
2
1
2
0
1
1
-2
0
-2
-2
-2
-3
0
1
0
-1
0
-1
1
2
2
2
0
2
3
3
3
3
3
4
4
4
1
2
0
0
2
-1
1
3
0
-1
0
-1
0
-1
0
-1
0
-3
-2
0
0
-1
1
-1
-1
0
-3
1
0
0
-2
-1
1
0
0
0
-1
0
1
0
0
1
2
-1
-1
-2
2
1
-1
0
0
-1
1
1
3
2
1
0
0
1
0
-1
-2
0
1
1
-1
-1
0
-1
-1
-1
-1
-2
0
1
0
-3
-1
2
0
0
2
0
-2
1
1
0
-2
-2
-2
-2
2
-1
-2
-4
-4
-2
-4
-3
1
2
1
-2
0
3
1
1
1
-1
1
1
1
1
1
-1
1
0
0
0
0
0
-1
-2
3
3
0
4
3
5
4
2
3
-1
1
1
2
2
4
6
2
4
2
2
1
1
1
1
2
1
1
1
-1
0
0
-2
-2
-4
-2
-5
-3
-4
-6
-3
-3
-3
-3
-1
0
-1
-2
0
1
-1
-2
-2
-1
1
0
0
0
0
-2
-1
-1
0
-1
-3
-1
1
-3
-3
-2
3
1
2
0
-2
1
-1
0
1
4
5
5
4
2
0
2
2
3
0
0
1
1
4
2
1
-1
-2
-3
1
0
2
1
3
1
0
-1
1
1
2
2
1
3
-2
-1
0
-4
0
-1
-3
0
0
2
1
1
4
4
-1
-2
3
1
1
0
1
0
-3
-2
0
0
0
-1
-1
1
-2
-3
-2
-1
0
1
0
-3
-5
-1
-4
-4
1
-1
-3
0
0
1
2
0
0
-2
-1
-2
0
3
4
0
0
1
-1
1
-1
-1
1
-2
1
1
0
0
0
-1
0
1
-2
0
1
0
1
3
4
-1
1
1
-1
0
2
1
-1
0
0
3
0
2
2
1
0
-1
2
-2
0
0
-1
0
-1
-1
-1
-1
-1
-1
1
-3
-2
1
-2
0
-3
0
0
1
1
1
2
3
4
2
1
-3
0
-1
1
2
2
3
0
2
2
2
0
0
2
-2
-4
-2
-4
-2
-1
2
0
0
-1
-3
1
1
1
3
4
1
4
3
3
1
0
0
1
-3
-2
-3
-3
0
-2
-2
-2
-3
0
0
-2
-3
0
2
1
-1
-3
-1
-2
0
-1
-2
0
1
-1
3
3
1
0
0
0
-1
2
0
-1
1
2
0
-2
0
1
1
0
-2
-1
2
1
0
1
2
0
3
3
0
-2
-2
-1
1
2
-1
-2
-1
-3
3
0
0
1
0
-2
-2
0
1
0
-3
-2
-3
-1
0
-2
-2
-3
-3
2
0
-1
0
2
-1
1
4
2
5
4
5
4
4
3
0
0
-2
-1
-1
-3
0
0
1
1
1
3
0
0
2
0
-1
-1
0
0
-1
-1
1
-1
-1
0
1
0
-1
-2
-2
0
1
0
0
0
2
-2
-1
0
-3
-3
1
-1
-3
-2
-2
1
-1
-1
-2
0
-1
-1
-1
0
0
0
-1
0
0
-3
2
3
3
1
0
0
1
1
3
1
-1
-1
1
0
0
0
0
0
-1
2
0
1
-1
-1
2
-1
-2
-2
1
0
0
-1
-2
-2
1
1
3
2
0
3
4
3
3
2
3
0
1
-1
-1
-1
0
0
-4
-1
0
0
-2
-3
-2
-1
-2
-2
0
0
1
0
-1
0
-1
-1
0
-2
0
1
1
3
0
-1
-1
-2
1
0
2
-1
1
0
2
0
1
4
2
0
1
3
1
1
-1
-3
-3
-3
-2
2
3
1
0
1
-1
1
3
-1
4
0
2
1
-1
-1
-1
-1
-2
0
-2
-3
-2
-3
-4
0
0
-1
-3
1
2
1
1
-1
1
0
1
2
1
3
3
0
1
0
1
0
-1
1
0
-1
-3
-3
-4
2
1
-3
-2
-3
-2
-4
-4
-2
-1
-1
0
-1
-1
0
4
0
1
1
-1
2
2
3
-1
2
4
2
3
0
-2
0
1
-3
-1
-1
-4
-3
-1
-1
-1
1
1
0
1
3
3
1
1
-3
-2
1
2
-1
0
2
2
1
0
4
-1
-2
2
-1
2
2
1
2
1
3
3
2
-1
1
0
1
4
2
-1
1
2
0
0
1
3
2
1
-3
-2
-1
-4
-2
-1
0
-1
-2
-1
-4
-4
-4
-3
-1
-2
-1
1
-2
-2
-3
-3
1
0
2
-1
-4
-1
0
2
-2
-1
3
2
0
-1
-1
-2
-1
0
0
1
-1
0
1
0
-1
-2
2
0
2
4
3
5
3
3
2
0
1
0
-2
-2
-2
-1
-2
-4
-4
-2
-5
-3
0
-2
-2
1
0
1
-1
2
2
1
0
0
2
3
5
2
4
2
-1
3
3
0
0
2
2
1
3
3
3
2
2
1
3
0
2
0
0
0
2
1
-1
-1
1
1
-2
0
-2
-2
-2
-2
-3
-1
-3
-2
-1
-3
-2
-3
-1
0
2
0
0
0
0
1
0
0
-1
-3
-3
0
-2
-3
0
-1
-1
-1
-1
-3
-2
2
1
0
1
1
-2
-5
-3
-1
0
0
0
4
1
1
2
1
1
1
2
2
2
3
0
1
1
-2
2
3
0
1
0
-1
-2
0
0
1
0
2
1
0
-2
3
3
3
3
1
2
1
1
1
3
2
-1
0
0
1
1
-2
-2
-1
-2
-3
-4
-2
-3
-1
0
-2
-2
-2
-4
-4
-2
-3
-2
-2
-3
-1
0
-2
-2
0
-1
-3
1
2
4
1
4
2
1
2
1
2
2
2
1
2
1
4
2
0
-1
0
0
0
4
3
0
0
0
-1
-1
0
1
-2
-1
1
0
1
1
-2
-3
-1
-3
-4
-1
-1
0
-1
0
-2
-2
0
0
-1
0
0
-2
-1
2
2
3
3
5
0
0
0
0
0
2
-1
-1
2
2
-1
-3
-1
-3
0
-2
1
0
-2
-2
-2
-1
0
1
2
-1
2
2
0
0
-2
-1
-1
2
0
0
0
1
1
2
3
3
3
1
0
-1
0
-1
2
1
-1
0
-1
0
2
1
-2
-3
-4
-1
-2
-1
0
-3
0
-1
-2
-3
1
1
0
-1
2
1
0
-1
0
3
4
4
0
-1
1
0
1
2
3
2
0
5
4
3
3
2
4
0
-1
2
1
0
1
-1
2
-2
-4
-2
-1
-2
-2
0
-1
-3
-2
-5
-2
1
1
1
0
1
-2
-1
2
0
0
2
1
1
3
2
3
-1
-3
-1
1
0
-2
0
1
-1
-3
-5
-5
-2
-1
-2
-4
-5
-4
-2
1
0
-1
-1
-2
-2
-3
1
1
1
0
1
1
1
0
0
6
3
4
1
1
2
2
1
3
2
2
4
3
5
0
3
-1
2
2
-1
1
2
0
-1
1
0
-1
-1
-2
-3
-2
-1
-2
-1
-2
-4
0
1
1
2
-1
1
0
0
1
-1
1
2
3
3
0
4
3
1
1
2
3
0
2
4
0
0
0
1
-2
-1
0
-2
-1
-3
-1
-1
1
0
-2
-1
-4
-2
-3
0
1
0
1
0
0
0
0
-2
-2
1
-1
0
0
-2
-1
-3
-3
-2
1
-1
0
2
0
-3
0
2
0
1
1
1
0
-1
-4
-3
-1
-2
-1
0
-1
-4
0
0
-2
-3
1
-1
-1
3
0
1
1
3
2
0
1
1
0
2
3
1
1
-2
0
-1
3
5
0
2
1
1
-1
1
0
-2
0
2
3
2
1
0
-1
-1
2
2
0
-1
1
2
1
3
3
2
2
0
0
-1
0
1
1
1
0
1
2
-1
-1
0
-1
-1
-1
-3
-1
0
-2
-2
-3
-2
-5
-3
-2
-4
-1
-1
0
0
1
1
0
0
1
1
2
4
-2
-3
-1
-1
-1
1
1
1
1
-2
-3
-2
-1
1
1
3
2
4
0
0
1
0
0
-1
-1
-1
1
0
-3
-1
0
-3
0
0
-1
0
0
0
2
2
-1
-2
-3
-2
-3
0
-1
-1
0
0
1
2
-1
1
4
0
-1
-2
1
-1
0
4
3
2
2
3
2
-2
0
0
-1
-1
-1
-1
0
1
2
0
-2
2
1
-2
-1
-1
0
0
-5
-1
1
1
1
1
-1
-2
1
1
0
1
1
2
2
3
2
0
0
-1
3
3
0
0
-1
-1
-1
1
2
0
0
-1
-4
-1
1
-1
0
1
1
4
0
-1
-1
0
-2
-4
-1
2
-1
-4
-3
-2
-2
-3
-5
-1
-1
0
0
0
1
-1
3
-1
2
0
0
0
0
1
1
5
6
3
-1
-1
-1
-4
-3
-2
-1
0
-1
1
1
-1
0
-1
0
-1
-2
-2
-1
-1
2
0
-1
0
-3
-2
-1
-1
0
3
2
1
-2
0
0
0
1
1
3
3
3
0
1
1
2
4
2
0
0
1
1
2
4
1
-1
-2
-1
-2
2
1
-2
-1
0
0
0
-1
-2
-3
1
-1
1
3
0
-1
-1
1
1
3
2
-1
3
2
-1
1
-2
1
2
1
1
-1
-3
-5
-5
-4
-1
-1
-2
-1
-1
-4
-3
-2
-2
-2
-1
0
-3
-1
-2
0
2
1
-1
0
2
0
3
3
-3
0
0
-5
-2
-1
0
0
-2
1
0
0
1
-1
0
0
0
0
-1
2
1
0
0
0
-1
2
2
1
1
-1
1
1
1
4
4
5
4
5
5
2
0
-1
0
-1
2
1
2
1
-1
2
2
2
0
-1
-3
-5
-4
-2
1
-1
2
-1
0
-2
-4
-1
-2
-3
-2
-1
-1
-2
1
-2
-1
-1
0
2
3
2
1
1
1
0
-1
0
1
0
-1
-2
0
1
1
-1
1
0
0
0
4
2
-2
-2
-1
1
-1
0
1
-1
-2
0
-2
-1
0
-1
-3
-5
-1
-1
1
2
-1
-1
1
0
-2
-2
-3
-3
-2
0
0
0
1
0
0
2
3
2
1
0
3
1
4
2
1
3
-1
0
-1
-2
-2
0
-1
-3
-3
2
4
4
1
2
2
-2
-1
0
1
2
4
4
2
2
0
1
1
-2
-1
-3
-1
0
0
-1
0
0
-2
-1
0
0
-1
-2
-2
-3
1
-4
-2
0
3
1
-1
-1
0
-1
1
0
1
1
-1
3
0
1
2
3
-3
-2
2
-1
-1
0
3
0
0
1
-2
-2
0
0
-2
-1
-2
-3
-3
-5
-3
-3
-2
-2
-3
-1
1
-1
0
0
1
1
0
1
1
2
2
2
5
3
2
1
1
1
1
2
-1
1
0
-2
-2
-1
-2
-1
1
0
2
0
-4
-1
0
1
1
-1
2
-1
2
1
-1
-1
0
0
2
2
-1
3
0
2
2
1
1
-1
0
-2
-3
0
-1
-3
-2
-1
-1
-3
0
2
-2
1
1
-2
0
2
1
-1
1
2
2
2
0
1
-2
-2
-2
-2
1
1
0
0
1
0
-2
-3
-3
3
2
-1
2
2
-2
-2
-2
0
0
0
0
3
4
0
2
4
1
0
1
3
2
0
1
0
-1
-2
0
-2
0
2
1
1
0
-3
0
-1
0
1
-2
-2
-2
-4
-4
-2
-2
3
0
-1
2
2
2
4
4
2
-1
0
0
0
1
1
-1
-1
-3
-2
0
-1
0
0
-3
-2
-3
-2
0
2
2
0
0
-1
0
-1
-1
-1
-1
3
1
1
-2
0
2
1
2
2
3
-1
-1
1
3
2
1
-1
1
2
3
5
2
1
-2
-2
-1
1
1
-2
-1
2
-3
-1
1
-1
-2
0
1
-1
-1
-1
-4
-1
0
1
-1
1
3
-1
1
0
0
-1
2
-4
-2
-1
0
1
-1
1
-2
-1
-3
-4
-3
-3
-1
0
-2
-1
-2
-2
1
2
2
1
4
0
1
5
3
1
-1
4
4
3
3
2
4
3
3
0
2
2
0
-1
-2
1
-2
-1
-2
-3
-1
-1
-2
-1
-2
0
-1
0
0
0
-1
-1
-5
-3
-1
-2
1
-1
1
1
-3
0
1
-1
1
-1
1
1
1
2
3
3
1
2
2
2
2
1
2
1
1
0
-2
-1
-2
-3
0
1
3
-2
0
1
-3
-4
-4
-2
-1
-1
-3
0
0
-1
0
0
-2
-1
-1
-1
-1
-2
-2
-3
0
-1
-1
-2
-2
2
0
-1
1
1
2
4
0
2
1
1
3
2
3
4
5
2
1
2
0
1
0
1
4
3
1
1
1
0
0
0
0
0
-1
-3
-1
-2
-2
-2
-2
3
-1
-1
-1
-1
0
-1
0
-1
0
0
1
-1
0
0
0
1
2
1
0
0
-3
-5
-1
1
4
-1
-1
-1
-3
-2
-3
-3
-4
-3
-2
-3
-1
-2
-1
0
-1
2
3
1
2
0
1
2
1
2
2
4
2
0
0
1
2
2
2
1
1
-1
0
1
0
-2
-2
-3
0
2
0
1
1
1
2
-1
0
1
2
2
0
0
0
-2
-3
0
-1
2
1
2
0
1
0
1
0
2
1
-2
0
-3
-3
-2
-3
-6
-4
-3
-1
-3
0
2
0
1
0
-1
1
2
0
1
2
1
0
2
1
1
1
1
1
0
3
2
2
-1
2
1
0
1
0
0
1
-2
-2
2
0
-1
0
0
0
1
3
-1
-1
0
2
-1
0
0
-2
0
-1
0
1
-1
-1
-1
0
-2
-3
-5
-2
-3
-1
0
-1
0
-2
1
2
1
1
1
-1
-1
-1
0
3
1
0
1
1
-1
-1
1
-1
-1
-3
-1
0
0
-1
-1
1
2
2
2
0
0
3
-2
-2
0
0
0
2
1
2
3
2
-2
0
0
1
-1
-3
0
-2
0
2
0
2
-1
2
1
2
6
2
-1
-1
-1
1
-2
-3
-1
-5
-3
0
1
0
-1
0
0
0
-1
0
1
1
0
2
3
3
0
-1
0
0
3
2
4
1
-1
1
3
1
-3
0
2
1
0
0
-1
1
-1
0
-3
-1
1
0
-1
-1
2
1
2
0
-2
1
0
-2
-3
-3
-3
-4
-2
-3
-2
-1
-1
-3
-2
-3
-6
-3
-1
0
1
0
-1
0
2
2
1
3
4
2
0
2
1
1
2
-1
-3
0
-1
-2
-1
0
0
-1
2
2
3
4
1
1
1
2
-1
0
1
1
4
4
0
0
1
2
1
-1
1
1
2
-2
-1
-1
0
-1
0
-3
-2
-1
-4
1
-1
1
1
1
-2
-2
0
0
1
0
-1
1
3
0
1
-2
0
-1
-2
1
-2
-2
1
0
2
1
2
0
-3
-1
-3
0
0
-1
0
0
-3
-2
0
-1
0
2
2
0
1
1
2
2
4
2
0
1
0
3
2
0
-1
0
2
-2
0
-2
-1
-1
0
0
-1
1
-1
-1
-2
-1
0
0
-1
-1
1
2
1
-1
-3
-1
-2
-1
1
3
1
1
2
2
0
0
0
0
-2
-1
-3
-1
-1
-2
-4
-2
-1
1
1
0
-3
-2
-3
-1
2
-1
1
1
1
1
0
1
1
3
1
-1
0
3
5
5
1
-2
1
1
2
3
1
1
2
0
0
-2
-1
1
-1
0
2
-2
-4
0
0
0
1
1
2
2
0
0
-1
-1
1
2
2
-1
0
-3
2
1
-1
2
0
-3
-2
-2
-2
0
-2
-1
-2
-3
-1
0
0
-3
-3
-2
-2
-1
0
0
-1
2
2
-1
1
1
1
-1
-3
-1
2
2
-1
0
0
1
0
-1
-3
-1
-5
-2
0
0
1
2
4
3
-1
3
1
2
2
0
0
-1
2
0
-2
-1
-3
-1
-1
0
0
0
-2
-1
2
3
2
2
3
1
2
4
4
4
3
2
1
0
-3
-2
0
-1
0
0
1
-1
-2
-2
1
1
-2
-1
0
-2
-3
-1
0
2
-1
-3
-1
-1
-1
0
-1
-1
-3
-2
0
-3
1
-1
1
-1
2
2
2
1
1
1
-3
-1
-1
1
4
1
0
1
-1
1
0
-1
1
2
2
0
0
0
1
1
0
-1
-2
-2
-2
-1
-3
-2
0
1
-1
-1
-2
-4
-3
-1
-1
1
0
-2
1
3
3
0
3
4
1
0
1
2
1
0
-1
-3
-2
0
2
0
-1
-2
0
3
2
1
0
3
2
2
5
2
3
1
-1
0
1
-1
0
-1
-2
2
2
1
-1
-2
-1
-2
-3
-2
-3
-2
0
0
-2
-2
2
1
-1
-1
-1
0
1
0
2
0
0
1
-1
1
1
0
0
-1
-1
0
-2
-2
0
-2
-2
2
1
1
0
-1
0
-1
-2
1
0
1
-1
0
1
2
1
0
3
1
0
1
2
0
0
-2
-2
-2
-2
-1
0
-1
-2
-2
-3
-3
-2
-2
-3
-4
-2
-3
-1
1
-3
2
2
1
2
1
2
1
0
1
1
2
0
1
1
3
2
1
1
1
5
2
0
2
3
2
1
1
1
4
4
1
1
2
0
0
5
3
1
0
-1
2
-2
-2
-2
-2
-5
-2
-4
-5
1
-2
-2
-1
-2
-2
-2
-1
1
2
1
2
1
-2
-2
-1
0
2
-2
0
-2
0
-1
-2
0
-2
0
0
-2
-3
-2
-1
-1
-3
-3
0
1
2
1
-2
-2
1
0
0
-1
0
0
0
1
-2
0
-1
1
0
-2
-1
-3
0
0
0
-2
-1
0
-2
2
2
1
2
3
-1
0
2
3
2
1
2
3
0
-1
0
0
3
4
4
2
1
3
2
2
1
1
1
2
2
2
3
1
-5
-5
-2
-1
-3
-4
-2
-1
1
1
2
2
1
0
1
-1
3
1
1
0
0
0
0
3
1
0
0
2
-1
-1
0
-2
-3
-4
-4
-3
-2
-2
-2
0
-1
-3
-2
-3
-2
-2
-3
-2
-3
-2
-1
0
1
3
1
0
4
1
2
-1
0
2
0
3
3
3
3
1
3
1
1
3
1
3
3
3
0
-2
0
-2
-1
0
1
3
0
1
2
2
-1
-3
-1
-2
-1
1
-1
-3
0
-2
-2
-2
-2
0
0
1
0
-1
1
1
-1
1
2
2
1
-1
-3
-2
-3
-1
-2
-2
-1
1
-2
-2
0
0
0
0
0
0
-1
0
0
1
4
1
2
4
4
2
2
0
0
0
0
2
1
1
-1
3
1
2
-1
-2
-2
-2
-3
1
0
-1
1
-1
1
-1
0
2
2
2
1
0
0
1
0
-1
1
3
0
-4
0
0
0
-2
-2
-4
-3
-3
-1
-1
-1
-2
-3
0
0
1
2
0
-2
0
0
1
1
-2
1
0
-1
-2
-3
-1
-2
1
1
1
-1
-1
2
1
0
0
-2
0
3
-1
1
0
0
2
0
1
1
0
1
5
3
2
1
1
4
-1
4
2
-1
1
0
1
2
0
-1
-1
-1
-3
-2
1
-1
-2
1
0
0
0
1
-1
-4
1
0
1
1
-1
0
-2
-1
-3
-5
-2
0
-3
1
0
-2
-1
-1
0
0
0
2
2
2
3
1
-3
-3
2
0
-1
1
0
1
-1
-2
-2
0
-1
-1
2
2
2
1
1
1
2
0
1
1
0
0
2
0
-1
-1
-2
-3
-2
-1
-3
2
-1
2
2
1
1
2
0
0
1
0
0
0
-3
-2
-3
-3
-5
-3
1
-1
0
-3
-1
1
1
3
4
1
-2
-1
-1
1
1
0
0
0
-3
-1
1
4
3
-1
1
0
1
0
1
-1
-3
-1
0
-1
-2
-1
1
0
1
1
3
3
2
0
0
0
2
3
4
0
-1
0
2
2
-3
-1
-1
-1
-1
0
0
-2
1
0
-1
0
4
1
-2
0
1
2
2
-1
-1
-1
-1
0
2
0
-3
-1
-2
-1
0
0
0
0
-1
-1
-1
-6
-4
-3
-2
-1
-1
-1
-3
-2
0
-4
-2
-2
-1
-1
-1
0
-3
-1
2
1
0
-2
0
1
3
0
1
3
1
1
0
0
2
3
5
4
1
1
4
0
0
0
0
2
0
2
2
2
1
-1
-1
2
2
2
1
0
0
1
2
2
2
3
3
0
1
-1
-1
-1
-2
-2
-2
0
-2
-4
-3
-1
-3
-2
-1
-1
-3
-4
-2
-1
-1
-2
-3
0
2
-1
-2
1
-1
-1
0
-2
1
-1
-1
0
2
-1
0
3
1
2
0
1
-2
1
4
0
1
2
-1
2
-1
1
3
3
3
1
0
2
4
0
2
1
-1
0
-2
0
3
1
1
0
-1
1
0
-1
-2
-1
0
-1
-1
0
-1
-1
-3
0
-1
0
0
-1
-2
-1
0
-2
-2
-1
-1
0
2
1
0
-3
-1
-1
-3
-2
0
0
-2
-1
2
3
1
1
-1
2
2
0
1
4
3
2
2
-1
0
2
-1
-2
1
2
0
-1
0
3
1
-1
-3
-2
-1
-2
0
-1
-1
-1
-1
-1
2
0
0
1
1
2
0
-3
2
2
0
1
6
1
0
0
2
1
-4
-3
-2
-3
-3
-1
0
0
0
0
1
0
1
1
1
2
-1
2
3
-1
-1
1
-2
0
0
-2
1
1
-2
0
1
3
1
0
-1
1
-2
-1
1
-1
1
-1
-2
-1
0
1
2
2
-1
-1
-1
0
-1
0
0
0
2
0
0
1
0
0
1
0
2
2
-2
0
-1
1
2
1
2
-1
-1
-1
1
-1
-1
2
1
0
-2
-1
-3
0
1
0
0
1
-2
-2
-4
-4
-1
-1
0
-1
-3
-1
-2
-1
-1
-1
1
0
1
0
0
0
2
2
0
2
1
1
3
0
-1
1
1
1
1
-2
-1
2
2
2
2
-1
-1
-1
-2
1
-1
1
2
2
4
1
1
-1
-1
0
1
-1
-1
1
-1
1
-3
-2
0
-1
0
0
-2
0
0
-1
-1
1
1
0
1
-2
-1
0
1
1
1
3
-1
1
0
2
3
2
3
3
-1
1
1
0
-2
1
0
0
2
2
2
3
2
1
2
1
1
2
0
-2
-4
-4
-3
-2
0
0
-1
-4
-3
-3
-1
-2
-2
-1
-4
-5
-2
1
0
-1
1
3
1
1
1
2
0
0
4
3
0
3
1
0
-1
0
4
1
1
3
1
-1
0
-1
-1
0
-2
-1
-1
0
-1
-1
-2
-4
-2
-3
-4
-4
-4
-2
-1
-1
0
1
1
4
2
2
3
2
0
-1
4
2
1
0
1
2
2
3
3
4
1
0
3
1
2
0
2
2
0
2
1
-1
-1
0
0
0
-1
-2
-2
0
1
0
4
3
3
2
1
-1
0
-1
-3
-3
-3
-1
-1
-1
-1
-2
-1
1
-1
-3
-1
-1
1
1
0
-1
-2
-3
-3
-2
-2
-3
-3
-5
-1
-2
-3
0
-1
3
3
0
0
1
3
1
1
-1
-1
2
2
-2
-1
-2
-2
0
-3
1
0
0
0
2
2
3
2
1
2
2
2
1
-1
-1
-1
-1
0
2
3
1
2
4
2
-1
1
2
1
0
-2
-3
0
0
-1
0
2
2
0
0
0
1
0
0
2
0
-3
-3
-1
0
-3
1
1
0
0
2
0
0
-2
0
0
-3
-2
-2
-1
0
-2
-1
-2
-2
1
-2
-3
-2
1
-1
1
2
-1
0
0
0
0
1
2
0
-1
-1
1
3
1
1
1
0
0
0
2
2
0
-2
-3
1
0
0
0
0
-2
-1
0
0
1
1
1
1
2
0
-1
0
0
-2
-1
0
-1
-2
-2
1
2
0
0
0
1
2
-1
-1
1
0
1
4
1
0
1
-1
2
2
1
0
0
0
0
2
3
4
1
0
-2
-3
0
0
0
0
-1
-2
0
0
-1
-2
-1
0
-2
-1
-2
-1
1
-1
-2
0
-2
-1
3
1
0
0
0
2
-1
1
0
0
2
0
1
1
4
1
0
1
0
-1
-1
0
-1
-1
-1
0
2
-4
-4
-3
-4
-2
-2
-2
-2
-2
-4
-3
-3
-3
-1
-3
1
-1
-1
-1
1
4
1
1
1
1
-2
-1
3
3
2
2
3
4
3
0
1
4
4
2
-1
1
0
-1
-1
2
0
0
-1
1
1
2
2
2
-1
-2
1
1
1
-1
-1
-1
1
2
3
0
0
0
1
1
0
1
0
1
1
0
1
1
-1
-3
1
1
-2
-5
-3
-3
-3
-3
-3
1
0
-1
-1
-1
-2
2
1
0
0
-2
-1
0
-1
-1
1
0
0
1
1
0
1
2
0
0
3
0
-1
-1
-2
-2
-2
2
2
1
1
2
2
4
3
0
0
-1
-1
0
0
-1
-1
0
-2
0
2
-1
0
0
-2
2
0
-1
1
-3
-1
1
-1
1
-1
-1
0
-3
-3
-1
0
2
0
-1
-1
0
0
0
-1
0
-1
-2
-1
2
1
1
2
-1
2
1
-2
0
1
1
1
4
3
2
4
5
2
2
0
-3
-1
0
1
-2
0
0
-1
0
-4
-1
0
-1
-2
-1
-1
0
2
0
1
0
1
0
-5
-1
-1
1
1
-2
2
1
0
0
0
-2
1
-6
-3
-3
-1
1
0
0
-2
1
-2
-1
0
2
2
2
1
3
0
0
0
1
2
-1
-1
4
3
-1
0
-2
1
-2
0
-3
-2
0
-1
3
3
1
0
1
2
1
2
1
-1
-2
1
1
1
-2
-1
2
1
4
2
1
1
-1
0
0
-3
0
0
-1
2
1
1
1
0
2
0
-4
-2
-1
0
0
-1
0
-1
-3
1
1
1
1
-3
-1
0
-2
-3
-1
0
2
-2
0
-2
-3
2
0
0
4
1
1
1
-2
-3
-1
2
1
0
-2
-2
0
-2
0
1
1
1
-1
-1
-1
-2
1
3
1
2
-1
-1
0
0
2
0
0
0
-3
-3
-2
-2
-1
-1
1
0
3
0
1
-1
2
3
2
3
-3
1
2
4
3
3
0
-2
-1
-1
0
0
-2
0
-1
1
2
3
1
-1
1
1
0
-1
-1
0
0
-1
-2
0
-2
-2
-2
-2
-2
-1
-3
-1
0
0
-2
1
2
0
1
1
0
2
0
1
-1
1
2
0
0
0
0
3
2
2
4
2
1
1
0
-1
-2
1
1
0
2
1
2
-1
-1
-1
0
0
0
-1
-3
-2
-3
-1
1
0
0
-1
0
0
0
1
-1
0
-1
0
0
-1
0
-3
-2
0
1
1
0
-1
1
0
0
1
0
2
1
0
4
2
3
2
1
0
0
0
1
-2
-2
-4
-1
-1
0
-2
-1
-1
-1
-1
-1
-2
-1
1
-2
-1
1
2
2
0
1
1
2
2
2
0
-3
-3
-3
0
0
1
0
0
2
0
-1
3
4
1
1
0
3
3
2
1
1
3
-1
-2
0
-1
-2
-1
0
-3
-1
-1
-1
1
-1
1
-1
-3
0
1
0
0
0
0
1
-1
-1
-1
1
1
1
0
0
2
0
0
-2
0
-1
-3
-1
-1
-2
-3
1
0
-2
-2
-2
-1
-1
0
-1
-1
0
1
1
3
1
1
2
3
4
3
3
0
0
0
-3
2
0
-1
-1
0
1
-1
0
-2
-1
-1
-2
0
1
1
1
-1
-2
-1
1
2
1
-1
1
-1
1
0
1
2
-1
2
1
0
1
3
2
2
1
0
0
0
-1
-1
-1
-2
-1
0
-2
0
-1
-2
0
-2
-3
0
1
0
4
4
2
1
0
1
1
1
0
-3
-2
-1
1
1
1
1
0
-2
1
-1
1
2
2
3
-2
-1
2
2
2
1
1
0
-1
-3
-1
-3
2
1
-1
-1
0
2
-3
-3
-2
-2
-3
-2
-3
-4
0
1
1
1
3
4
3
0
0
-1
1
1
2
0
-1
0
-1
-1
-1
-1
-1
-1
0
-1
-1
1
-1
-1
3
2
1
3
1
1
2
0
0
-2
-2
0
1
0
-1
2
1
0
1
3
2
2
-1
0
4
2
0
-2
3
0
0
-3
-2
0
-2
-1
1
0
-1
-1
-1
1
-1
-4
-2
-1
-2
1
1
0
-1
0
-2
0
0
1
3
2
1
0
2
1
2
2
-1
1
1
2
3
2
1
1
-1
-2
-3
1
-1
-3
-3
-2
0
-1
0
-1
-2
-1
-2
-1
-1
0
2
1
2
0
0
-1
-2
-2
-5
2
2
1
1
0
1
0
0
1
2
2
0
0
0
0
-1
-1
-1
0
-3
-3
-1
0
-2
-2
-2
1
0
-2
0
0
-1
0
4
4
2
0
1
0
2
0
0
1
1
2
1
2
3
0
0
-2
1
-1
-1
0
-1
0
-3
-1
1
0
-1
0
1
1
-1
-1
1
-2
0
1
-1
0
0
0
1
1
-3
0
1
3
5
1
2
2
3
2
3
1
-1
-1
-2
-1
1
0
0
-1
-2
-3
-2
0
-2
-2
0
-2
-3
-2
1
-2
-3
-4
-3
0
0
-1
0
3
0
1
0
1
2
0
-1
0
0
-1
2
0
1
2
0
0
0
2
1
1
-1
-1
1
0
-2
0
-3
-2
-1
-1
-1
-1
-3
-1
0
1
-1
-1
0
3
4
3
2
0
0
0
1
-1
-3
-1
-1
-3
0
0
1
1
-1
2
-1
0
1
-2
-1
1
0
2
3
1
2
4
2
2
1
2
0
1
1
0
1
0
0
2
-2
-3
0
-1
0
0
1
1
0
0
0
0
0
-2
-1
1
2
0
0
0
-2
-3
-1
0
1
0
-4
-3
-2
-1
-1
0
-1
0
1
-3
0
1
3
2
0
-2
1
0
-5
1
1
-2
-1
-1
0
-5
-2
-2
-3
-1
0
1
-3
0
-2
-1
1
2
0
3
3
3
2
1
-1
0
2
0
2
0
3
5
4
1
2
1
0
2
1
3
2
2
3
-2
-1
2
1
1
2
1
1
-3
-3
0
-2
-2
-1
-3
0
0
-4
-2
-3
-2
-2
-1
0
0
-2
0
0
0
1
0
0
0
0
0
3
3
2
1
0
1
-2
-1
-1
-2
0
-3
0
1
-2
-2
-3
0
-1
1
0
-2
0
1
-1
1
2
-3
2
0
1
0
2
2
-1
1
2
0
1
2
-1
-1
-1
1
-1
0
1
0
0
0
4
0
-2
-3
-2
-3
-2
-3
-4
1
-2
0
0
1
2
3
3
3
3
4
3
3
1
0
0
-2
2
2
2
-1
2
-2
-1
0
-1
-2
-1
1
-2
-1
1
1
-1
1
-2
-3
0
-2
-2
-2
-3
-1
-2
1
-1
0
0
-1
0
5
2
0
-1
2
1
1
0
-2
0
-1
0
0
2
0
-2
2
0
0
-1
0
2
-3
0
-2
0
-1
2
2
0
2
-2
-2
-1
-1
0
0
1
-1
1
2
1
-2
0
2
1
0
1
1
0
1
1
3
0
-1
2
0
-1
-2
-1
2
-1
-2
-1
-1
-1
0
2
2
1
0
-1
0
2
2
1
0
3
2
-1
1
2
-1
-1
2
1
-1
2
-2
1
0
-2
-3
-1
1
0
1
-2
0
-1
-2
-2
-3
-4
-1
-2
-1
1
-1
1
-2
0
1
-2
1
1
0
2
1
1
0
1
1
-1
0
-1
2
3
1
2
0
1
0
1
0
-2
-1
-1
0
1
0
0
2
0
-2
1
0
-2
1
-1
1
1
2
0
0
0
-2
0
2
0
-2
0
0
0
0
2
2
1
1
-1
0
2
-2
0
-1
-2
1
1
1
-1
-3
-1
-3
-2
2
2
-1
1
-2
-1
0
0
-4
-1
1
-1
0
0
0
-3
-1
-2
-1
-1
-1
1
1
2
3
2
1
-3
-3
1
2
1
1
1
-2
0
1
1
2
2
0
0
0
-4
-3
-2
1
0
0
-2
-1
-1
-1
1
-1
0
-1
1
0
-1
1
-3
-2
2
1
0
0
0
2
3
3
2
1
3
2
-1
1
3
1
2
1
0
-2
1
1
0
-1
0
-2
-1
0
-1
1
2
1
-2
-1
0
0
0
-2
1
-1
-1
0
0
-1
-1
-1
-1
3
0
-1
0
-1
0
-1
-2
-1
-3
-2
0
3
3
1
-2
-2
-2
0
0
-1
1
-1
0
1
2
-1
1
0
1
1
3
3
1
1
1
-1
0
-1
-2
2
0
0
1
2
0
-1
-1
-1
0
-1
0
2
-1
0
-1
0
1
2
3
2
0
-2
-1
0
2
-2
0
0
0
-1
-1
0
0
0
-1
-1
0
1
1
1
-2
0
2
2
0
0
0
1
2
1
-2
0
-4
-2
1
0
1
-2
3
-1
0
-1
1
3
1
0
-1
-2
1
3
-1
1
0
-1
0
-2
-2
0
1
2
2
0
5
3
1
2
1
1
-1
0
0
0
-1
-2
-4
-3
-2
-2
-1
1
0
-2
-1
2
-2
1
-1
-3
1
1
-4
-2
0
-1
-1
-2
1
0
-2
-1
-2
-1
-1
1
2
-1
3
2
2
3
2
2
0
3
3
4
4
0
3
2
3
3
-1
2
1
-2
1
1
-2
1
0
-1
-2
-3
-2
-1
-2
-2
-3
-4
0
-2
-2
0
0
-3
-3
-2
-1
-2
-2
0
0
1
0
1
0
1
-1
-3
-1
0
0
0
-2
-2
-2
1
1
-1
1
-2
-1
1
2
3
4
3
3
0
2
1
1
2
0
1
0
2
3
4
0
1
2
1
1
2
3
3
-1
0
1
1
1
-1
1
0
1
-1
0
-3
-3
-2
-2
-1
0
0
-1
-2
-3
-2
1
1
-3
-1
-3
-2
-1
-3
-2
-3
0
0
-3
0
0
1
1
1
1
0
-3
0
-1
-1
0
-1
2
1
2
-2
-2
2
1
3
-1
-2
-2
-2
-2
0
0
1
1
1
1
0
2
3
2
3
2
2
3
4
2
-1
4
1
2
0
0
3
0
1
-1
0
-1
-4
-2
-1
-2
-2
0
0
0
-2
0
-2
0
-2
-1
0
-5
-3
-4
-1
1
-2
0
-1
-1
0
-1
0
0
-2
-1
0
0
1
0
0
0
2
3
2
4
2
-2
-3
-3
1
1
0
1
-1
0
1
3
3
4
1
2
2
0
0
-1
-2
-1
2
-1
4
2
0
0
-3
1
1
1
0
-1
-2
2
0
-2
-1
-2
-2
-2
0
-2
-2
-1
-5
-1
-1
-1
3
0
2
-1
-2
3
0
0
-2
-4
-4
-2
0
0
-3
0
-2
0
2
2
1
1
-1
-1
0
-1
0
-1
-1
-1
2
-1
0
2
1
1
2
3
5
3
2
3
1
3
3
2
-1
1
1
0
1
1
1
0
-4
-1
3
0
2
-1
-2
-3
0
-1
-1
0
-3
-5
0
0
-1
1
-1
-3
-3
0
0
-2
-3
-4
-1
0
-3
-3
0
-1
-1
1
1
-1
1
-1
0
0
-1
-2
1
1
0
1
1
3
0
2
1
0
-3
-2
1
0
1
2
-1
1
0
0
3
0
-2
-2
-1
-1
1
1
1
4
4
3
3
2
1
4
1
0
0
0
-1
0
1
1
-1
-2
2
-1
1
-2
-2
-1
-3
1
2
2
0
2
-1
0
2
2
1
-2
-2
-3
1
0
-2
-3
-6
-3
0
0
-2
-1
-3
1
0
-1
2
-2
1
0
2
-1
1
1
0
3
-1
-1
0
-3
-2
1
1
1
2
1
2
3
4
5
3
0
-1
0
2
-1
1
1
-1
-1
-2
0
1
-2
-3
0
2
0
-2
0
0
-1
-1
0
0
-2
-1
-1
-2
-3
-3
-3
-4
-2
-2
-1
-3
0
0
1
2
-2
1
-2
-1
0
0
1
-1
2
4
0
-1
1
2
3
2
0
1
0
1
2
2
2
1
0
2
2
2
2
0
-2
-2
0
2
0
1
0
1
2
2
2
-1
2
0
0
0
1
0
0
0
0
0
1
0
1
-1
0
-2
-1
-1
-2
-1
-2
-1
-2
-2
-1
-2
-2
-1
-2
3
0
0
0
0
1
1
-1
-3
-1
-1
0
-4
-2
1
0
2
2
2
1
0
1
0
-2
0
-1
0
2
0
-2
-3
0
0
2
2
-1
1
0
1
-1
-1
0
-1
-1
-1
0
-1
1
-2
0
1
0
-2
0
0
2
1
1
2
0
1
2
1
0
3
4
3
4
1
0
0
1
2
3
1
-1
-1
-2
0
0
0
1
-1
0
0
-1
0
-2
-1
1
0
-1
-2
0
0
0
-1
-3
-2
-2
-2
0
0
-2
1
0
1
1
3
0
0
0
-2
-1
-2
-2
-1
-1
-3
-1
1
0
0
0
1
2
-1
-1
-1
-1
-1
0
0
1
0
-1
0
1
0
-1
-1
-1
0
0
1
1
0
1
1
-2
-1
3
1
0
2
1
0
1
3
0
4
2
0
-1
3
1
-1
-1
-2
-2
-4
-1
-1
-2
-2
1
-3
-1
2
2
0
3
2
-4
1
1
-2
0
3
-3
-3
0
0
0
3
3
2
3
1
0
4
1
-5
0
-1
-4
-2
1
1
1
1
1
-1
-1
1
-2
1
1
0
1
-2
-1
-1
-1
0
0
-2
-2
-2
-2
1
-1
2
-2
-1
-1
0
-1
-1
-2
0
0
-1
2
2
1
3
5
0
1
3
2
3
0
1
2
-1
0
-1
-3
-2
0
0
0
-2
0
-1
2
1
1
-1
1
1
1
2
1
1
-1
0
-3
0
0
0
2
-2
0
0
-2
-3
0
1
1
2
-1
3
1
0
-2
-2
-1
-2
-1
1
0
-4
-2
-3
-2
-2
-2
0
0
0
-4
0
-2
-5
-4
-3
1
1
1
1
2
0
2
5
4
3
4
1
3
2
0
0
0
1
0
-1
0
-2
0
2
1
1
1
-1
0
1
1
-1
0
-2
-1
0
1
1
1
2
1
0
0
-1
1
-1
0
2
1
1
2
0
4
2
1
2
-1
0
-1
0
0
-1
0
-1
-2
-4
-2
-1
-2
0
0
-2
-1
-1
-3
-4
-3
-2
0
-1
1
-2
-4
0
2
1
-1
0
-2
0
-2
2
1
0
1
1
2
0
0
0
1
0
2
1
-1
0
1
-2
0
-3
-1
3
0
1
3
0
0
2
3
1
1
2
0
0
2
3
3
2
2
1
0
2
3
2
2
2
1
-2
-2
1
-1
-2
-3
-3
-4
-3
-3
-2
1
-4
-3
-2
0
0
-4
-5
-5
-3
-3
0
0
-1
-2
-1
-1
-2
-2
0
0
0
-1
2
1
0
0
1
2
-1
0
0
0
2
2
0
4
4
4
5
3
0
1
1
4
3
2
0
0
-2
-2
0
-2
-1
0
2
0
0
0
0
2
0
-2
2
-1
1
-1
3
3
-1
2
0
-2
0
2
0
1
0
2
0
-2
-2
0
-2
-2
-1
-2
-2
-3
-1
0
0
0
-3
-5
-2
-1
-2
-2
1
-1
-1
0
0
0
-2
-1
3
1
-2
1
1
-1
0
0
0
-1
0
0
1
2
-1
0
1
1
1
1
2
1
0
3
0
3
2
2
-2
-2
1
-2
-3
-1
2
-1
1
1
-1
-2
2
0
-1
-1
-1
0
0
-1
0
3
-1
0
1
0
-1
-1
3
-1
0
1
0
1
2
-2
0
1
-2
2
0
1
0
0
1
2
1
-1
1
-2
-1
0
1
1
-1
1
0
1
2
-1
0
-2
1
-1
1
0
0
0
-2
1
0
1
1
1
1
-1
-1
-2
1
-2
0
-1
0
-1
0
1
-4
0
0
0
-4
-3
1
0
1
-1
-3
-4
-1
-3
-4
-3
-2
0
0
1
2
1
-1
0
0
1
0
-1
-1
-2
-1
2
0
4
4
2
4
5
3
1
3
0
-3
0
-3
0
-2
-3
-3
-2
-1
0
-2
-3
1
4
3
2
1
0
3
-3
-1
0
1
2
0
-1
-1
0
1
1
1
3
1
1
-1
0
-2
-2
-3
-2
-1
0
1
0
3
1
0
0
1
0
-2
0
-1
-2
-2
1
-1
1
2
0
2
2
1
1
-1
-1
-2
-2
-1
-1
-1
-1
1
0
1
1
-1
0
0
0
-1
0
0
-1
-2
-3
-2
1
-1
-2
-3
-2
-2
-1
0
0
1
-2
-1
0
-1
2
1
1
-1
0
1
2
2
1
-2
0
2
2
4
4
2
0
2
2
0
-2
2
0
0
1
0
1
0
0
-1
0
-1
1
-1
2
-1
0
0
1
2
0
0
-1
-2
0
-3
-4
1
0
-3
-1
0
0
-1
-1
0
-3
-3
0
0
-2
0
-2
-1
-1
0
-2
1
0
-1
-2
-2
-2
0
1
1
1
0
3
2
4
5
5
0
0
-3
-1
1
0
1
1
1
-4
0
-2
-2
-2
-2
0
-1
-1
-1
2
-2
0
1
-1
-2
-1
0
-1
0
-1
-1
0
1
-2
0
2
0
2
2
3
2
1
0
-3
-1
1
1
1
3
4
3
1
0
1
2
1
3
3
1
1
-1
-3
2
0
2
0
1
1
-2
-2
-3
-2
-2
-2
1
0
-1
1
-1
0
-2
0
0
-2
-4
-2
1
-2
-3
2
0
-2
-1
0
1
1
0
-2
-2
-1
1
0
0
-1
-2
1
2
1
1
1
-1
-2
0
-3
-1
1
-1
1
2
2
1
0
-1
-2
-2
1
2
1
-2
-1
0
3
1
1
2
0
0
0
4
2
0
0
1
-1
-2
2
0
0
0
4
3
3
2
0
2
-1
1
-2
-3
-2
-3
0
0
0
0
1
2
0
-2
0
-1
1
5
3
3
0
1
1
0
1
-2
0
0
-1
-2
-1
-1
-5
-3
0
-1
-1
-1
-2
0
-4
-3
1
1
0
-1
-1
-2
0
-1
-2
-2
-1
-1
4
2
3
3
0
1
2
-1
1
1
2
1
2
2
0
2
2
1
-1
0
-1
0
-2
1
0
-1
2
1
0
-2
-1
0
-3
-2
0
0
1
1
0
-2
-1
0
0
2
0
-1
1
0
-2
2
1
2
0
0
1
-4
-4
-1
-1
-1
3
1
2
3
3
1
1
-2
-2
-1
-1
-1
-2
1
0
0
0
2
-2
-3
-1
4
1
-3
0
2
-1
-3
4
1
-5
-2
1
0
0
2
-1
-4
-2
1
1
1
-2
-1
2
0
4
-1
-2
1
2
0
-2
-1
2
7
4
3
2
4
2
-3
-3
-1
1
-3
-2
2
2
-2
4
3
-1
2
2
1
-2
-3
0
-5
-3
1
-1
-4
-5
-5
-2
0
-3
0
0
0
-1
-3
-3
-1
2
4
4
1
0
-2
-2
-2
2
0
0
-2
2
0
-2
0
1
2
0
2
5
1
3
0
1
3
0
-1
-3
0
0
-3
-2
1
0
-1
0
3
5
-1
3
3
1
2
3
1
-2
2
4
-2
-3
-1
1
-1
1
1
1
-1
-2
1
1
3
0
1
1
-1
-3
-2
-4
-4
-2
-3
-3
-1
3
3
-1
0
-1
-1
0
1
3
1
2
4
3
1
1
1
0
-3
-3
0
3
0
-2
-2
-2
-5
-4
0
2
1
-2
-1
3
0
-3
-2
-1
-3
-2
1
2
0
1
1
0
2
2
1
3
3
3
3
3
2
1
3
0
-2
1
0
-1
-2
-3
0
0
-2
2
2
2
0
-2
0
-3
-1
-3
-2
-1
-1
0
1
2
-5
-3
1
2
1
4
1
0
4
2
5
4
3
3
5
1
-1
1
-2
-1
0
2
1
-2
-2
-4
0
-1
-1
3
1
-1
-3
0
-4
0
2
-2
2
-1
-2
-5
-4
1
-1
0
2
0
-2
2
0
-1
2
1
1
3
6
-3
-1
2
-1
-1
2
4
0
-1
-1
0
-2
-1
-4
-2
2
-3
-2
-2
0
1
-1
-1
0
-1
3
4
1
-4
-1
1
-1
1
0
2
2
-1
-1
2
1
2
0
-4
-2
1
0
0
-1
-1
2
2
0
1
1
1
2
1
0
1
3
2
-1
1
0
-2
-1
1
0
-2
-4
-3
1
1
-1
1
2
-1
0
0
-2
-1
-2
-2
2
1
1
0
-1
-1
1
1
1
3
2
-1
0
2
2
3
3
2
1
1
4
-2
-3
1
4
-1
-4
-3
-6
-5
-3
-2
-2
0
0
-3
-2
8
5
-6
-6
1
5
-3
-6
-2
2
4
-3
-4
5
7
-2
-5
-2
5
5
-2
-2
3
4
-2
-2
1
4
3
-4
-2
1
1
0
-4
2
4
1
-1
2
5
3
-2
1
1
-1
-1
1
3
-1
-4
-4
-1
4
1
-2
2
8
3
-4
3
6
-1
-6
-5
0
2
2
0
-5
-5
3
1
-2
0
3
2
-2
-6
-3
-1
0
1
-3
0
1
2
0
-1
-2
3
3
-3
-2
4
5
-1
-5
0
1
-1
0
1
2
0
0
-3
-7
-5
0
1
-1
-1
0
2
2
1
2
-2
0
1
1
3
-2
-1
-5
-2
0
5
6
-1
0
2
3
0
0
2
0
-1
1
2
2
1
-1
-2
-1
0
-2
3
5
3
-1
-2
-2
1
0
0
5
1
0
-5
-1
-1
-5
2
-4
-3
-1
0
-2
-2
-1
-4
0
2
3
1
1
5
3
-2
-3
-2
-1
-2
-4
-6
-3
1
0
1
1
0
-1
4
4
-1
-1
3
0
-3
-1
1
0
0
0
1
0
1
0
1
2
3
3
5
4
1
-1
-1
-1
0
1
2
2
1
-1
-2
1
0
-1
-4
1
4
2
2
-3
-2
0
-1
-2
2
2
-2
-3
-3
0
-1
-4
-2
-1
-2
-2
2
2
-6
-9
-5
-1
0
-1
2
1
-1
-2
1
0
3
8
2
-1
3
3
0
1
4
2
-2
1
4
6
5
-3
-1
2
3
1
2
3
3
1
-1
1
0
-3
0
-1
-3
-2
-2
-1
-4
1
2
0
0
3
-1
-1
1
0
0
-4
-2
-4
1
-2
-1
-3
-3
0
-1
1
-1
0
0
3
2
1
-1
0
2
0
-2
-3
0
-1
-1
-1
-1
-2
4
5
5
0
3
2
-1
1
1
4
2
-1
0
-1
-1
-5
-2
1
-1
-1
1
2
-2
0
0
-1
-2
1
3
2
-3
-2
-3
-5
-3
-2
1
3
2
0
-4
-2
2
2
-1
3
3
1
0
0
-1
2
2
-2
-3
-1
1
6
2
0
2
-3
2
-2
0
2
-1
1
2
-1
1
1
-5
-2
0
1
0
-3
-1
1
-2
-3
2
1
-1
0
-1
-2
0
0
-1
-2
0
0
-2
0
2
0
1
-2
-4
3
4
1
0
-2
-2
0
3
0
-3
-2
-1
5
2
3
3
0
-4
-4
3
3
2
1
2
-1
-1
-2
0
-1
1
-1
-1
-1
0
2
0
-2
0
-1
3
3
0
1
3
4
1
0
2
2
1
1
1
4
0
-1
0
1
0
-3
-1
0
1
-2
-1
-3
-1
0
2
0
-3
-3
-4
-8
-5
0
-5
-5
-3
-1
1
-4
-5
1
2
-2
-3
3
3
0
1
2
-1
-2
2
0
0
3
-1
-2
2
5
0
-1
-1
-1
-1
1
0
1
3
0
-2
2
5
0
-1
2
2
0
0
-3
-2
2
4
4
3
-1
2
6
3
2
1
0
1
1
0
3
0
-4
-3
-4
-2
0
-3
-1
3
2
1
1
1
0
1
1
0
1
4
2
-2
-1
1
1
-1
3
3
0
-2
-4
-3
-2
-1
-3
-1
-2
1
-2
-3
1
-1
-5
-4
1
-1
-2
-3
0
-1
-3
1
3
-2
2
7
3
-1
-4
-1
-3
1
1
-3
0
1
1
-1
-1
2
-3
-4
0
2
-2
-3
-1
4
0
-1
1
3
2
-1
-2
0
3
0
1
5
0
-5
0
1
-2
0
1
-1
-4
-2
3
5
7
4
1
-2
-1
4
4
-1
-5
-1
1
0
0
-3
-2
0
-1
-1
2
0
-1
1
-1
1
3
1
-1
0
4
1
2
1
4
1
-4
-1
-3
2
1
-1
-4
-1
-2
-2
-1
0
0
-3
-2
-2
-6
-6
-2
-3
-4
0
1
-1
-4
-4
2
0
0
4
4
0
-2
2
6
3
4
4
4
2
-1
4
4
2
0
-1
1
3
1
-1
1
0
1
-1
-4
-4
-2
-5
-4
-1
-1
0
1
-1
-3
-4
-1
-3
-1
-2
-3
-1
-1
2
0
6
6
4
1
2
4
4
1
0
0
-1
0
4
2
0
-2
-2
0
-1
-4
-3
-1
-3
-1
5
6
2
0
-3
-2
-1
2
5
1
0
1
0
-1
-1
1
1
0
1
1
1
-5
-3
-2
-1
1
1
2
-1
-2
-2
0
-3
1
2
-2
-2
-5
0
-2
-1
0
-5
-1
1
-1
1
6
5
0
0
5
3
1
3
1
1
1
2
-1
-2
1
-2
-3
0
3
1
3
3
2
1
-1
3
3
0
-4
-7
-4
-3
-2
0
0
1
0
2
-1
-3
-5
-2
2
-1
3
2
2
3
3
3
2
1
-2
-2
0
-1
1
0
-2
2
1
0
1
0
0
-2
-1
-1
-3
-1
1
0
0
1
-1
-2
-2
-3
0
0
-2
-1
-4
-4
-2
-2
1
0
2
2
1
0
1
-1
-2
1
2
3
1
0
-2
-3
-1
0
0
1
1
1
0
2
4
2
-1
3
5
1
4
7
0
-2
0
-3
0
1
0
-2
1
2
-1
0
0
-1
1
3
1
-1
3
0
1
1
-3
-1
1
2
-1
-2
0
1
-4
-2
3
2
2
-1
-2
-1
1
-2
-3
0
2
0
-2
0
-3
0
-3
-4
-1
0
-3
-4
-1
-2
0
-1
0
0
1
-2
-1
3
4
1
0
-2
-1
1
-1
-1
2
2
-1
0
-3
-1
1
1
2
1
1
2
-4
-3
2
-4
1
2
-1
0
-1
-1
-2
-1
0
1
-1
-3
-1
3
2
1
3
4
3
0
-4
1
2
-1
0
-1
2
3
2
5
2
1
2
3
1
0
-2
-1
-1
0
-2
0
0
-2
-2
-1
-1
-4
-2
-1
-1
0
3
1
-3
-2
1
0
-2
2
5
4
0
-2
0
1
-4
-2
1
0
0
-2
-1
0
0
0
1
1
-2
-4
0
0
0
0
-1
-4
-1
2
0
-2
-1
1
2
-1
2
3
1
0
4
5
3
1
0
-1
-2
-3
0
2
-1
-2
1
1
0
-2
-1
1
-2
-2
-1
-4
-3
-4
0
2
1
1
0
1
0
0
1
-2
0
0
-1
1
1
3
0
0
-1
-1
0
0
1
0
1
1
3
3
0
1
1
-1
-4
-3
0
3
1
2
0
2
1
-2
-3
0
3
-2
1
-1
2
0
-1
1
0
5
-2
-2
-1
1
1
0
1
-3
-3
-1
0
0
0
0
3
2
2
4
1
-1
-4
-4
-2
-2
-2
-6
-4
4
2
-2
-1
2
1
-1
-3
-1
1
4
3
-1
1
3
1
1
3
0
0
5
4
3
1
0
-1
-1
1
2
0
-3
-3
-3
-1
1
-1
-2
0
1
1
-2
-1
0
-1
-1
-1
-3
0
-1
1
5
1
0
1
-2
-4
-3
-2
-2
-5
-3
1
3
2
1
1
0
4
3
1
1
1
2
4
5
0
-3
-2
0
-3
-3
-2
-3
-1
-2
-1
2
1
-1
0
1
-1
1
1
2
0
0
0
2
-1
-2
0
1
2
0
0
0
-6
-5
-3
0
0
-3
-2
0
-1
-2
2
0
-2
1
0
0
1
1
4
1
-1
3
0
-1
1
-2
-1
1
2
-2
0
5
3
-1
3
4
-1
0
-2
-1
2
3
3
1
0
2
1
1
3
2
-1
-4
-1
1
2
-2
-5
-4
-1
-3
-4
-3
-1
0
-2
-1
-1
0
0
0
2
0
2
5
0
-1
0
1
2
3
3
2
1
-1
-4
-2
-3
-1
-1
0
3
0
-2
2
1
2
0
2
1
0
-3
-2
2
2
0
-1
0
-2
1
1
-1
2
2
-1
-1
-1
2
2
1
2
-2
-3
-2
1
-2
-1
-1
-2
-5
-3
-1
1
1
-1
1
-2
-2
0
-3
-3
1
-1
2
1
0
1
-2
3
2
-1
2
0
-1
3
4
5
3
1
1
-3
-1
0
4
2
0
-2
-1
0
1
1
0
1
0
2
0
0
0
0
-1
-1
3
3
0
4
3
1
1
-2
0
1
1
1
2
2
3
1
-2
-5
-2
0
0
-1
-2
-2
-3
-1
0
3
4
-4
-1
-1
-5
-6
-5
-3
-4
-2
0
-3
0
0
-1
-2
-2
2
-1
2
1
0
2
1
0
1
4
2
1
5
3
3
1
0
4
3
2
-1
-2
3
-1
-1
-3
-1
0
3
0
-1
-1
-3
-1
2
0
1
2
0
1
-1
0
-2
-4
-3
-3
