-1
-2
0
-1
-2
0
-1
-2
-2
-1
-1
0
-1
3
-3
-2
0
-2
0
-2
0
-3
-2
1
0
-1
1
-1
0
1
1
4
4
0
2
2
1
0
3
3
2
0
-1
0
-1
2
0
0
-2
-2
-2
-1
0
-1
-4
-2
-2
-1
-1
-4
0
3
0
0
0
2
0
-1
3
0
2
0
0
-3
-3
-2
1
4
3
-1
-2
0
-2
1
-1
1
-1
-1
-2
-1
-1
3
3
-2
3
3
2
2
2
2
0
1
-1
1
2
-2
1
1
-2
-3
-1
-2
-2
-2
0
0
0
0
-2
-3
-3
0
0
-1
0
1
0
1
2
-1
0
1
0
-2
-3
1
1
0
-1
1
1
-1
2
2
3
3
2
0
1
0
-1
0
0
0
-1
0
-2
1
0
1
0
-1
-1
-2
-2
0
3
-2
0
1
0
1
2
0
0
1
1
1
-3
-1
-4
-3
-2
-1
-5
-1
0
0
2
1
1
-1
-1
-2
0
0
0
0
4
-1
0
3
3
1
1
2
2
5
2
1
2
2
-1
0
-2
-1
-1
-1
-3
-3
-1
-2
-2
-1
-2
-2
2
3
0
1
2
1
2
0
-1
2
-1
2
0
1
4
0
1
1
-3
-3
-4
0
2
1
0
0
1
1
0
3
0
-1
-1
-1
-1
-3
-1
-2
0
2
0
0
-2
-3
0
-3
-4
1
-2
-2
-2
0
1
2
0
1
0
-2
-3
-5
-1
0
2
0
0
2
2
2
1
0
1
-2
0
2
1
2
0
2
1
1
4
0
0
2
2
1
-1
0
-2
-1
0
1
-2
-1
0
-1
1
-1
0
0
0
0
1
0
2
0
-1
0
1
0
-2
0
0
-1
0
2
-2
-4
-3
-1
1
-3
-3
-5
-2
-3
1
1
-2
-2
2
2
0
0
4
2
0
1
1
2
4
2
1
2
2
2
0
2
-3
-2
0
-1
3
3
1
1
-1
-1
0
2
3
2
-2
2
0
-2
-1
-1
0
0
1
2
1
2
2
0
0
-1
-2
-2
-1
-3
-2
0
2
0
1
0
0
0
0
2
0
-2
0
-2
-4
-2
1
3
1
-3
-1
0
-1
-1
-1
-2
-4
-2
-4
-3
-2
-3
0
-1
0
1
-2
2
2
-3
1
1
-1
2
0
3
0
-1
3
1
1
1
1
1
0
1
2
4
4
0
0
1
3
0
0
1
2
6
3
1
2
2
1
4
5
2
2
1
-1
0
0
-2
-3
0
-3
-4
-2
-1
-3
-3
-2
-4
-4
-1
-2
1
1
-1
-2
-3
-1
-1
-1
-1
0
0
0
2
0
-2
-2
-1
-1
1
3
0
0
2
0
0
-2
0
-1
-1
0
-2
1
1
0
0
2
1
2
3
1
1
0
3
0
1
0
4
2
-1
0
0
1
1
3
1
-1
3
2
0
1
2
1
-2
-1
-1
-3
-2
-3
-5
-1
-1
0
0
-4
-3
0
0
-1
-2
-1
-3
-3
0
0
1
2
1
-3
0
3
3
-1
0
0
2
3
-1
1
-2
-1
-1
1
2
1
3
2
0
2
1
1
1
-1
-2
-3
-2
-2
-1
-1
-1
-1
0
1
0
1
-1
1
1
1
0
3
4
0
1
2
1
-1
2
-1
0
-1
0
-1
-2
2
2
4
0
0
2
2
3
-1
0
1
-3
-3
-3
-2
2
1
-2
-2
0
-2
-2
-2
-1
0
-2
-1
0
1
-1
-3
-1
-1
1
0
2
-2
0
1
1
2
-1
1
3
2
0
0
3
0
0
-3
-4
-4
-1
-2
-3
-2
-3
-1
0
-1
-1
4
2
0
2
5
4
3
2
4
3
-2
-2
-1
-1
-1
0
1
1
1
2
2
-2
0
-1
1
0
-2
-1
1
2
2
1
-1
-2
1
0
-1
0
2
1
-1
1
2
0
0
1
-4
-1
1
-1
-2
0
-2
-3
-3
-1
1
0
2
3
-1
-1
0
-3
-4
-4
-5
-2
-2
0
2
1
-1
-3
0
3
1
-1
-3
-1
1
1
3
0
-2
-1
0
2
1
3
1
1
1
-1
1
2
1
0
3
2
2
1
0
0
1
0
2
0
-1
1
0
-2
-2
-2
0
0
1
-1
-1
1
1
2
0
0
-1
2
0
2
4
0
1
1
0
-1
0
0
-2
2
1
1
-1
-2
-1
-4
-1
-3
-3
-2
2
0
-2
-1
0
2
1
2
-1
1
1
-1
1
0
-1
2
0
1
0
0
0
0
-1
-2
1
-1
-1
-1
-3
0
1
-3
0
0
0
-1
-2
-2
-1
-1
0
2
0
2
-1
1
1
0
-1
-4
-2
-3
-4
2
3
1
0
2
-1
0
2
0
2
-1
-1
0
0
1
-1
1
0
1
3
2
1
2
0
3
3
4
3
1
1
0
-1
2
-2
-1
2
2
0
0
1
-4
-3
1
-1
-1
-1
-1
0
-1
-2
0
-1
-1
0
1
-1
0
1
-1
-2
2
0
0
1
-1
2
-2
-4
-3
-3
0
1
2
2
1
2
0
0
2
-1
-1
-1
-2
-3
-2
-2
-2
2
1
0
0
-1
-5
0
1
-2
-2
-3
-1
-2
-1
0
2
4
2
2
0
1
-1
4
3
0
0
-2
-1
2
0
2
0
0
-1
0
2
2
2
2
0
-1
1
0
2
2
0
-1
3
4
1
2
2
-1
0
0
3
1
-1
0
0
0
2
-2
-1
0
-1
-3
-3
-1
-2
-1
1
0
-2
-4
-1
-1
-3
-1
-1
0
2
2
0
-3
-1
-2
2
2
0
0
-2
-1
-2
-2
0
0
-1
0
-1
-1
0
0
-1
-1
0
0
2
1
-1
1
2
4
6
2
0
2
1
-1
-1
0
-1
1
-1
1
1
-1
5
2
5
0
1
4
-1
4
-1
0
1
-2
1
-1
1
2
1
2
3
0
1
1
0
-1
-1
-2
-2
-1
-1
-2
-3
-2
-3
-1
-3
-4
-3
-3
-1
0
0
0
-3
0
-3
-2
-1
0
1
-1
-2
0
2
3
1
1
3
1
0
-3
-1
1
4
3
1
2
-1
2
-2
-1
-1
-1
-1
-1
0
-3
2
-1
2
3
4
0
1
-1
-1
0
-2
1
-3
1
0
-1
2
0
1
0
0
-1
0
0
0
1
0
-2
2
-1
0
0
-2
0
0
1
-2
-3
-1
2
3
1
3
0
0
-1
0
2
0
0
2
4
3
-1
0
3
4
2
-1
1
2
1
-7
-3
3
-1
-3
-5
2
-1
-8
8
0
-3
5
-3
-4
-3
4
-4
-7
6
6
-7
-7
10
5
-15
-5
5
3
-2
-14
-2
23
7
-30
-2
10
-5
31
-32
-57
68
81
-148
-34
216
-143
-53
187
-187
27
162
-134
-36
65
102
-128
-61
186
-106
-13
95
-99
19
74
-30
-91
83
43
-112
71
-20
-25
75
-57
1
0
35
2
-80
101
-17
-74
80
-33
-17
39
-22
-5
7
20
-20
-32
52
-4
-41
25
9
-6
-1
-4
-6
0
17
-18
-5
22
-15
9
-6
-14
23
-14
-10
13
-11
-3
7
1
-7
-5
10
-10
-12
17
-5
-9
10
-14
-1
19
-2
-11
-1
11
-1
0
6
-9
7
11
-12
1
9
3
3
-2
-3
0
6
2
-8
-1
4
0
-1
7
3
-7
8
1
-10
11
9
-9
0
-1
-5
-4
5
6
-3
6
-4
-14
8
17
2
-14
-9
15
7
-14
-2
7
-3
-7
-15
-27
13
46
-10
-49
11
33
-15
-15
13
5
5
0
-14
7
19
-8
-3
10
-11
12
13
-21
3
21
-10
-14
14
10
-19
-2
17
-12
-11
21
-3
-15
13
-1
-15
2
4
-12
-7
5
-3
-4
2
-5
-7
4
1
-11
2
8
-7
0
4
-6
2
9
1
0
5
4
3
5
-2
-3
5
-3
-6
1
5
-1
-1
-2
-2
2
-1
-2
5
2
-5
1
0
1
5
1
0
5
2
-2
7
5
-2
3
1
-6
2
4
-3
3
5
-1
0
6
-1
-1
-2
-3
-3
-1
2
0
0
0
0
-4
-4
-2
0
-2
-1
0
-4
2
0
-5
-1
-1
1
-1
3
0
-1
-2
-5
0
-1
-2
1
0
-2
1
-1
-3
-1
3
-3
2
5
1
2
2
0
1
3
1
1
1
1
0
1
0
1
-1
0
1
1
0
-1
0
-4
-4
-3
0
1
2
1
-2
1
0
-2
-2
-1
0
1
-1
1
-1
-1
-2
-1
-1
1
3
2
3
-1
-2
0
-2
2
2
1
4
2
1
1
1
2
-1
-1
-3
-3
-1
1
1
0
1
3
1
1
1
-2
-1
0
-1
1
4
1
-1
0
-1
0
3
-3
0
-3
-1
2
-3
-1
0
-2
-1
0
1
0
1
0
0
1
3
1
3
3
1
-1
-2
1
1
1
-1
-2
-1
0
2
-1
0
-1
-1
-3
-4
-2
-3
-3
-4
-1
-4
-3
-3
-1
-2
0
2
0
2
2
1
-1
2
-3
1
1
1
1
0
-1
-1
0
-1
0
-1
2
1
3
2
3
1
1
4
1
2
4
3
2
1
2
0
-1
3
1
2
3
2
-1
0
0
0
-2
-1
-2
-3
-3
-4
1
2
-1
-2
-3
-1
-2
-2
-2
-1
0
0
0
0
1
1
0
0
-2
0
2
1
0
-1
0
-2
0
3
2
1
2
-1
-3
0
-2
-1
-1
0
-1
-2
1
3
1
1
3
1
-1
-1
0
-1
1
3
3
0
0
1
-2
1
0
0
3
1
2
1
0
-1
1
-2
0
-2
-4
-1
-3
0
0
1
0
-1
-1
0
-2
-1
-1
2
0
0
-2
-1
-1
-1
2
-2
-3
-1
0
0
0
0
-1
-2
1
0
2
2
0
5
1
0
1
-1
-3
-4
-1
1
1
-1
-2
-1
-2
1
3
-2
-1
3
-1
2
3
2
2
1
2
1
4
4
1
3
0
1
2
-1
1
2
3
2
1
1
1
0
0
-2
-1
-3
-1
-1
-2
-2
-1
1
-2
-3
0
1
6
0
-1
-2
-2
0
-2
-2
-3
0
1
0
-3
-1
-2
0
-4
-3
-1
-4
-1
-2
-1
-4
0
2
-2
1
0
0
2
0
3
0
0
0
0
4
2
0
1
-2
0
3
2
1
2
2
-1
0
1
0
1
0
1
-1
-1
1
0
1
2
3
1
0
-1
-1
-1
-1
1
0
2
-1
-2
-2
1
-3
-2
-1
-1
0
-3
-2
-2
1
0
2
4
1
1
2
2
3
1
0
0
4
5
2
3
2
1
1
0
0
0
-1
1
-1
-2
-2
-1
-2
-3
3
-1
1
0
-1
1
-3
-3
-2
0
-1
-3
-3
1
-3
-2
-1
-3
-3
-4
-2
-1
-1
2
3
0
0
2
-1
2
1
0
3
1
1
0
0
-1
-1
-2
0
1
-1
0
2
2
2
1
-1
1
2
1
-1
-2
-1
2
2
1
2
-1
-1
-1
-3
-2
-2
-1
-2
1
1
3
0
-1
-1
0
2
0
3
-1
1
3
3
4
3
0
1
2
1
1
1
2
3
2
-2
-3
0
-1
-1
1
0
-2
1
1
0
2
0
-1
0
-1
1
0
-1
1
2
1
-2
-1
-1
0
-1
-2
0
1
-2
-1
-3
-2
-4
-1
-2
-3
-1
-1
-4
-3
-3
-2
-2
-3
0
1
0
0
0
-1
3
-1
-3
0
1
-1
-2
-1
1
1
0
1
2
2
1
-2
0
1
1
0
2
0
3
7
4
4
3
2
2
1
2
2
0
-1
-1
1
2
1
1
0
1
0
2
2
3
-1
0
0
-1
0
3
1
-1
1
-1
-1
-3
-1
-3
0
-1
0
1
-2
-4
-4
-2
-1
-2
-2
-2
-3
-4
-2
0
-1
-1
2
-1
0
2
2
2
2
1
1
2
0
2
0
0
-1
-1
-1
1
0
-3
-3
-3
-1
-1
2
-2
-1
-1
0
-1
0
1
1
1
1
3
3
1
1
3
0
2
3
1
1
2
0
0
1
0
2
4
3
2
-1
-3
-2
-2
-1
-4
-4
-3
-2
-2
0
-1
-1
-2
-3
1
0
0
1
4
2
-2
0
3
1
1
-1
-2
0
-1
0
0
0
-1
2
3
0
-1
0
1
-1
-1
3
2
-1
-1
-2
0
3
2
-2
-2
0
-1
0
2
2
-1
1
2
5
2
-2
-3
-4
-6
-1
0
-1
-1
-2
-1
-1
1
-1
1
-1
0
-1
-1
-2
1
2
3
3
2
4
2
3
-1
-1
-1
-2
0
-3
0
-2
-2
-3
-2
-2
-1
0
-3
-1
-1
-3
-3
0
3
1
0
4
3
3
5
0
1
3
5
3
2
2
1
-1
-1
0
0
-2
-2
-2
-4
0
-2
1
1
2
2
-1
-2
-2
-2
-1
-2
-1
0
-1
-3
-2
-1
-2
-1
0
0
0
1
-2
0
0
0
0
2
2
0
3
3
-1
0
2
0
-1
-5
-6
-5
-3
1
1
2
1
3
1
5
4
2
3
1
2
1
2
-1
1
-1
0
0
-1
0
0
0
1
1
0
-1
-4
-3
0
-2
-3
-3
-3
-3
-1
-1
-2
3
2
1
0
1
-1
0
0
0
2
0
2
2
-2
-1
-1
-2
0
1
0
1
-2
1
0
-2
-1
1
1
-1
1
1
1
3
0
1
-2
-1
-1
-4
0
0
3
1
-1
-1
-1
-2
0
-2
0
2
0
1
1
0
1
-1
0
-1
-3
2
0
1
1
-2
-3
-3
-4
0
1
-1
3
3
0
1
2
3
1
3
2
1
0
0
0
-1
2
-1
-2
-2
-1
1
4
4
2
2
1
1
2
0
3
1
1
0
-1
-3
-3
-1
-2
-1
2
-2
-2
1
0
-2
-2
-2
-1
-1
-2
-1
-3
0
0
3
2
0
-1
-1
-1
-5
-3
-1
1
-2
-2
-2
-2
-2
-2
-3
-1
2
4
6
4
0
2
3
3
1
2
3
3
-1
0
-1
0
0
-1
5
3
1
1
-1
4
5
2
0
-3
-3
-2
0
-1
-2
0
-3
0
-1
0
1
2
0
-2
-3
0
1
2
1
0
-1
0
-2
-2
-1
-1
1
0
0
-1
-2
-3
-1
1
-2
1
-2
-2
-1
-4
-2
2
1
2
0
-1
-1
-1
1
1
0
0
3
2
-1
1
2
1
3
0
0
-1
1
0
2
1
-1
1
-2
-1
2
0
2
1
0
-1
1
2
2
0
-3
-1
-3
-2
-1
1
0
1
2
2
1
-3
-2
-1
-1
2
3
3
3
2
3
2
-1
0
-2
-1
-1
0
-1
-4
-2
0
-2
-6
-1
2
1
-1
-1
-3
1
1
0
0
0
1
1
-1
0
1
1
1
-1
-2
-3
-3
-1
1
2
2
0
-1
-1
-2
-2
-3
1
-1
-2
0
0
0
0
2
3
0
2
2
-1
-2
-1
0
0
3
5
4
4
-1
1
2
-1
0
1
0
1
3
0
-1
-1
-1
-3
-1
0
1
0
-1
0
-2
0
1
4
2
2
2
0
1
0
1
-1
-1
1
0
-1
-3
-2
-4
-2
-1
0
-2
0
-1
0
1
3
0
1
0
-4
-3
-1
0
-4
-3
-2
-2
-1
-2
-2
0
0
-2
1
-1
0
1
1
0
1
3
4
3
1
1
2
0
0
3
1
0
-1
1
0
0
-1
0
-2
1
4
3
1
0
-1
-1
0
1
0
1
-2
-3
-1
-3
-3
-1
-1
2
1
1
3
0
-2
0
-2
-4
-1
-1
0
0
-2
-1
-3
1
0
0
1
0
0
0
-2
0
2
0
0
0
1
-1
1
1
1
1
2
3
3
2
0
-4
-3
-2
-2
-1
-1
0
1
-2
-5
-1
1
1
0
-2
0
1
3
3
2
1
1
7
4
2
5
1
2
2
0
2
-1
0
0
0
0
1
1
0
-1
-2
0
0
-1
-2
-3
-1
1
1
0
-1
0
-2
-4
-1
-2
-1
0
-2
-2
1
2
1
2
1
-2
0
-6
-6
-3
-4
-3
-2
-3
-3
0
1
2
4
1
1
1
2
2
1
2
-1
2
1
0
0
0
-1
1
3
-2
2
3
5
4
1
2
1
-4
1
2
1
1
0
2
0
0
2
2
1
2
0
-1
-1
1
2
-1
2
1
2
-1
1
1
-3
0
0
1
-3
-1
-2
-2
-2
-4
0
-1
-3
-2
-5
-1
-1
-1
0
-1
-1
-2
0
-1
-1
-3
-1
1
0
0
-2
1
0
2
2
4
2
4
2
-1
-2
-2
-3
-1
0
0
0
0
1
1
0
3
2
-1
2
0
-3
0
1
-1
2
-3
-2
3
0
2
1
-1
-2
-1
2
2
3
1
0
2
1
-1
1
0
0
-2
1
2
-1
-1
0
0
-2
1
2
-2
-2
-2
0
-1
-1
-3
-2
0
2
2
1
0
0
1
5
1
1
1
0
-2
-2
-1
0
0
-1
3
4
3
0
0
0
-4
-4
-1
-1
-1
-2
-2
-1
-1
-1
2
2
0
0
1
3
3
0
3
4
2
-1
-2
-3
-2
-2
-1
-1
0
0
-2
-2
0
0
0
-1
-1
-1
-1
-1
-2
-1
0
1
2
-1
-1
-2
0
-2
-1
-1
-4
3
-1
0
0
3
2
2
4
1
2
1
1
1
4
2
0
2
2
0
-2
-1
2
-3
-3
-2
1
-2
-3
-1
-3
-3
0
1
2
-1
-3
0
0
1
3
0
2
2
1
3
0
-1
-2
-2
0
2
0
0
0
-1
0
0
2
3
5
2
3
3
3
2
0
0
-1
-2
-1
1
0
2
0
-2
-5
-4
-2
-3
-4
-1
-2
-4
0
-3
-2
-1
3
0
-2
0
2
-1
-1
0
-1
-1
-2
-1
-2
-5
-2
-1
-1
-1
2
1
3
2
3
4
3
2
1
3
3
1
0
-2
0
0
1
2
2
3
4
2
0
0
1
-2
-5
-2
-4
-5
0
0
-1
-1
1
0
-1
-1
1
5
5
1
2
-2
-2
-1
0
-1
-2
-1
-2
0
3
3
3
3
0
1
2
-1
-1
1
-1
0
1
0
0
-1
-2
0
0
1
2
1
-1
0
0
2
1
0
1
2
0
1
1
-2
0
0
1
0
0
-2
-3
-1
-5
-3
-1
0
-1
1
2
1
-3
-3
0
0
-2
-6
-2
-1
0
0
-3
-2
-1
-2
-3
2
3
0
-1
0
-2
0
1
4
3
1
0
0
3
4
5
5
2
2
3
5
4
2
1
3
-1
1
-2
-1
1
1
1
0
3
0
0
0
0
-1
1
2
0
0
-1
2
0
3
2
-2
-2
-2
-2
-2
-2
-1
1
0
-2
-1
-3
-3
-1
2
1
3
2
1
1
-1
-3
-4
-3
-6
-4
-6
-6
-3
0
-1
0
2
-1
-1
2
1
-2
-1
-3
0
-2
-2
0
2
1
0
3
1
1
5
6
2
5
1
2
1
-3
-1
0
4
0
1
2
2
2
1
3
1
-1
-2
-1
-3
-3
-2
-1
-1
1
0
1
0
-2
-2
-1
-3
-2
-2
-1
-1
-1
-2
1
-2
-2
3
1
0
2
2
0
3
4
2
1
4
0
-2
-1
1
-1
-1
-1
1
3
2
2
2
4
5
1
1
1
-4
-1
-1
0
-1
-2
-2
-2
0
0
-2
-1
0
1
1
0
0
-2
-3
-4
-1
-3
-2
-2
0
-3
-5
-2
0
0
-1
-3
-2
0
0
1
2
0
0
7
5
3
2
2
3
2
3
3
0
0
1
2
1
1
0
0
-2
-1
-3
-1
1
-3
-4
-1
1
-1
4
0
-4
0
0
-2
-2
0
-1
0
-1
-1
-1
0
-1
-1
-1
1
1
1
2
1
0
1
1
0
0
1
0
-1
-1
1
1
-1
-3
-4
-2
-1
1
2
3
0
-1
1
4
5
2
5
1
1
0
3
0
-1
3
2
1
-1
-5
-4
-2
-1
-3
-3
-2
-4
-2
-4
-1
0
-1
1
4
2
1
1
0
0
-4
-4
-3
1
0
1
0
-1
1
-2
1
1
2
3
2
0
-2
-4
-3
-1
-4
0
-2
-2
-1
0
2
2
3
3
0
0
-1
-2
2
1
1
4
3
1
2
5
4
4
0
0
-1
-4
2
-1
1
1
1
3
0
1
1
5
5
3
1
1
-1
0
-2
-1
-1
-2
-1
-2
-5
-4
-3
-3
-2
-4
0
1
-2
-1
-2
-3
-3
1
0
-1
1
0
1
0
1
2
-1
-3
0
2
1
2
2
0
-1
0
0
-1
2
2
-1
0
0
0
0
2
-1
-3
-2
1
0
2
2
-1
-3
0
1
-1
3
2
1
-2
-1
1
1
4
0
1
-1
-1
1
-2
0
-1
5
5
3
2
0
1
1
0
-2
-2
-2
-3
-8
-7
-3
-1
-2
-1
-4
-5
-4
0
-1
0
2
-1
-2
-1
-1
3
4
4
2
-3
0
2
1
2
3
3
3
3
-1
-3
0
2
-2
-3
1
2
3
0
2
2
-1
0
1
-1
0
0
-1
1
3
2
1
2
-2
1
2
1
1
-3
-2
-1
1
0
-1
0
-3
-3
0
0
2
2
-1
1
-2
0
2
0
2
3
2
1
1
0
0
1
-1
3
1
-1
1
-1
-2
-3
-4
-4
-2
-2
-3
-2
-3
-1
-1
-2
-2
-3
0
-2
-1
-1
-2
-3
1
4
1
2
-1
1
0
0
0
0
1
4
0
-1
0
0
-3
0
1
0
0
1
2
2
3
4
2
3
2
-1
2
0
0
-2
0
1
0
1
-1
0
2
0
-1
-1
-2
-2
-2
2
0
1
1
-1
-2
-2
-4
-2
2
2
1
1
2
-1
2
4
4
3
3
0
1
-2
0
0
-1
2
0
5
-1
-1
0
3
3
2
0
-2
-4
-2
-3
-3
0
-1
-3
-2
0
-2
0
-2
-1
-1
-3
0
-1
-1
-1
-1
-1
-1
0
-2
-2
0
0
-1
0
2
3
1
2
1
3
0
2
1
1
3
2
1
0
3
-2
-1
0
2
0
2
1
1
2
2
3
3
1
1
-1
-1
0
-3
-1
0
-1
-2
-1
-1
-1
0
-1
-1
-1
-2
3
-1
0
3
0
2
2
-1
0
-1
-3
-1
1
1
2
-1
-3
1
-1
1
-1
0
1
0
-2
-3
-2
-2
-1
-3
-2
-1
1
2
-1
1
-3
-2
-1
0
1
1
2
1
-1
4
2
1
0
1
1
1
2
1
2
2
3
1
3
5
2
1
2
-2
-4
-2
-2
-1
-1
3
0
2
1
2
-1
-5
-3
-4
0
0
3
2
2
2
5
2
0
2
0
-1
1
0
-5
0
-1
-1
0
1
1
0
-1
-4
-5
-8
-4
-4
-4
-4
-4
1
0
0
1
1
-1
1
3
-2
-3
-4
-6
-4
-2
1
0
-2
2
1
2
3
1
2
3
4
5
3
1
1
3
5
3
2
2
3
1
2
4
4
2
2
3
-1
1
2
0
-1
-4
-2
-1
-2
4
2
1
0
0
-1
-2
0
0
1
-2
0
-2
-3
-3
-5
-4
-4
0
-1
-1
-2
-3
-2
2
1
-1
-1
-1
0
2
1
2
-1
-1
5
3
0
-1
1
1
-2
-2
-2
-2
-1
0
-2
-1
-2
0
-5
-6
-1
-3
-2
-1
-1
-2
2
4
2
1
4
4
3
5
6
4
2
1
2
3
2
1
2
1
2
2
1
4
5
4
1
-2
0
1
-1
2
1
0
1
-1
1
-2
-2
0
0
-1
-2
-1
-1
1
-2
-4
-2
-1
-3
-5
-2
-4
-2
1
-3
-2
-2
-5
-2
-2
-2
-2
0
0
1
1
0
-1
0
-1
1
2
1
2
2
0
-1
-1
-3
-3
-3
2
2
0
2
2
3
4
4
3
4
4
1
2
1
2
-1
3
4
1
4
2
0
3
3
2
-1
-3
-4
-4
-2
-2
-5
-2
0
-1
0
3
2
4
1
0
-2
-3
-4
-4
-4
-4
-1
1
0
2
-1
-5
-4
-2
1
1
-2
0
-1
-1
-1
1
2
3
5
1
-2
2
3
0
0
0
0
1
1
2
2
1
3
2
1
-1
0
1
2
-1
2
3
0
0
-1
0
-4
-3
0
0
-3
-2
0
-2
1
0
1
1
0
2
2
2
0
1
-3
-1
1
0
2
-1
2
1
-2
-1
-2
-1
-1
0
-2
-1
1
0
1
2
-2
-1
0
-1
0
-1
2
1
3
3
3
2
3
-1
-2
-2
-5
1
-1
-4
-5
-4
-3
-2
-2
-3
-2
-2
-2
-1
0
1
0
-3
-1
2
4
0
0
3
0
3
4
4
3
2
2
1
-1
0
1
-1
2
3
3
3
0
0
1
-1
2
4
3
0
-1
0
-1
-4
-1
-2
-2
-2
-4
-4
-2
-2
-1
1
1
2
0
-2
1
3
2
-1
0
-2
-1
2
1
2
2
3
2
-1
-3
0
-4
-2
-3
-3
-2
-1
-1
0
1
2
1
0
-2
0
4
0
1
3
0
-4
-2
1
0
0
1
0
1
0
-3
-3
-1
-4
-3
-1
0
2
1
0
0
3
0
0
1
1
2
1
0
2
6
2
0
-3
-3
-2
-3
-1
1
-2
1
1
-1
1
-1
-2
-1
1
1
1
3
2
1
3
2
1
3
1
3
2
3
1
0
-3
-4
-2
-3
-1
0
2
-2
0
-4
-3
2
0
2
2
1
0
-2
-1
-1
-2
-1
-2
-1
-2
-1
-1
-2
-1
-1
-1
0
-1
1
0
0
0
0
1
-2
1
1
2
1
-1
0
-1
0
1
2
-2
-2
-1
2
4
0
0
0
2
-2
-2
1
4
6
0
0
1
1
1
1
4
3
4
4
0
2
0
-1
-3
-3
0
-2
1
3
3
2
2
-2
0
0
-1
2
-1
-3
-2
-3
-3
-2
-3
-1
-3
-1
-3
-4
-4
-3
-3
-1
-1
-3
-3
-2
1
-1
-1
-2
-1
2
1
-1
0
0
2
4
2
4
0
4
1
2
3
1
0
-1
-1
-2
-2
1
2
1
2
3
3
2
2
1
1
-2
-3
3
1
1
1
0
0
1
3
2
-1
0
-3
-3
-3
-2
-1
-4
-4
-4
0
0
-1
-3
2
1
-1
-1
0
0
0
2
4
4
0
2
0
0
2
0
0
1
-1
-1
2
3
1
3
0
-1
1
2
0
1
2
2
2
-4
-2
1
2
-2
-2
-3
-3
-3
-5
-2
5
1
-3
-2
-1
-3
-4
-1
0
2
-3
-5
-3
-1
0
-2
-1
0
-1
-2
0
3
3
2
0
2
1
1
0
0
0
4
1
1
2
1
0
-2
2
2
3
1
-1
0
2
2
1
3
0
-1
1
1
0
1
-3
-2
0
0
1
0
-1
-4
-4
-1
0
0
-1
-1
-1
1
6
0
1
2
-1
2
-1
0
1
5
6
0
2
3
0
1
0
1
1
-2
-3
1
0
-1
-1
-2
-2
-2
-1
-2
-1
-1
-1
-3
2
2
0
2
0
0
0
-3
-7
-3
-6
-3
-1
0
-1
-3
-2
-1
-2
1
4
0
0
-2
2
1
-1
5
5
0
1
1
-4
2
7
1
0
2
0
-2
-1
1
-1
-2
2
-1
0
0
-3
-1
3
0
-1
5
0
0
2
3
3
3
4
2
2
2
1
-3
-3
1
-2
2
1
1
2
-2
-5
-1
0
1
1
0
0
-3
-2
0
1
1
1
-2
-5
2
-2
-4
-2
-1
1
0
-1
-1
-1
-3
-1
0
-2
-5
-3
-2
-1
0
0
-1
0
0
0
1
0
2
3
3
1
-2
-2
-2
1
1
1
-1
1
1
1
0
0
0
1
3
0
2
2
4
3
2
2
3
0
-1
1
-1
0
-1
-3
-3
-2
1
1
1
1
3
2
-2
-3
1
-2
1
0
0
3
3
2
3
-2
-5
-3
1
-2
-5
4
-2
-3
-1
-3
-1
5
0
-2
2
1
-4
-5
0
-1
-5
-4
-2
-3
1
0
-2
1
4
0
-2
4
1
1
-1
2
0
-1
1
2
4
4
1
-1
2
3
1
2
2
4
-2
0
2
-1
0
0
2
-1
1
1
-1
-1
0
0
-4
-3
-2
0
1
2
0
0
2
1
1
-1
2
-1
-3
-2
-3
-2
0
-1
-1
1
-1
0
0
-1
2
3
4
1
0
0
-3
-2
-1
-2
0
0
-1
1
2
0
-3
0
-1
-2
-4
-4
1
-2
-3
0
-2
-2
2
-1
1
1
3
0
-1
4
6
5
1
4
4
2
0
0
-1
1
1
4
2
1
-2
-5
-3
-1
3
-1
2
1
-2
-2
-3
0
-1
0
-2
-2
-2
-4
-2
0
0
0
0
3
3
2
1
0
-1
0
1
-1
0
0
1
0
-1
0
0
1
1
1
1
0
3
1
0
1
2
0
1
0
-2
1
-1
0
0
-3
1
-2
-2
1
0
-1
-3
-5
-6
0
-2
-1
0
-1
-4
-5
-1
-3
-3
-3
-3
-2
0
1
1
-1
1
-1
3
2
2
2
0
3
2
1
2
3
2
2
1
1
-1
1
-1
2
1
1
2
3
3
3
3
5
6
5
4
2
1
1
1
1
1
-1
-1
1
1
-1
-1
-1
-4
-1
-1
-2
-1
-1
-1
-3
-2
-2
-2
0
0
-3
-2
-2
-3
-1
-1
-2
2
1
-3
-6
-2
-2
0
2
-2
-1
-2
-2
-1
0
-1
2
0
1
0
-1
0
1
1
0
1
2
-1
-1
-1
0
0
0
1
-1
2
0
-1
0
0
-2
-2
2
-1
-2
-3
-2
-2
2
3
2
1
4
2
0
2
1
1
1
0
1
2
0
-2
0
-1
0
1
-1
-1
-1
0
0
5
-1
-1
1
-2
2
-3
1
1
-2
-1
-1
2
3
2
4
4
2
3
0
2
-1
-3
-3
-3
0
3
3
3
2
0
2
1
-1
-1
-1
-4
-4
-1
0
0
0
0
1
1
0
1
0
-1
0
0
-1
-1
-3
-2
0
0
-1
0
0
2
0
-1
-1
1
-2
-1
-1
-2
1
-2
-2
-4
-1
-1
0
0
2
3
3
1
1
0
0
-1
-4
-1
-1
-2
-4
-2
-2
-3
-3
-1
-2
-1
0
0
-1
2
4
3
1
2
2
1
0
-1
0
1
0
3
2
0
-1
-1
1
2
1
2
2
0
1
2
1
-1
-2
1
-1
0
1
4
3
0
2
1
-2
3
0
-1
1
0
2
1
-1
-1
1
-1
1
2
-1
0
-1
-2
-1
-1
1
1
1
1
0
1
-1
-1
1
0
-1
-2
-2
0
2
-1
-2
0
-1
-1
-1
0
-4
-4
-3
-3
-3
-2
0
-3
2
2
1
3
3
-1
1
5
3
1
0
-2
-4
3
-1
0
-1
-1
-1
-1
0
0
-1
0
-1
-3
-1
-2
0
2
1
-3
-2
-3
-5
-1
2
5
4
1
0
1
1
-1
1
1
-1
0
0
0
-2
-1
2
2
1
1
-1
1
4
2
2
2
2
1
-2
-2
-4
-1
0
-2
-1
-1
-1
1
-2
2
3
2
1
2
1
-1
1
5
4
2
4
2
0
-1
1
0
0
3
1
1
1
-2
-3
-1
-1
0
-2
-2
-1
-1
-2
-1
1
1
3
-1
-2
-5
-3
-4
-1
0
-1
1
-2
-3
-2
-2
-2
-1
0
0
-1
-1
-1
-3
-2
-2
0
0
-1
-2
2
1
-3
-1
-1
-3
-1
-1
-1
1
1
2
5
1
3
5
3
3
2
3
1
4
1
2
0
2
3
0
4
2
3
2
-1
0
1
1
3
1
1
2
-1
0
-1
-2
-2
0
-1
1
1
-1
-2
-2
0
2
0
-1
0
-3
0
-1
-1
-2
-3
0
-2
-3
-4
-4
-6
-5
-1
0
3
1
-2
1
3
2
2
-1
-1
1
1
-1
0
-2
1
1
0
1
0
0
1
3
4
3
1
1
-3
0
0
0
-3
0
2
-3
0
1
-1
2
5
0
3
-1
-2
0
1
0
-6
-2
0
-1
-2
0
1
3
-1
0
0
0
3
1
-1
3
1
2
1
1
4
2
0
-1
0
-2
-2
0
-2
-1
0
-1
-1
-2
-1
-1
-1
0
1
-1
1
1
-1
-2
0
1
2
1
1
0
-1
-1
0
0
0
-2
-2
-3
-3
-3
-2
-1
1
1
-2
-4
-1
2
0
1
2
1
0
2
3
1
5
3
3
2
3
0
0
1
1
1
2
2
2
0
0
0
2
0
-3
-3
-3
-4
-3
0
-2
1
-1
-3
-2
0
2
2
0
2
3
-1
-2
-1
1
2
-4
-2
0
1
1
0
-3
-2
-2
-1
0
-1
0
-3
-2
-1
-1
1
3
2
0
1
2
0
1
1
1
0
1
0
2
3
-1
1
-3
-2
-3
-1
0
1
0
0
2
2
2
-1
4
-1
-1
0
0
1
1
3
-1
0
1
-2
-3
1
2
2
0
1
0
-2
-4
-4
-1
0
2
-3
-3
-2
-1
-3
-1
0
0
-1
-2
1
3
2
1
1
1
1
1
-2
-1
0
1
-1
2
3
3
3
3
2
-2
0
-2
-1
-1
-3
-4
1
3
1
1
0
1
-1
3
3
3
2
-1
-2
-2
-1
0
2
0
0
1
0
-3
-3
-3
-4
-2
-1
-1
0
2
1
-1
-1
-1
-2
-1
-5
-1
1
2
0
-2
-1
2
3
0
2
-1
0
0
0
1
2
3
-1
-2
-1
2
1
4
4
2
0
1
-2
0
-2
-2
-2
-2
-2
-2
3
2
1
-2
1
-1
-3
-2
-1
0
-2
-3
-1
-1
-1
-2
0
-1
0
0
-1
0
2
0
-1
2
0
0
2
-1
-1
-1
-1
1
0
-1
0
0
1
1
1
3
1
1
3
3
0
3
4
2
2
-1
-1
1
1
0
3
2
2
2
-1
0
-1
-2
-3
1
0
0
-2
0
1
0
0
-2
-2
-2
-4
-6
-2
-1
3
0
-3
-1
1
-1
-1
0
0
-1
-3
0
-2
-1
1
-2
-2
-1
0
-2
-1
0
0
1
0
1
-1
0
0
-3
-1
0
0
0
-1
-1
2
3
-1
1
1
-2
1
0
-2
4
0
-1
4
4
3
3
4
3
3
4
1
3
4
0
0
-1
0
0
1
1
0
1
-1
-1
-2
-2
-2
0
-2
-1
-5
-4
0
-1
-2
-3
-1
-1
-3
-2
-1
-1
0
-3
-1
-2
1
-3
-1
0
0
-1
1
0
-4
0
1
2
2
0
-2
0
1
2
4
2
-2
-1
0
-1
1
4
6
4
-1
2
4
2
2
4
3
1
0
0
0
1
0
-2
-1
0
-1
-2
-1
-5
-3
-2
-1
-2
-3
-2
1
1
2
4
2
0
-3
-2
-5
-3
-2
0
1
0
-2
-1
-2
0
-3
-2
-2
-3
-1
-2
0
0
-3
0
1
3
2
1
2
0
0
1
2
1
4
3
3
5
2
4
3
1
0
-1
3
0
3
5
4
3
0
2
2
3
1
0
0
1
-2
-3
0
-2
-2
0
1
0
-2
-3
-4
-4
-1
-3
-3
-2
-5
-2
-2
-2
-3
-1
2
0
0
0
0
-1
3
1
2
2
2
3
1
3
0
0
2
-1
-2
0
-4
-1
-1
-2
-3
-1
-4
1
2
2
2
1
2
-1
0
-1
-1
-1
-2
-2
-2
-3
-1
-1
0
3
-1
1
-2
-1
-2
-1
1
-2
0
-1
2
2
1
0
-2
3
2
3
5
4
0
2
2
1
1
1
5
6
0
-1
1
1
4
3
1
-1
1
-1
1
0
-2
-3
-5
-1
-1
-3
-2
-1
-2
1
1
1
0
0
-1
-2
-1
-2
-1
-1
-1
-1
-2
-1
-3
-3
-3
-1
0
0
1
1
2
3
3
0
1
-1
1
0
2
4
2
-1
2
0
-3
-2
0
0
-1
1
-1
0
1
1
2
-1
0
1
0
1
-1
-1
0
0
2
1
-1
2
2
1
1
-2
1
0
-1
0
0
-2
-2
1
-1
1
0
0
-1
-1
1
2
4
-1
2
-1
-1
-1
-1
0
0
1
0
0
-1
-3
0
-2
-1
-3
1
-1
0
1
-1
-1
-3
-3
-1
-1
-1
0
-3
-1
0
-1
-1
0
-1
1
2
0
1
0
0
5
5
2
2
3
1
0
2
0
1
0
-1
-2
0
-2
0
3
1
0
1
3
1
-1
2
-1
-2
-2
-4
-2
-3
-2
2
1
-1
-1
-1
-3
-1
-1
-3
-1
0
-1
-4
-1
1
0
2
5
4
3
1
2
3
1
3
0
1
3
3
4
1
1
-2
0
0
-1
-2
-1
-1
-2
0
-1
-2
1
-3
-1
1
-1
-1
-3
-1
-3
-2
-1
-1
-1
0
-1
-3
0
-1
-2
-1
-1
3
1
0
2
1
1
2
-1
0
1
3
3
2
-2
-2
0
-2
-1
-1
2
0
-1
-2
0
-2
-3
-3
-3
3
1
2
3
1
0
0
3
3
1
4
0
-1
2
1
4
1
1
-2
1
1
1
-1
-2
0
-4
-3
0
2
-1
0
0
-4
-3
-3
-2
-2
-2
-2
0
1
0
3
2
2
1
0
-1
2
4
2
3
-1
-1
0
-1
0
1
0
2
1
0
3
1
-1
-1
0
1
-1
1
-1
1
-1
-1
-1
-1
1
-1
-1
1
-3
-2
-1
1
-1
-1
-3
-3
-2
-4
-3
-1
0
-1
2
2
2
2
-2
0
1
1
1
0
1
2
3
1
-1
4
2
1
0
-1
3
-2
0
0
-2
3
2
3
3
1
1
-1
0
1
-1
-2
-2
-3
0
4
1
0
1
-2
-1
0
-1
-1
2
-1
-1
-1
-3
-3
0
-2
0
0
0
-1
-2
0
-1
0
0
0
0
2
-1
-1
-2
-1
0
2
0
1
1
-3
-1
1
1
0
1
-1
-3
0
0
0
2
0
-2
-2
-2
0
-1
-3
2
3
4
2
-3
-1
-1
-2
0
-2
-2
2
1
2
3
3
2
1
4
3
3
2
0
3
3
1
2
1
1
1
1
2
-1
0
1
1
-3
-4
-4
-3
0
-1
-3
-2
-2
-2
-1
1
1
0
0
-3
-1
-1
2
1
-2
0
0
2
3
1
2
-1
-1
-2
-1
0
0
-2
-2
-1
-3
-1
0
-1
-2
-2
-2
0
-1
0
2
1
3
1
0
0
2
1
0
-2
-1
-2
-4
-1
-1
0
0
2
2
2
2
0
1
4
2
1
3
2
1
2
1
2
1
-2
-1
-1
0
0
1
1
1
0
0
0
-3
-4
-2
-3
-2
1
0
-1
1
1
0
3
1
-1
-1
-1
1
-1
1
-1
1
-2
0
2
-1
0
1
1
1
-1
-3
-3
1
0
-1
0
2
0
-1
-3
1
0
-2
1
-3
4
3
0
1
1
2
2
4
3
0
-1
-1
-2
-1
0
-1
-2
-1
-2
0
-2
0
0
-1
0
-2
1
0
-1
2
-3
-2
0
-1
0
0
-1
0
1
-3
1
2
0
2
-2
0
1
2
1
0
2
1
1
5
2
0
-2
0
1
0
2
2
0
0
-3
-1
-1
-1
0
-2
1
0
0
1
-1
1
1
3
2
2
1
1
3
0
2
0
-2
0
0
2
0
3
1
0
-1
-1
-1
-2
-1
-2
2
0
1
-3
1
-1
-3
-3
0
0
-4
3
1
0
1
1
1
1
-1
0
1
1
0
0
0
1
0
0
0
0
-1
-1
1
1
-1
0
-1
-2
-2
-1
-1
0
-1
2
2
-2
-2
-1
1
-2
0
2
0
1
1
-2
-1
0
0
2
0
0
0
-2
-1
-1
3
0
0
2
2
1
3
2
6
4
4
4
1
2
2
3
1
-1
-3
-2
-3
-2
-2
-1
0
-3
-2
-1
2
-1
1
2
0
-4
-1
-2
-5
-1
2
0
-1
-2
0
0
-1
1
0
0
-2
0
-2
-3
-1
-1
1
3
2
0
-1
0
0
3
3
2
2
0
3
2
2
3
1
1
2
1
1
1
-1
0
0
0
2
1
0
1
2
1
1
-2
1
1
-1
1
3
2
-2
-1
0
1
-3
-3
-3
-4
-4
-3
0
0
-5
-3
-1
-2
0
-1
0
-1
-3
0
-2
-1
-4
-2
-2
-3
-3
-1
-2
-3
0
-1
0
2
0
-2
2
0
-2
-2
2
2
0
0
3
2
3
4
3
2
3
4
3
2
1
3
3
3
2
2
1
2
1
0
1
0
-2
-1
0
0
1
1
0
-2
-1
1
0
0
0
1
1
1
2
-1
0
2
-1
-2
1
0
-2
-1
1
1
1
-1
0
2
1
1
3
-1
0
1
2
2
-1
-2
-2
-4
-6
-2
-1
-3
0
0
0
-3
-4
0
0
2
-1
0
1
0
3
0
-3
0
-2
-1
1
0
-2
0
-2
-3
-2
-2
-4
-3
-2
0
-1
-2
-2
-1
0
0
1
0
2
-1
2
4
3
0
0
0
-3
1
0
0
1
0
1
3
3
4
4
3
0
-2
-2
0
0
-1
-1
-1
-1
-1
9
7
-5
-15
12
14
-12
4
2
-3
-2
-1
-1
1
2
2
0
3
1
3
2
3
0
-4
0
1
0
-1
0
-3
-3
-3
-2
1
-2
1
0
0
0
1
2
0
1
0
1
-1
0
-2
-4
-3
-2
0
2
3
3
0
0
2
-1
-2
0
-1
0
0
2
-1
-3
-1
-2
-4
-6
-2
-1
-2
0
0
0
1
0
0
0
2
1
-1
0
3
1
0
1
1
1
-2
0
1
-2
0
0
1
0
0
3
3
0
0
1
0
-2
0
0
2
3
4
5
4
3
1
2
3
1
1
-1
-1
-1
1
-2
1
0
0
-4
-3
1
-1
-1
-1
-1
0
-1
-3
-1
1
-2
-2
-2
-1
-2
-4
-4
0
2
-1
2
3
1
-2
-1
2
0
-2
-2
-2
1
0
0
-1
0
2
2
3
1
2
4
3
1
0
-2
-2
-4
-1
-1
2
0
0
0
0
0
-1
-1
-2
0
-3
-2
-2
0
0
1
2
4
2
0
1
-2
-2
4
1
-1
3
2
4
3
5
3
1
3
2
1
3
4
1
2
2
0
-2
-5
-3
-1
-1
-4
-1
-2
-3
-3
-2
-2
-1
0
0
0
0
0
-4
-3
-3
-3
0
-1
1
0
-2
-1
0
-2
-2
-1
-2
-1
0
1
0
1
1
1
-1
1
1
1
0
0
0
2
0
0
2
0
1
-1
0
3
1
3
1
0
-1
-2
-1
-1
1
1
1
-1
1
2
2
2
1
0
2
0
1
-1
-1
-1
3
1
1
-1
2
0
0
0
-1
-1
-2
0
-1
0
-4
0
0
1
0
-2
1
2
2
2
1
1
2
1
2
0
0
-2
-2
0
0
0
-3
-3
1
0
-2
0
-2
0
2
-1
2
3
1
1
0
2
0
-2
1
-1
-2
0
0
0
-1
-1
1
1
3
1
-1
-1
-1
-6
-5
0
-2
0
-3
-1
-3
-1
0
-1
2
2
1
1
0
-1
0
-1
1
-1
-2
0
1
1
0
0
-1
-2
2
2
-3
-3
-3
0
0
2
3
1
0
0
-1
-2
-1
1
1
1
3
2
3
1
1
1
2
2
4
1
2
3
1
3
3
2
2
2
1
0
3
7
3
-2
0
2
-1
-1
-3
-1
-1
2
0
1
2
1
-1
-1
-3
-4
-1
-1
1
-1
-2
-4
-4
-4
-2
1
1
1
-1
-1
-1
-5
-5
-3
-1
-5
-1
-2
1
-2
-1
0
-2
1
2
0
-1
1
2
0
1
0
-3
-3
0
0
4
5
3
2
2
1
-2
-1
0
-2
-4
-3
-3
0
2
-1
2
0
0
1
2
2
3
4
2
2
0
1
2
0
2
3
1
2
2
0
-1
4
0
0
-1
-1
0
0
1
-2
0
0
1
-1
-1
0
0
1
1
-1
0
2
3
0
3
2
2
0
-2
0
2
3
0
-2
-1
-2
-5
-6
-4
-3
-2
-2
-4
-2
-5
-5
-3
-4
-1
0
1
2
-1
1
0
0
0
2
2
2
2
2
1
1
1
-2
2
2
0
2
1
1
1
-1
-1
3
2
1
1
3
1
-1
1
2
2
0
-1
0
-1
-1
-2
0
-1
2
3
-1
0
-1
-1
0
0
-1
-2
-1
1
-1
-1
-1
1
3
2
0
-3
-3
2
2
0
1
-1
-1
1
3
2
1
3
2
1
-1
1
2
1
-1
0
0
1
2
-2
-1
1
0
-1
-2
-2
-3
0
0
-2
0
-2
2
2
0
2
2
1
0
-2
-3
-3
-3
-2
-2
-2
-2
-2
0
2
1
1
0
-1
1
-2
-2
-1
-1
2
-1
4
4
1
2
2
1
2
1
0
1
1
0
-1
-4
-1
0
0
2
-1
-2
-1
-2
-2
-3
-1
0
-2
2
1
3
0
0
1
-3
0
-2
0
1
-1
-2
-2
0
-1
3
2
0
3
5
3
1
2
2
-1
1
1
-1
-1
-1
2
3
3
2
-1
-3
-3
-2
0
1
0
2
1
1
1
-1
-1
0
0
2
0
-1
-1
-1
2
1
-1
1
-2
-1
-1
-1
1
0
2
2
2
1
3
0
-1
1
-1
1
-2
0
-1
-2
-1
0
-3
-1
-1
-1
-1
-3
-1
-1
1
1
0
-1
-2
1
0
3
4
2
1
0
2
1
2
2
0
0
-2
-3
-1
0
0
0
0
1
1
-1
-3
-2
-3
-2
-3
0
-1
0
1
0
0
-2
0
0
0
0
1
2
-1
-1
0
0
2
0
1
2
0
0
-2
1
2
1
-2
-1
-1
0
0
-3
1
0
-1
1
4
0
1
1
3
2
0
3
0
-1
2
2
2
2
0
-2
-1
2
2
3
0
0
-1
-3
1
-3
0
1
1
-1
-2
0
0
0
0
2
0
-1
-1
-1
-1
-2
0
-1
-1
-2
-2
-2
-1
-2
-3
-3
-3
-1
-1
1
-1
0
1
-1
1
0
-1
1
-1
0
-3
-2
-2
-1
2
0
0
1
2
2
-1
-1
0
3
1
4
3
3
3
0
0
1
2
3
3
1
0
-1
2
2
3
-1
0
-2
-2
0
-2
0
0
-1
-1
2
1
1
1
0
0
-3
-1
-2
-4
-1
-2
0
-4
-1
-1
1
0
1
-1
-3
-2
-3
0
1
0
2
2
0
0
-1
-1
1
2
-1
2
2
0
1
-2
-2
-2
-2
-3
-1
3
-1
2
0
-1
-2
-2
2
4
1
0
2
1
1
-1
-1
0
1
1
-1
2
3
2
4
4
1
-3
1
1
3
1
1
-2
-3
0
-1
-1
0
2
1
0
-1
-2
-2
0
-2
-2
0
0
0
2
0
-2
-1
-2
0
-1
-2
-2
1
1
2
1
-1
-1
0
1
-1
-2
-3
-2
-2
-2
-2
-1
0
0
-2
2
3
2
1
0
1
0
1
2
2
0
1
0
0
2
-1
-3
0
-1
-3
0
2
2
-1
0
1
2
2
2
1
1
2
2
3
3
0
-1
-3
1
2
1
1
2
0
-1
-2
-3
-2
0
-1
-3
-5
-2
-1
-2
-2
-1
-1
0
2
4
1
2
4
3
3
1
-1
-1
-2
-2
-1
-1
-3
-2
-3
-2
2
0
0
1
-1
-2
0
1
-1
1
-2
0
0
-1
0
-2
-1
-2
-1
-1
1
0
2
-1
1
2
-1
-1
0
3
3
3
3
3
0
4
0
0
3
-2
-1
0
-2
-2
1
-2
-1
-2
-3
-1
1
1
0
2
1
0
2
2
-1
2
3
1
0
-5
-1
-3
-1
-2
1
0
-1
0
-1
-1
-1
0
-1
-1
1
1
-1
0
1
1
1
0
-2
1
1
1
0
1
4
1
0
1
1
-3
-3
-3
-2
1
2
1
1
2
1
1
1
-3
-3
0
0
0
-1
1
0
1
-1
-1
-1
-4
-2
0
1
-3
-2
1
-2
1
3
3
2
2
4
0
2
2
0
1
-1
1
1
1
-1
-3
0
0
2
2
0
0
-1
-4
-3
2
1
2
0
0
-1
1
1
1
-1
-1
1
-1
-2
-1
-1
-1
0
2
2
1
1
-2
-4
0
-1
-1
-2
0
0
1
-1
-1
0
1
2
1
0
0
2
2
1
-1
0
-1
0
2
2
1
2
3
1
3
1
1
3
1
-2
-3
-1
-2
-1
0
-2
-3
-2
-1
-1
-1
-2
-1
0
-2
-2
-2
-3
-2
-2
0
0
2
-1
-2
1
0
1
2
1
0
-1
0
1
2
1
2
1
2
1
-1
1
1
2
3
0
-1
-2
0
1
0
1
0
0
1
0
0
1
-1
0
-2
-2
0
1
0
0
0
1
0
0
-2
-2
0
-3
-2
1
0
-1
-1
0
0
1
0
0
-1
0
2
2
4
2
1
1
1
2
1
-2
-2
-2
-1
0
-3
-1
1
-2
-4
-3
0
-1
-1
-1
-1
-2
-2
-3
-2
-2
-2
-3
-2
-1
-2
-2
1
1
2
2
1
1
0
3
2
1
1
2
2
3
2
2
3
3
3
4
2
0
-2
1
1
0
3
2
3
3
0
1
1
2
0
-1
-1
2
0
-1
2
0
0
2
2
2
1
-4
0
-3
-4
-1
-4
-1
-5
-1
-1
-2
-3
-2
-1
-1
-1
-1
1
-1
-1
-2
2
0
0
-3
-5
-3
-1
1
-3
-2
-2
-1
0
1
-1
0
0
0
2
3
2
1
3
3
4
4
5
1
0
2
-1
-1
0
-1
-1
1
0
0
-1
0
-2
1
2
1
2
0
4
2
1
1
1
-2
0
-1
-3
2
-2
0
-1
2
0
-1
2
1
1
1
3
2
2
1
0
-1
1
2
0
1
2
0
1
-1
-3
-1
-3
-4
-2
-2
-3
-2
-3
-1
-1
1
1
-1
1
1
-1
0
-3
0
0
0
0
0
-2
-3
-1
0
2
2
2
1
1
1
1
0
0
0
-2
-2
0
-3
1
0
0
-1
-3
0
0
2
2
0
0
0
-1
0
-1
0
0
-1
1
0
-1
0
0
2
3
3
1
1
0
1
0
4
2
1
-4
-2
1
-1
2
0
1
0
0
-1
-2
-1
0
-3
0
-3
-1
2
0
2
0
-1
-1
-2
1
3
2
1
-1
-1
-1
1
-2
0
1
-2
-1
0
-1
-1
2
4
2
0
2
-2
-2
-1
-2
0
0
0
3
0
-1
1
3
-1
-1
-1
0
1
-1
1
0
-2
0
-1
-1
-1
-2
0
2
0
0
0
0
1
1
1
-1
1
2
2
2
0
-1
0
1
0
0
-2
-2
-2
-1
0
0
-2
-5
-1
-1
2
1
1
0
1
0
-1
-1
0
0
1
-1
2
0
-2
-1
-1
-1
0
-3
-1
0
-1
-1
-3
-1
1
-1
-1
0
-1
0
-1
2
2
4
2
2
0
0
0
-1
-1
1
0
2
3
0
2
2
1
2
1
3
-1
0
2
1
0
-1
0
-1
2
2
1
4
0
3
1
0
2
2
-2
-2
-1
-2
-1
0
0
-1
-2
0
-1
-1
-1
-1
-1
-1
-2
0
-2
-5
-3
-2
-1
4
0
-2
-2
-3
-3
-1
-2
1
0
1
5
-2
-1
-3
-4
-5
-3
-3
-2
2
1
2
0
1
-1
-1
1
3
4
1
0
0
-1
2
6
5
2
1
4
2
2
3
1
2
-1
0
0
-1
1
0
-1
0
-2
1
-3
0
0
-2
-1
2
2
2
1
0
1
1
-1
-2
-1
-3
-3
-4
-2
-2
-1
0
-1
0
1
2
1
2
0
-1
2
1
1
-1
-3
0
1
0
0
1
-2
2
0
-1
3
0
0
0
-2
-3
-1
1
1
1
0
1
0
-1
-1
1
2
0
0
-1
-1
0
-1
-1
-1
1
1
-1
-1
0
-1
-5
-2
0
2
0
0
1
1
1
1
1
1
1
1
-1
0
1
2
2
0
0
1
1
0
1
0
1
-2
0
1
1
0
0
0
0
1
-1
-1
-1
0
0
2
1
-1
-1
1
2
-1
1
-2
0
-2
-1
2
0
-1
-1
0
-3
-3
-2
1
-1
-1
-1
-2
-1
1
3
1
1
0
3
1
1
1
1
-2
-3
2
-1
0
0
1
-1
2
2
0
2
2
1
-1
-1
1
0
0
1
0
-1
-3
-3
-3
-3
-1
3
2
3
3
4
2
-1
0
-1
0
1
0
1
-2
-3
-3
-2
-2
0
2
1
1
0
0
-1
-1
-1
-1
-4
-2
-1
-2
0
-2
0
1
2
2
0
0
0
1
0
2
1
2
0
0
2
2
0
0
2
2
2
1
-2
-2
-1
-3
0
-1
-2
-1
-2
3
2
0
0
-2
1
1
4
1
-1
2
1
2
0
0
-1
-2
-2
-1
-1
0
-2
-2
-1
0
0
-1
0
-1
0
0
-1
1
2
0
0
1
2
3
1
2
1
0
1
1
-1
-2
1
-1
0
0
-1
2
0
2
0
2
-2
-5
-4
-4
-2
-3
0
0
-2
-1
-3
-1
4
6
0
-3
0
6
7
0
1
6
7
3
-1
0
0
3
2
-2
0
-1
3
2
1
-2
-4
-4
-2
5
-1
-7
-9
-4
1
-4
-6
-6
-5
0
0
3
4
7
7
3
8
12
15
17
18
14
2
-2
-4
-12
-13
-8
-6
-19
-20
-12
-4
-10
-20
-19
-20
-27
-25
-8
-4
-7
-4
5
15
30
34
13
-16
-23
-20
-14
-6
3
2
-8
-4
2
-11
-24
-9
7
10
22
27
-8
14
170
279
128
-85
-9
185
111
-124
-97
109
85
-124
-141
38
48
-122
-157
-41
-38
-170
-188
-49
19
-54
-87
2
66
16
-28
23
70
33
-14
21
68
43
7
45
90
56
-11
-11
27
15
-37
-44
-11
-9
-38
-39
-7
-7
-24
-11
21
2
-34
-19
25
28
-8
-1
36
40
8
2
27
37
17
-2
0
9
12
9
5
5
12
12
-1
-2
8
3
-10
-12
9
14
-2
-4
6
13
0
-9
-3
-3
-9
-11
-10
-10
-11
-6
-5
-7
-8
-7
-9
-16
-9
5
6
0
-1
5
10
6
-5
-7
-1
-2
-13
-15
-5
2
-5
-12
-8
-4
-4
-7
-5
-5
1
-5
-9
-9
6
18
9
0
3
11
10
6
9
8
4
3
1
1
-3
0
8
5
-4
-8
-1
3
1
-6
-4
2
2
-2
-4
4
1
-2
1
-1
-5
-4
4
6
2
0
-2
2
2
-1
1
2
4
1
3
5
3
2
7
6
1
-5
-5
-3
-5
-4
1
4
-2
-10
-7
1
3
-2
-1
3
7
3
-3
0
2
4
2
0
1
0
0
0
1
-4
-4
0
-5
-11
-8
-3
-2
-5
-7
-2
-2
-3
-4
-4
-2
1
4
0
1
4
5
8
7
4
1
4
5
2
1
1
5
1
-6
-6
-2
0
-3
-4
-4
-2
-2
-4
-4
2
4
0
7
3
2
3
2
2
3
6
3
-2
-5
-3
-2
0
-2
-3
-3
-5
-2
1
1
0
-2
2
-1
-3
-4
0
3
1
-1
-1
2
3
0
1
2
2
0
-2
-1
-3
-3
-2
1
-2
-2
0
2
0
-2
0
0
4
0
-1
0
3
0
1
6
4
5
4
0
2
0
1
0
-2
-3
-1
-2
-1
-2
-1
-2
-2
0
-1
-1
-5
-1
-2
-2
-3
-1
-1
1
0
-3
0
-1
2
0
-1
1
-1
-2
-2
0
0
-1
2
4
3
3
1
-1
0
1
3
-1
0
0
0
-2
1
1
-1
-4
-2
3
3
-4
-1
-1
1
3
1
0
-4
2
3
1
1
0
-2
0
1
-1
-5
-3
1
0
-1
2
0
0
3
4
4
0
1
1
1
1
-1
2
1
0
1
1
1
-1
-1
-2
-1
-3
-4
-2
1
-2
-2
-2
-1
1
-1
1
0
1
3
2
2
0
2
0
-3
-4
-1
2
0
-2
-1
-2
-2
0
-2
-2
-2
-2
0
-2
-1
-3
-4
-4
-1
1
0
1
1
-1
0
4
2
0
0
-1
1
2
2
1
2
3
2
0
2
5
1
2
4
0
-1
0
0
2
2
2
3
1
2
1
-1
0
2
-1
0
0
0
-1
0
-1
-3
1
-1
2
1
-1
-1
-3
-3
-1
0
0
-2
-1
2
-1
-1
1
3
0
1
1
0
0
0
-1
0
-1
0
1
-1
-1
-1
-5
-5
-2
-3
-4
-3
-2
-3
-3
-2
-2
-2
-2
0
1
1
2
0
1
1
-2
0
2
1
3
-1
-2
0
0
2
2
4
2
2
3
0
3
2
4
3
4
4
4
2
0
1
1
2
0
2
2
1
0
1
-1
-3
1
-3
-3
-1
-2
-5
-2
0
0
-1
-2
-1
-2
-2
-2
-2
0
0
-2
2
2
2
2
0
0
1
0
-4
-1
-1
1
-1
1
-1
-2
-1
0
0
1
2
1
0
-2
2
0
1
-1
0
-1
-2
-1
-1
-1
0
0
2
1
2
2
-1
2
1
0
-2
-2
0
-1
-1
-1
0
2
2
3
4
1
0
2
1
-1
1
4
0
-1
1
1
2
-1
-3
-2
-1
-2
-2
-5
-3
-2
-2
-2
-1
0
1
-2
2
1
-1
0
-1
-1
-3
-1
-1
-2
0
2
0
2
3
3
4
4
2
-1
-1
1
3
1
1
2
3
0
-1
1
2
-2
-1
1
-1
0
0
1
-3
-1
-2
-1
-2
-4
0
-1
1
-2
3
0
-2
-1
0
1
2
0
-1
1
0
2
-2
-1
1
0
2
1
1
2
-1
-2
-1
-1
2
2
1
-1
-1
0
-1
0
-1
0
-3
-2
-3
-1
0
2
0
-4
-1
0
-1
-1
-1
-2
-2
0
-2
-1
1
0
2
0
1
3
2
2
2
2
-2
0
1
-2
0
2
1
-3
0
0
-1
3
0
1
0
3
6
1
1
2
1
3
1
0
0
-1
-1
-1
-3
-2
-3
-1
-2
-1
-2
0
0
-2
0
-1
0
0
-1
0
1
1
-1
0
1
1
-1
0
1
-1
2
0
0
3
0
0
0
-1
0
0
0
0
-1
0
-3
-2
-1
0
1
-1
0
0
3
2
-1
0
1
0
-1
2
-3
0
-1
1
1
-3
-2
0
0
-1
1
0
-1
2
2
-2
-2
-2
-2
0
-1
1
1
1
3
1
2
0
1
0
-1
0
-1
1
2
0
0
1
0
0
1
-2
0
-2
1
4
0
-2
1
2
0
1
2
0
2
4
-1
-1
2
2
0
-2
-2
-1
-2
-1
0
0
0
-1
0
-1
-1
0
2
1
1
1
-1
-2
-2
1
2
1
-1
-1
0
-1
-1
-1
0
-2
-2
-4
-1
0
-1
-1
-2
0
-2
2
0
0
1
0
0
4
2
-3
-2
0
3
-2
-2
-1
-2
-2
0
0
2
1
2
1
1
0
1
-1
0
4
2
3
0
1
2
1
1
2
2
3
2
0
0
1
1
-1
1
0
-1
-1
-1
0
0
-1
0
0
0
0
2
2
3
4
1
-2
1
-2
-4
-3
0
-2
-2
-1
-1
3
-2
-2
-1
0
-1
-3
-4
0
2
-2
-3
1
1
-2
-3
-1
-1
-1
0
1
1
0
2
2
3
2
-1
1
-2
1
1
1
1
-1
-1
-1
-2
-4
-1
0
2
4
2
-1
-2
-1
-1
2
3
0
2
0
0
-2
-2
-2
-1
1
-1
-1
-2
-1
0
0
3
-1
1
2
2
3
1
3
3
2
2
2
4
2
4
3
0
2
-1
2
0
-1
-2
-2
-3
-3
-2
-1
2
-2
0
0
0
-1
0
-1
1
1
0
1
1
-1
-1
-2
-2
-2
-1
0
1
-2
-3
1
0
-2
1
1
-1
-3
-1
0
1
2
-1
-2
-1
-1
-2
-3
-2
-2
-1
1
3
1
-1
2
2
-1
-1
2
-1
1
-1
-3
2
2
0
0
-1
-2
-2
0
3
4
2
1
2
0
1
-1
-3
0
-1
-2
1
2
2
2
1
1
5
3
2
1
2
2
0
2
-2
-1
-1
-1
1
-1
1
0
0
-2
-1
0
-2
0
2
4
-1
0
-1
-3
1
0
-1
-3
-3
-2
1
1
3
2
2
3
1
0
2
0
3
-1
-2
0
-3
0
0
-2
-1
0
1
-2
-1
-1
0
0
1
1
1
0
-1
0
-1
1
2
1
0
0
0
1
0
2
0
-1
-1
-3
-2
2
0
-1
-1
0
-1
-2
-5
-2
-1
-1
0
-1
0
0
0
0
0
1
2
3
3
1
3
0
5
4
1
0
3
1
2
3
-1
0
1
1
0
0
-4
-2
0
-1
2
1
-1
0
0
-3
-6
-2
1
-1
1
1
0
2
1
1
1
1
0
1
1
1
1
2
2
-1
2
3
-1
1
1
3
0
-2
-2
-1
1
-2
-1
0
-1
1
1
0
1
-1
0
-2
-3
-2
-4
-1
-1
0
0
2
1
-2
-1
1
1
-1
-2
-2
-1
-1
-1
-1
0
2
0
0
3
0
1
2
-2
-1
-1
-1
1
0
1
0
0
0
-2
-1
1
-2
0
1
0
1
0
2
-3
-1
0
0
-1
-2
0
1
0
1
1
3
2
-1
-2
0
3
0
2
1
1
1
-1
0
2
1
0
0
1
-1
-2
0
2
-1
3
2
2
2
1
0
0
-1
-4
0
-1
2
2
-1
0
0
3
1
1
2
0
-2
0
0
-1
-2
-1
-2
-4
-2
-2
0
2
0
-4
-2
-1
-1
-1
1
2
0
0
1
-4
-2
0
-1
1
0
3
0
3
2
-1
1
2
2
1
-1
-3
0
-1
-2
-4
1
2
-1
-1
-1
1
1
0
-2
0
1
-1
-2
-3
-1
3
0
4
3
2
3
2
3
3
2
1
0
-1
0
0
2
1
0
-2
-2
-1
-2
-1
0
1
-1
-2
1
0
-2
-1
1
2
2
2
2
0
1
0
-2
1
-4
-3
-3
-2
-4
-3
-2
0
0
0
-1
-1
1
-2
-3
0
-1
-2
1
-2
1
-1
0
2
-2
4
4
1
2
1
1
1
3
2
-1
-3
-1
-3
-3
0
0
0
-3
1
-1
1
4
0
1
0
-3
0
-2
0
0
1
2
2
0
1
-1
-1
1
-2
1
0
1
3
-1
1
2
4
2
2
2
2
2
1
2
1
-1
1
1
3
1
1
1
2
-2
-2
-2
-3
0
-3
-2
-3
-3
-2
-2
-2
-3
-4
-3
-4
-3
0
-2
-3
-2
-1
-1
-1
-2
2
3
2
3
3
4
0
-1
1
0
1
2
1
1
1
1
2
1
3
2
3
0
-1
1
3
1
-1
-2
-1
-1
1
-1
0
-1
0
-2
-2
2
0
0
1
-1
0
1
0
0
3
1
-2
-3
-2
-2
-2
-5
-3
-1
0
3
1
1
-1
0
1
1
1
-3
-1
2
1
-1
2
0
-1
0
0
-3
0
-2
1
1
0
1
1
2
0
0
0
2
3
3
2
1
3
3
1
-1
0
1
1
-2
-1
3
2
1
4
3
-1
-2
-3
-3
-1
-3
-2
-4
-2
3
1
-1
-3
-2
1
-2
-3
-1
-4
-5
-2
-1
-2
-1
1
0
-1
0
0
-1
-1
0
2
-1
-1
4
2
2
3
1
0
2
0
2
2
0
1
1
1
0
-4
-2
-1
1
2
1
2
-3
-1
-1
1
3
2
-2
-3
2
0
0
-1
-2
-1
-1
1
1
1
0
0
1
0
-3
0
3
3
1
1
2
2
1
0
0
-2
-1
-1
0
0
0
-1
-2
0
-1
-3
-2
-1
-2
-2
1
-1
-2
-3
-2
-3
-2
-1
-3
0
1
2
1
2
0
2
0
-2
0
0
1
3
0
1
-2
0
0
2
2
0
0
3
2
0
0
0
2
0
-1
0
2
3
1
2
2
0
1
1
0
-1
-2
-1
0
1
-1
-1
0
2
0
-1
-1
0
-1
-3
-2
1
2
1
1
-2
-3
-4
-3
1
0
0
-3
-3
3
1
3
4
-1
-2
-3
-1
-2
-3
0
0
-4
-3
0
1
2
1
0
1
0
-2
0
1
0
3
3
1
3
2
1
0
-3
2
0
-2
1
1
0
0
0
-1
1
1
1
-1
-2
-3
-2
-2
2
2
1
-1
-1
-2
3
-1
-1
1
0
5
0
0
2
1
2
3
-2
1
1
1
-1
-1
0
0
2
-2
-1
-1
0
0
-2
-2
-1
1
0
0
0
-3
-1
0
0
-2
-3
-2
-3
-1
-2
-2
-3
-3
1
3
4
4
3
1
0
0
0
-1
3
4
2
-2
1
2
2
4
5
4
3
0
-1
0
-3
1
0
-1
0
1
-1
-3
-3
3
-1
-1
-1
1
0
2
-1
-4
-2
-4
-2
0
1
0
-2
0
2
0
2
3
1
0
-1
0
0
1
-1
-1
-1
2
2
-1
0
-3
1
1
-2
-1
-3
-1
-3
-1
-2
0
0
-1
1
1
0
-2
0
1
-1
-1
0
1
1
1
-3
-1
0
1
-1
2
-1
-2
3
0
0
0
2
0
-2
-2
0
1
0
1
0
0
0
0
0
0
0
-1
1
-1
0
0
-2
-2
0
0
1
-2
-2
-3
-1
1
3
4
2
3
0
1
1
1
2
2
0
2
2
-1
2
0
0
-1
-1
-1
1
-2
-4
1
-1
0
0
1
1
0
0
0
2
2
1
-1
1
0
1
-1
-1
2
0
-1
-2
-1
2
0
-1
-1
-1
-2
-1
0
-2
-3
-1
-2
0
2
0
0
-1
0
0
-1
-1
1
1
2
1
0
0
3
1
1
0
-1
1
-2
-1
0
-1
0
-1
1
-2
-1
0
-1
-1
-2
1
-1
-3
-1
-1
0
-1
1
5
1
0
-2
-2
2
3
3
2
1
3
2
1
3
0
1
2
-2
-1
-1
2
3
2
0
0
-1
-1
4
0
1
0
-1
-4
2
-2
-1
-3
-4
0
-1
-1
0
0
-4
-2
-4
-4
-1
-2
0
-2
-1
0
-1
0
0
0
-1
1
1
2
0
-2
0
-1
-1
4
2
1
0
1
1
0
1
4
0
1
2
1
-1
0
1
-1
2
3
1
1
0
2
3
3
1
-1
-3
-2
-2
-3
-1
0
0
-1
3
0
2
3
1
3
1
0
0
-2
0
0
1
0
-1
0
0
4
3
1
0
-2
-1
0
0
2
-2
-5
-4
-4
-1
1
-2
-1
1
-1
-1
-1
0
1
-1
-2
-3
1
0
4
3
-3
-1
-3
-1
2
1
1
2
-1
-3
-1
0
1
-2
0
-1
-2
-2
-3
-1
-1
0
0
1
-1
2
1
1
2
0
-1
-1
0
1
-3
-1
3
-1
0
1
-1
0
0
2
3
3
0
0
1
3
1
2
1
1
-1
-1
-1
3
2
-1
1
0
3
0
-2
-1
-2
0
1
-1
-2
-1
2
-1
0
0
-1
0
-3
-2
0
0
0
0
1
0
0
3
2
5
0
3
-1
0
4
2
1
1
-1
-3
-1
-2
-1
-2
-3
-2
-1
1
-1
-1
-1
-1
1
1
0
0
-1
0
-2
0
5
2
1
0
1
1
-1
-1
0
1
2
1
1
3
0
-2
-3
-2
-3
-1
1
-2
-2
-1
-1
1
0
-1
3
0
2
0
1
2
-3
-2
-2
-2
0
1
0
3
-1
-5
-2
0
-2
-3
-1
-1
-1
-1
2
4
1
-1
-4
-2
0
-1
0
0
2
2
3
1
1
-1
-2
-2
-3
1
0
0
1
-1
0
1
0
3
3
2
-3
1
0
-1
0
0
0
2
4
0
2
2
4
3
2
3
1
3
2
-1
1
0
-2
1
0
4
1
2
2
1
2
1
3
2
0
0
0
-2
0
-1
-2
0
-2
-2
-2
-1
-1
-3
-5
-2
-3
-6
-3
-4
0
-3
0
-1
0
0
-1
-1
-3
-3
0
-2
-4
-1
-1
2
-3
-1
0
0
-3
1
-2
-2
2
0
1
-2
0
-2
-1
-2
-2
1
0
-1
0
0
2
3
6
3
-1
2
2
0
0
2
1
0
1
0
2
1
3
4
1
1
1
5
4
2
3
2
2
2
1
-1
1
2
3
3
4
3
1
0
0
3
0
1
-1
-1
1
-3
-2
1
-1
1
0
-3
0
2
2
1
0
2
-4
-4
-3
-3
-4
-4
-3
-3
-1
-2
-2
0
-1
0
-1
-1
-4
-5
-3
-5
-5
-3
-4
-4
-4
-6
-5
-6
-2
-5
-1
-2
-3
-2
-1
-2
-3
-2
1
2
-2
-1
-1
-3
0
2
1
1
1
0
2
1
3
4
3
4
5
5
4
4
4
7
8
5
3
5
4
3
4
3
2
3
3
0
4
3
2
4
4
4
4
4
5
3
2
3
6
6
2
4
5
1
2
2
2
2
2
-1
-1
0
1
0
-1
-1
-3
0
0
0
3
0
-2
0
-3
-3
-4
-4
-6
-7
-5
-6
-6
-5
-5
-8
-10
-10
-11
-9
-9
-7
-11
-11
-11
-9
-11
-10
-8
-11
-8
-6
-8
-9
-8
-7
-9
-8
-6
-3
-6
-6
-4
-4
-1
-1
0
3
4
5
5
6
7
6
10
9
6
10
10
10
11
10
13
14
13
15
14
14
13
13
11
19
27
25
24
22
24
27
34
30
26
25
24
29
34
30
29
27
26
33
33
27
28
24
22
24
21
20
15
14
14
14
10
11
9
9
3
0
-1
-10
-12
-18
-28
-39
-45
-55
-65
-78
-94
-116
-130
-150
-165
-186
-219
-240
-262
-286
-302
-333
-378
-396
-415
-432
-440
-476
-505
-502
-508
-504
-495
-511
-509
-482
-458
-425
-392
-373
-330
-276
-229
-167
-113
-58
11
83
155
221
294
379
453
525
591
651
711
774
824
867
906
938
963
981
992
997
994
981
964
941
910
874
829
783
728
672
616
555
494
433
370
312
256
200
151
104
62
19
-13
-40
-66
-93
-110
-128
-147
-161
-177
-194
-217
-242
-261
-286
-314
-343
-374
-402
-432
-456
-483
-508
-527
-543
-560
-571
-583
-595
-605
-614
-623
-630
-642
-648
-657
-669
-678
-689
-696
-704
-713
-721
-729
-740
-746
-747
-752
-756
-759
-758
-754
-750
-743
-733
-717
-699
-676
-650
-614
-570
-523
-466
-398
-324
-243
-156
-57
46
153
271
392
510
631
758
878
999
1122
1233
1340
1445
1546
1637
1723
1801
1867
1921
1967
2000
2016
2018
1999
1959
1899
1824
1725
1612
1486
1346
1195
1030
863
693
522
354
193
39
-107
-246
-377
-493
-601
-703
-796
-879
-952
-1020
-1082
-1133
-1173
-1211
-1244
-1266
-1269
-1264
-1252
-1232
-1211
-1184
-1150
-1113
-1073
-1031
-993
-962
-925
-879
-840
-801
-763
-723
-679
-622
-557
-488
-414
-338
-258
-172
-82
-2
54
98
124
127
102
55
-10
-111
-230
-369
-521
-683
-856
-1029
-1192
-1339
-1468
-1562
-1613
-1619
-1578
-1487
-1355
-1183
-977
-744
-492
-221
41
293
544
785
1014
1225
1429
1622
1802
1968
2130
2298
2453
2598
2728
2840
2934
3001
3047
3053
3020
2938
2813
2654
2449
2207
1936
1641
1331
1025
726
437
168
-80
-309
-511
-693
-859
-1001
-1137
-1260
-1367
-1466
-1553
-1621
-1665
-1689
-1682
-1650
-1589
-1504
-1398
-1272
-1141
-1008
-882
-771
-676
-600
-547
-513
-491
-481
-481
-479
-476
-468
-456
-444
-420
-401
-386
-372
-366
-362
-365
-377
-393
-413
-441
-463
-482
-493
-496
-486
-468
-440
-406
-367
-315
-253
-193
-129
-57
20
101
187
290
400
509
613
717
805
862
888
871
797
671
504
292
27
-268
-554
-827
-1078
-1307
-1483
-1586
-1612
-1586
-1515
-1386
-1203
-987
-771
-563
-359
-156
31
199
353
510
676
859
1044
1233
1456
1710
1967
2186
2382
2572
2736
2839
2860
2823
2732
2599
2419
2206
1964
1718
1484
1272
1074
888
723
583
444
280
115
-47
-219
-438
-682
-908
-1103
-1278
-1440
-1574
-1654
-1686
-1677
-1624
-1555
-1472
-1380
-1280
-1188
-1120
-1084
-1059
-1031
-1007
-996
-995
-976
-933
-891
-856
-795
-712
-631
-573
-518
-453
-407
-384
-365
-341
-327
-338
-347
-328
-280
-243
-221
-184
-102
-15
52
115
179
248
310
378
445
493
536
596
672
723
748
793
866
894
830
730
644
536
333
33
-321
-684
-1021
-1314
-1614
-1935
-2199
-2292
-2237
-2177
-2160
-2061
-1772
-1426
-1181
-988
-705
-362
-129
6
203
528
830
1015
1187
1449
1770
2068
2377
2738
3040
3193
3307
3500
3690
3707
3572
3432
3276
2982
2609
2317
2085
1750
1299
928
717
515
232
-25
-202
-403
-674
-898
-1030
-1174
-1435
-1728
-1916
-1997
-2054
-2098
-2105
-2094
-2051
-1942
-1771
-1606
-1459
-1319
-1210
-1173
-1153
-1069
-951
-900
-932
-949
-884
-756
-625
-524
-470
-431
-351
-217
-106
-81
-106
-136
-167
-195
-199
-176
-166
-194
-219
-196
-128
-44
25
53
37
44
122
209
229
199
191
239
302
377
469
570
652
708
785
907
1047
1164
1243
1275
1266
1213
1104
918
667
398
81
-335
-835
-1299
-1666
-2011
-2368
-2642
-2727
-2685
-2662
-2648
-2495
-2182
-1863
-1599
-1325
-1014
-727
-476
-230
50
382
729
1057
1340
1610
1958
2424
2917
3295
3561
3828
4094
4241
4229
4141
4010
3776
3383
2887
2431
2058
1682
1245
802
462
213
-20
-286
-559
-771
-940
-1153
-1419
-1650
-1816
-1956
-2099
-2231
-2303
-2279
-2199
-2115
-2002
-1832
-1624
-1408
-1216
-1081
-1007
-952
-934
-953
-942
-871
-806
-779
-743
-669
-530
-343
-195
-142
-119
-74
-54
-68
-71
-62
-64
-83
-131
-175
-160
-97
-71
-86
-99
-76
-35
4
9
-14
-5
27
17
0
60
175
248
290
384
510
638
766
895
992
1035
1063
1129
1206
1232
1219
1219
1198
1089
925
759
549
237
-168
-649
-1175
-1645
-1993
-2325
-2754
-3167
-3350
-3323
-3281
-3281
-3160
-2823
-2414
-2049
-1672
-1210
-731
-307
95
462
802
1185
1632
2023
2315
2680
3233
3840
4311
4639
4922
5171
5296
5232
4953
4497
3947
3361
2707
1979
1291
755
306
-206
-714
-1037
-1169
-1299
-1504
-1690
-1804
-1884
-1980
-2086
-2179
-2242
-2247
-2211
-2144
-2004
-1770
-1476
-1218
-1020
-834
-638
-484
-472
-571
-656
-681
-720
-816
-918
-939
-855
-737
-668
-651
-551
-366
-249
-283
-345
-291
-205
-224
-305
-322
-259
-221
-250
-274
-232
-153
-84
-45
-72
-115
-66
40
50
-19
18
126
167
197
317
470
567
638
747
881
1035
1141
1165
1170
1171
1151
1137
1213
1246
1142
1099
1187
1168
960
817
727
488
157
-247
-982
-2021
-2802
-3155
-3516
-4081
-4561
-4699
-4584
-4417
-4242
-3840
-3092
-2326
-1792
-1216
-344
520
1045
1391
1775
2240
2721
3150
3508
3886
4408
5036
5656
6090
6275
6361
6369
6001
5108
4081
3265
2451
1382
184
-831
-1451
-1728
-1966
-2325
-2491
-2300
-2087
-2055
-2064
-2008
-1892
-1802
-1928
-2160
-2084
-1659
-1298
-1201
-1172
-946
-450
25
144
53
103
200
-18
-474
-737
-730
-824
-1174
-1434
-1292
-919
-682
-648
-637
-500
-274
-159
-230
-316
-317
-378
-528
-577
-522
-506
-463
-333
-240
-146
56
156
31
-19
57
61
87
141
4
-45
281
512
450
609
988
1150
1216
1355
1411
1513
1722
1658
1352
1208
1157
1042
1019
976
786
733
792
716
669
586
129
-374
-648
-1338
-2875
-4693
-6098
-6826
-7280
-8237
-9284
-9092
-7828
-6822
-5984
-4365
-2289
-527
926
2309
3673
4956
5908
6361
6650
7047
7558
8164
8498
8360
8380
8882
9073
8465
7688
7025
5946
4093
1680
-632
-2286
-3607
-5279
-7032
-7910
-7663
-6894
-6176
-5529
-4512
-2970
-1496
-605
15
842
1602
1778
1546
1528
1991
2604
2811
2495
2266
2633
3057
2709
1774
944
286
-520
-1521
-2543
-3325
-3723
-4005
-4384
-4485
-3959
-3180
-2688
-2438
-2039
-1265
-482
-197
-241
-22
511
854
925
1033
1270
1524
1629
1421
1024
847
814
367
-473
-1149
-1466
-1639
-1805
-2040
-2177
-1827
-1177
-806
-637
-155
481
832
940
1030
1196
1464
1680
1674
1668
1906
2287
2505
2398
2129
2094
2340
2232
1510
538
-777
-3158
-6277
-8485
-9290
-10118
-12019
-13621
-13033
-10786
-8795
-7310
-4953
-1770
900
2874
4855
6880
8380
9229
9505
9435
9708
10628
11578
11587
10959
10904
11495
11564
10469
8885
7166
5107
2709
85
-2589
-5092
-7317
-9405
-11012
-11419
-10579
-9212
-8041
-6890
-5032
-2463
-163
1260
2300
3327
4060
4320
4313
4267
4257
4195
3772
3089
2717
2656
2215
1066
-265
-1220
-1862
-2661
-3823
-4883
-5452
-5612
-5509
-5160
-4571
-3802
-2900
-2149
-1616
-892
80
814
1008
1056
1378
1860
2191
2226
2108
1980
1840
1562
978
252
-382
-1025
-1827
-2618
-3059
-3143
-3090
-3119
-3159
-2787
-2012
-1274
-798
-390
87
581
1089
1457
1762
2245
2738
2995
3155
3481
3711
3575
3202
2673
2094
1674
1437
1104
575
-38
-1256
-3886
-7780
-11110
-12235
-12353
-13882
-16403
-16530
-13285
-9565
-7190
-4699
-683
3455
6327
8411
10513
12390
13278
13147
12281
11682
12199
13123
12940
11458
10477
10764
10990
9674
7123
4616
2241
-458
-3489
-6233
-8348
-10018
-11372
-12363
-12295
-10630
-7863
-5387
-3772
-1848
1119
4107
5694
6090
6353
6661
6590
5893
4962
4232
3645
2693
1218
-62
-613
-879
-1929
-3834
-5220
-5341
-5205
-5784
-6383
-6164
-5353
-4408
-3505
-2659
-1665
-419
443
612
864
1663
2365
2302
1840
1672
1951
2174
1765
960
312
-127
-767
-1720
-2679
-3387
-3748
-4095
-4553
-4620
-3872
-2835
-2259
-1740
-701
618
1519
1882
2069
2351
2860
3135
2969
2823
3140
3506
3435
3210
3055
2965
2645
1935
981
215
-254
-861
-1374
-1315
-906
-1613
-4874
-10137
-14005
-13707
-12286
-14470
-18410
-17568
-11832
-7154
-5124
-2059
3436
7948
9863
11059
13076
14924
14950
13396
11154
10197
11431
12947
12118
9505
8510
9348
9447
7197
3968
1314
-1248
-4171
-7173
-9087
-9603
-9556
-10033
-10524
-8887
-5093
-1408
293
912
2476
5089
6942
6799
5922
5674
5704
5022
3579
2539
2329
1871
53
-2229
-3229
-3112
-3470
-5132
-6852
-6964
-5700
-4634
-4449
-4096
-2862
-1350
-421
-111
347
1112
1553
1069
273
524
1710
2246
1452
810
1253
1744
1250
-59
-1391
-2318
-2964
-3997
-5231
-5602
-5024
-4443
-4343
-3957
-2517
-581
494
574
909
1926
2722
2702
2271
2200
2656
3016
2882
2741
3181
3773
3556
2378
1400
1181
791
-282
-1480
-2160
-2307
-1975
-1487
-953
-615
-2117
-6735
-12662
-15255
-13629
-12845
-16128
-18593
-14577
-7292
-2483
136
4206
9255
12047
12518
12816
13713
13751
12238
9601
7361
7957
10751
12108
10333
8305
8317
8763
7342
3847
103
-2932
-5478
-7787
-9243
-8765
-6710
-4960
-4722
-4200
-1305
2574
4107
2744
1602
2544
3950
3878
3072
2961
3484
3936
3578
2664
2064
1757
245
-2960
-5623
-6041
-5422
-6101
-7530
-7170
-4744
-2297
-1122
-461
313
1076
1478
1023
105
-164
345
240
-681
-623
963
2314
2005
849
278
152
-636
-2345
-4019
-4856
-5026
-5028
-4986
-4450
-3049
-1476
-806
-874
-429
730
1292
758
163
613
1706
2339
2390
2580
3288
3826
3690
3040
2338
1932
1348
50
-1374
-1661
-1043
-910
-1343
-1476
-994
-257
363
745
648
-942
-5699
-12706
-17011
-15767
-13166
-14364
-16508
-13172
-5273
858
3427
5972
9503
11272
10420
9203
9294
9722
9194
7734
6608
7924
11637
14215
12733
9358
7518
6581
4236
289
-3448
-5834
-6860
-7005
-6313
-4122
-788
1773
1758
568
816
2171
2060
-197
-1996
-1385
795
2445
3352
4497
5534
5607
4308
2138
-1
-1636
-3718
-6718
-8621
-7887
-5603
-4117
-3680
-2590
-388
1393
1512
767
72
-419
-751
-1040
-1000
-155
1233
1916
1565
1331
1711
1581
-90
-2366
-3708
-4043
-4191
-4398
-4241
-3399
-2168
-1287
-982
-823
-601
-656
-1341
-2148
-1951
-775
115
369
898
2079
3261
3740
3401
2789
2285
1624
729
13
-297
-325
-278
-288
-158
367
837
600
-141
-659
-670
-438
-162
53
-653
-3995
-10229
-15633
-15831
-12539
-11889
-14313
-13357
-6843
-280
2496
3983
6774
9197
9080
7647
7661
9220
10088
9297
8071
8449
11073
13582
12645
8664
5421
4193
2666
-361
-3109
-4133
-4196
-4131
-3433
-1440
1173
2845
2337
155
-1335
-836
43
-617
-1860
-1338
1338
4016
4980
5107
5387
4797
2501
-328
-2425
-3694
-4647
-5887
-6904
-6071
-3395
-1309
-1239
-1761
-1317
-398
-232
-795
-1048
-541
226
740
1204
2038
2828
2587
1091
-622
-1498
-1668
-2156
-3294
-3973
-3308
-2115
-1628
-1748
-1721
-1505
-1649
-2287
-2805
-2672
-2103
-1670
-1424
-787
569
1968
2355
1851
1541
1755
1761
1297
979
1077
1336
1490
1421
1254
1289
1343
720
-435
-1119
-1004
-941
-1424
-1680
-1067
137
1197
1589
403
-3797
-10700
-16283
-16486
-13507
-12782
-13839
-11258
-4438
1480
4089
5652
7584
8355
6954
5215
5443
7366
8780
8807
8686
9930
12455
13980
12255
7956
4014
1744
-99
-2297
-3724
-3332
-2123
-1404
-631
1279
3481
3901
1979
-916
-2745
-2621
-1601
-1017
-631
737
3104
5185
5709
4861
3675
1964
-859
-3635
-4679
-4448
-4227
-4154
-3911
-3044
-1402
-198
-817
-2288
-2702
-2172
-1738
-1278
-190
1272
2379
2724
2448
2037
1568
457
-1482
-3269
-3717
-2972
-2153
-1733
-1270
-562
-128
-449
-1420
-2513
-3308
-3809
-4088
-3807
-2547
-706
711
1310
1564
1904
2009
1449
432
-348
-403
230
1079
1597
1974
2536
2702
1785
496
-206
-764
-1584
-2112
-1878
-1005
211
1189
1423
1422
1641
1637
1076
-39
-3071
-9391
-15933
-17237
-13481
-10721
-10846
-9205
-3973
766
2394
2853
3859
4661
4159
2900
3196
6398
10236
11437
10593
10734
12201
12494
10227
6550
3197
1014
-131
-720
-686
389
1746
1753
532
5
715
879
-807
-3273
-4331
-3111
-849
938
2220
3488
4351
4270
3397
2201
1012
-238
-1784
-3110
-3186
-2073
-1051
-1101
-2039
-2884
-2947
-2763
-3172
-3687
-3220
-1878
-535
624
1820
2799
2943
1964
440
-642
-1031
-1285
-1722
-1948
-1489
-438
456
580
83
-641
-1585
-2757
-3739
-4167
-3959
-3261
-2381
-1512
-595
403
984
739
-27
-596
-654
-462
-77
579
1422
2201
2767
2906
2394
1506
466
-616
-1392
-1517
-1114
-540
165
739
937
847
770
623
65
-458
-380
-10
-563
-3095
-7817
-12738
-14127
-11739
-9689
-9810
-8554
-4148
-67
1274
1428
2315
3448
3911
3813
4345
6624
9377
10453
9858
9821
10853
10888
8747
5530
3293
2469
2208
1710
1163
1335
1770
1440
156
-737
-667
-781
-1725
-2744
-2479
-984
601
1310
1514
2138
2720
2595
1708
608
-175
-493
-748
-1265
-1316
-925
-1036
-1864
-2714
-3128
-3241
-3135
-3120
-2947
-1999
-481
706
1157
1300
1212
799
136
-523
-897
-892
-583
-294
-35
309
594
429
-273
-1086
-1791
-2394
-2939
-3253
-3246
-2981
-2467
-1878
-1329
-918
-669
-624
-696
-594
-239
202
571
1010
1599
2116
2378
2355
2042
1406
579
-199
-710
-814
-635
-367
-37
365
603
487
184
-143
-515
-884
-984
-678
-100
174
-1089
-4785
-9588
-12339
-11548
-9377
-8458
-7882
-5138
-1036
1168
1039
1077
2079
2614
2447
3161
5496
8270
9727
9437
8900
9350
9789
8555
6075
4117
3308
3082
2974
3009
3051
2685
1566
-92
-1357
-1580
-1317
-1516
-1934
-1644
-414
987
1339
407
-164
707
1264
358
-132
603
798
177
-83
-371
-972
-1224
-1841
-3202
-3488
-2379
-1944
-2287
-1852
-879
-369
-179
-148
-390
-504
-413
-546
-712
-373
203
363
192
211
358
146
-383
-771
-989
-1284
-1590
-1834
-2093
-2226
-2166
-2221
-2380
-2184
-1742
-1551
-1386
-872
-328
59
615
1267
1571
1531
1386
1191
1035
985
892
712
570
497
468
358
97
-13
65
-162
-537
-393
-110
-352
-578
-413
-402
-499
-237
-205
-1212
-3340
-6491
-9654
-10626
-8861
-6750
-5839
-4683
-2190
32
489
142
440
1245
1842
2597
4288
6694
8590
8989
8280
7782
7941
7750
6535
5092
4368
4234
4099
3818
3470
2868
1688
2
-1401
-1733
-1273
-982
-1080
-1040
-615
-68
-73
-959
-1564
-790
101
-101
-51
923
1250
596
75
-396
-968
-1128
-1428
-2186
-2114
-1147
-880
-1296
-1261
-972
-1043
-1267
-1348
-1179
-728
-387
-430
-405
-38
229
73
-222
-244
-62
-85
-300
-319
-214
-420
-881
-1313
-1720
-2075
-2261
-2394
-2451
-2089
-1465
-1081
-887
-615
-383
-257
-64
203
501
865
1085
1030
1008
1164
1166
846
574
619
715
492
119
79
377
560
418
135
-87
-218
-462
-882
-1037
-667
-274
-311
-559
-936
-1934
-4055
-7027
-9322
-9086
-6691
-4753
-4217
-3150
-880
406
-260
-933
-320
636
1368
2652
4824
7089
8409
8318
7462
7058
7146
6580
5267
4528
4756
4893
4456
4007
3608
2649
1076
-433
-1280
-1317
-891
-689
-947
-1123
-975
-1224
-2078
-2333
-1520
-999
-1145
-535
820
1300
872
562
236
-293
-547
-673
-889
-661
-215
-440
-898
-728
-507
-978
-1568
-1548
-1171
-971
-1000
-940
-679
-475
-516
-668
-666
-455
-299
-418
-553
-371
-162
-366
-764
-975
-1110
-1356
-1580
-1607
-1426
-1141
-960
-964
-944
-770
-636
-655
-617
-361
-92
-36
-55
84
321
538
735
847
858
897
937
867
859
1010
1009
782
663
655
379
-119
-439
-538
-614
-649
-635
-739
-906
-1009
-1339
-2287
-3811
-5648
-7181
-7364
-6097
-4773
-4078
-2938
-1142
-316
-942
-1295
-548
268
825
2130
4357
6298
7154
7258
7149
6968
6574
5874
5131
4809
4916
4880
4546
4386
4287
3478
2003
844
337
-25
-504
-944
-1317
-1714
-2116
-2457
-2582
-2322
-1836
-1415
-1010
-480
-81
-77
-271
-329
-182
45
220
321
373
316
74
-213
-365
-453
-687
-1000
-1056
-847
-755
-923
-1054
-1016
-1044
-1208
-1300
-1235
-1113
-1010
-970
-963
-863
-697
-688
-812
-814
-686
-650
-662
-569
-495
-533
-536
-500
-582
-736
-812
-816
-834
-821
-734
-624
-555
-518
-409
-212
-22
68
161
384
668
906
1062
1089
1046
1084
1105
845
489
446
532
274
-208
-416
-390
-623
-1096
-1265
-1023
-882
-1018
-1062
-1062
-1607
-2793
-3872
-4175
-3856
-3530
-3310
-2648
-1425
-534
-620
-870
-258
738
1120
1319
2363
3763
4205
3903
4137
4944
5175
4649
4370
4667
4755
4354
4171
4484
4562
3922
3042
2477
2066
1462
699
67
-324
-676
-1143
-1565
-1713
-1707
-1765
-1842
-1818
-1804
-1900
-1963
-1809
-1462
-1079
-777
-606
-589
-722
-897
-998
-1007
-965
-873
-792
-784
-797
-747
-696
-745
-852
-904
-887
-873
-909
-970
-976
-912
-843
-810
-781
-723
-617
-471
-297
-132
-48
-92
-247
-391
-446
-468
-504
-536
-531
-523
-559
-629
-679
-693
-700
-701
-627
-418
-116
190
444
659
848
993
1070
1088
1120
1222
1328
1305
1144
997
928
819
607
405
297
242
185
169
207
262
330
381
349
237
164
164
126
11
-47
-69
-233
-583
-957
-1174
-1184
-1117
-1222
-1547
-1927
-2209
-2308
-2132
-1754
-1409
-1187
-1005
-813
-549
-154
262
519
640
736
843
1060
1408
1714
1901
2118
2340
2388
2358
2417
2395
2160
1936
1839
1674
1462
1418
1448
1374
1290
1229
999
686
517
387
167
81
164
96
-97
-160
-214
-453
-738
-947
-1187
-1385
-1380
-1322
-1342
-1292
-1152
-1098
-1114
-1042
-903
-772
-586
-358
-218
-150
-60
-24
-109
-208
-240
-300
-419
-479
-440
-413
-458
-509
-539
-583
-670
-779
-857
-815
-666
-527
-438
-317
-148
-24
19
28
55
117
166
125
43
36
94
72
-28
-78
-71
-85
-109
-97
-68
5
104
144
104
95
166
214
215
256
346
477
639
692
479
11
-608
-1244
-1591
-1500
-1300
-1367
-1661
-1998
-2235
-2160
-1771
-1398
-1248
-1190
-1082
-870
-495
-12
372
560
626
685
857
1173
1540
1884
2206
2521
2833
3106
3240
3212
3122
3040
2988
2928
2769
2516
2331
2235
2103
1939
1742
1367
866
444
118
-102
-90
-17
-177
-411
-573
-859
-1223
-1400
-1592
-1960
-2118
-2022
-2015
-1964
-1657
-1403
-1322
-1121
-878
-803
-707
-521
-457
-465
-332
-188
-186
-220
-249
-334
-435
-478
-493
-506
-533
-572
-621
-656
-628
-539
-483
-490
-467
-403
-385
-380
-290
-217
-234
-249
-192
-142
-141
-152
-180
-223
-245
-242
-213
-120
7
93
131
181
239
266
260
254
269
315
388
493
604
668
703
756
784
746
679
615
483
176
-355
-1035
-1579
-1712
-1477
-1210
-1176
-1414
-1814
-2135
-2155
-1896
-1618
-1432
-1262
-1083
-890
-577
-159
152
266
321
422
617
972
1408
1793
2162
2551
2850
3014
3140
3250
3283
3254
3243
3250
3148
2880
2567
2288
1996
1727
1575
1388
972
521
207
-91
-310
-336
-461
-850
-1133
-1264
-1552
-1813
-1803
-1879
-2151
-2155
-1912
-1795
-1658
-1354
-1169
-1112
-922
-727
-679
-558
-347
-302
-337
-241
-141
-168
-215
-197
-198
-236
-239
-220
-250
-295
-268
-178
-111
-91
-107
-181
-292
-362
-388
-429
-490
-560
-669
-782
-806
-750
-676
-592
-508
-433
-323
-168
-72
-65
-44
48
151
234
340
450
517
550
599
701
821
880
831
726
668
658
610
521
452
414
290
-1
-422
-909
-1385
-1651
-1564
-1372
-1426
-1706
-2019
-2280
-2329
-2030
-1624
-1406
-1262
-1053
-872
-653
-278
44
165
276
519
813
1159
1606
2049
2394
2700
2981
3186
3304
3328
3282
3237
3225
3191
3088
2874
2524
2167
1896
1620
1294
1032
758
298
-128
-288
-403
-676
-864
-954
-1189
-1397
-1386
-1421
-1576
-1580
-1550
-1699
-1708
-1430
-1280
-1280
-1079
-838
-827
-791
-615
-555
-574
-487
-426
-461
-416
-307
-282
-259
-139
-40
-8
41
90
65
-4
-55
-64
-47
-50
-101
-205
-331
-446
-546
-656
-792
-896
-930
-922
-870
-764
-649
-605
-614
-590
-506
-402
-315
-214
-54
173
401
541
581
570
551
547
590
669
710
676
621
630
702
765
760
669
538
428
268
-70
-556
-1045
-1469
-1699
-1579
-1300
-1273
-1520
-1826
-2105
-2199
-1932
-1546
-1371
-1274
-1073
-854
-554
-81
306
429
528
744
951
1206
1597
1948
2171
2443
2771
3006
3168
3287
3271
3157
3096
3056
2901
2643
2345
2009
1702
1488
1285
970
556
128
-224
-403
-424
-486
-693
-950
-1151
-1268
-1278
-1225
-1239
-1374
-1535
-1615
-1590
-1477
-1359
-1294
-1234
-1112
-979
-905
-855
-801
-767
-702
-548
-353
-215
-133
-58
23
111
188
206
147
66
7
-24
-26
-7
-29
-127
-259
-367
-456
-548
-632
-680
-717
-768
-796
-764
-722
-709
-674
-604
-528
-438
-322
-231
-164
-64
42
115
200
306
393
460
526
599
661
715
737
686
588
494
456
471
486
454
388
308
219
131
-10
-297
-717
-1152
-1478
-1570
-1420
-1275
-1370
-1610
-1792
-1889
-1831
-1544
-1208
-1012
-856
-653
-464
-222
126
409
544
717
996
1274
1549
1868
2168
2394
2599
2793
2919
2947
2899
2803
2679
2549
2440
2326
2117
1802
1510
1273
1012
756
568
365
90
-125
-258
-440
-627
-715
-800
-940
-1025
-1055
-1175
-1331
-1396
-1455
-1545
-1552
-1475
-1407
-1308
-1130
-967
-841
-683
-528
-436
-362
-278
-230
-205
-156
-92
-27
30
63
49
26
-7
-68
-150
-228
-285
-311
-315
-324
-349
-399
-476
-577
-663
-698
-701
-698
-679
-636
-593
-530
-448
-372
-304
-246
-190
-116
-10
118
244
347
403
398
353
330
337
347
362
393
430
448
442
418
373
339
319
281
237
222
172
-12
-299
-621
-935
-1207
-1349
-1320
-1214
-1182
-1278
-1434
-1559
-1556
-1379
-1109
-856
-655
-481
-319
-113
175
474
676
804
948
1130
1345
1598
1858
2078
2262
2433
2575
2658
2681
2640
2546
2444
2355
2250
2071
1836
1592
1351
1119
905
682
411
118
-124
-288
-418
-539
-688
-890
-1105
-1249
-1322
-1369
-1401
-1421
-1459
-1487
-1432
-1313
-1187
-1059
-937
-838
-747
-625
-497
-411
-343
-258
-181
-106
-34
-2
-35
-87
-111
-131
-148
-173
-215
-271
-301
-286
-259
-261
-321
-428
-539
-612
-651
-658
-647
-634
-614
-576
-512
-442
-366
-295
-241
-188
-133
-84
-30
39
117
188
266
337
378
390
393
385
365
363
386
409
431
463
482
462
436
394
308
208
136
71
-3
-72
-196
-441
-744
-1013
-1229
-1336
-1280
-1185
-1181
-1241
-1311
-1376
-1339
-1136
-886
-697
-530
-372
-242
-65
177
381
523
690
892
1111
1391
1697
1938
2114
2291
2446
2537
2588
2603
2547
2463
2410
2339
2191
1981
1723
1416
1108
839
582
325
116
-40
-209
-396
-584
-807
-1023
-1152
-1198
-1233
-1255
-1264
-1301
-1341
-1325
-1268
-1215
-1142
-1036
-932
-819
-675
-550
-468
-394
-317
-272
-242
-206
-191
-191
-165
-115
-80
-60
-51
-72
-106
-127
-145
-184
-233
-277
-313
-341
-368
-397
-433
-470
-495
-506
-523
-543
-560
-568
-555
-506
-438
-363
-284
-206
-149
-88
-29
17
57
109
169
221
278
338
385
425
467
484
479
475
472
443
422
415
401
359
305
225
96
-47
-169
-303
-455
-616
-814
-1032
-1177
-1209
-1203
-1211
-1247
-1319
-1382
-1338
-1164
-938
-719
-528
-379
-241
-45
212
464
673
863
1066
1311
1591
1872
2102
2270
2400
2513
2608
2664
2649
2564
2427
2275
2132
1962
1740
1476
1210
975
754
518
231
-74
-326
-484
-564
-646
-786
-994
-1199
-1323
-1340
-1299
-1281
-1312
-1374
-1402
-1361
-1262
-1153
-1057
-968
-858
-727
-594
-479
-404
-348
-289
-213
-141
-88
-62
-49
-16
45
111
147
137
81
2
-73
-139
-198
-253
-317
-379
-420
-446
-472
-518
-579
-640
-692
-710
-691
-646
-593
-529
-458
-389
-322
-257
-199
-149
-70
37
152
246
321
370
397
419
452
487
506
515
522
534
558
598
620
600
535
462
397
350
325
274
148
-31
-225
-412
-593
-759
-935
-1147
-1316
-1369
-1339
-1301
-1272
-1263
-1274
-1223
-1032
-784
-567
-372
-186
-16
190
466
727
902
1049
1233
1426
1622
1839
2006
2074
2112
2170
2215
2225
2217
2166
2034
1876
1738
1567
1325
1057
800
548
344
227
132
-26
-230
-441
-655
-834
-922
-944
-976
-1010
-1022
-1042
-1085
-1112
-1127
-1163
-1166
-1086
-953
-817
-664
-516
-406
-317
-220
-145
-116
-85
-37
3
28
47
32
-29
-80
-98
-117
-157
-208
-282
-374
-445
-463
-472
-506
-546
-584
-621
-638
-626
-606
-610
-618
-597
-546
-477
-382
-299
-253
-213
-141
-44
44
109
148
157
179
260
355
421
447
453
443
454
510
561
558
516
461
400
356
337
304
230
139
68
1
-75
-159
-288
-449
-602
-710
-799
-907
-1018
-1123
-1182
-1150
-1040
-928
-869
-848
-817
-722
-541
-308
-93
66
199
353
551
776
994
1155
1272
1390
1532
1699
1854
1974
2040
2071
2094
2110
2083
1980
1808
1586
1361
1175
1005
807
588
386
231
138
80
-20
-202
-435
-634
-751
-786
-772
-764
-796
-851
-882
-887
-886
-882
-873
-857
-811
-719
-611
-519
-436
-352
-280
-225
-192
-203
-250
-302
-315
-302
-300
-313
-349
-395
-418
-414
-404
-418
-459
-509
-547
-561
-542
-510
-504
-512
-517
-517
-508
-490
-475
-462
-432
-373
-291
-211
-141
-82
-39
2
59
116
159
185
195
202
216
249
291
331
356
363
354
336
327
326
325
312
284
252
206
155
114
72
39
22
1
-47
-141
-261
-401
-511
-560
-581
-614
-693
-793
-875
-882
-803
-685
-586
-532
-498
-435
-303
-108
99
268
403
526
657
812
979
1121
1239
1348
1458
1565
1660
1725
1752
1757
1753
1744
1702
1625
1510
1371
1240
1130
1038
924
793
646
493
351
221
100
-21
-140
-262
-376
-481
-572
-649
-713
-762
-811
-853
-886
-909
-914
-903
-895
-892
-885
-881
-879
-879
-884
-893
-900
-899
-879
-838
-783
-727
-687
-669
-662
-654
-632
-591
-535
-478
-430
-391
-363
-346
-325
-304
-277
-238
-191
-140
-103
-87
-82
-78
-55
-14
37
75
86
71
50
59
106
183
258
296
287
250
224
235
273
305
308
276
231
207
206
212
191
144
87
42
5
-54
-153
-285
-404
-470
-486
-503
-559
-661
-754
-766
-677
-536
-421
-367
-358
-322
-198
10
232
403
504
577
677
831
1017
1192
1325
1419
1509
1598
1677
1735
1745
1729
1700
1668
1612
1505
1349
1177
1037
945
878
785
633
432
228
76
-23
-91
-172
-288
-422
-544
-631
-692
-740
-793
-846
-895
-925
-947
-957
-952
-925
-876
-821
-773
-749
-747
-746
-727
-688
-645
-611
-593
-579
-563
-532
-495
-454
-425
-408
-401
-410
-420
-434
-442
-433
-416
-396
-382
-382
-388
-392
-378
-342
-302
-266
-238
-213
-182
-146
-95
-38
12
57
94
133
175
217
258
288
324
365
404
445
473
479
466
437
393
354
327
308
288
262
212
146
81
26
-12
-43
-95
-176
-271
-362
-420
-437
-436
-446
-468
-499
-527
-536
-526
-495
-451
-381
-292
-192
-98
-6
80
177
297
433
565
682
789
888
992
1093
1186
1251
1293
1320
1338
1355
1363
1356
1326
1274
1213
1152
1084
1002
918
820
703
585
457
324
189
65
-54
-163
-267
-374
-478
-577
-662
-730
-790
-840
-875
-900
-910
-904
-890
-868
-845
-819
-793
-761
-727
-690
-650
-612
-573
-534
-495
-459
-434
-416
-402
-390
-380
-378
-383
-388
-388
-391
-386
-383
-373
-361
-344
-328
-314
-296
-279
-254
-224
-187
-146
-107
-68
-31
3
35
70
99
128
158
187
208
227
239
250
258
256
247
234
224
205
186
167
141
108
70
25
-25
-77
-122
-169
-215
-262
-305
-344
-375
-403
-420
-436
-441
-432
-415
-380
-333
-269
-191
-104
-10
94
200
312
427
545
665
778
890
998
1095
1179
1253
1310
1354
1387
1407
1410
1400
1374
1332
1278
1218
1145
1060
967
862
751
639
520
396
271
141
14
-110
-227
-329
-426
-513
-593
-662
-725
-773
-815
-848
-867
-876
-875
-858
-834
-810
-780
-756
-729
-707
-685
-662
-641
-617
-595
-573
-557
-548
-536
-530
-522
-511
-500
-484
-470
-453
-443
-436
-430
-423
-402
-383
-355
-319
-281
-248
-214
-185
-162
-137
-112
-80
-43
-3
37
73
108
131
155
176
197
223
247
270
288
298
306
309
302
294
282
265
247
226
203
173
138
97
55
12
-28
-66
-101
-128
-152
-175
-188
-198
-204
-205
-201
-186
-164
-127
-88
-40
14
70
131
196
267
336
408
479
556
632
704
771
834
886
934
973
1000
1018
1026
1020
1003
978
950
904
850
783
710
637
558
477
389
301
206
113
24
-63
-146
-229
-307
-372
-434
-490
-538
-581
-615
-644
-665
-676
-684
-687
-688
-683
-673
-662
-646
-632
-616
-597
-575
-554
-534
-512
-492
-472
-451
-427
-404
-386
-366
-351
-335
-318
-303
-290
-283
-275
-264
-257
-253
-244
-240
-237
-229
-218
-209
-198
-185
-173
-155
-136
-116
-94
-66
-39
-13
14
41
69
93
114
133
150
163
171
179
184
182
178
171
162
151
136
120
104
90
77
62
47
39
31
28
29
32
42
51
68
87
108
134
161
191
228
266
301
338
375
413
448
485
518
550
578
603
625
644
657
666
672
672
665
655
638
618
592
560
527
489
451
407
359
314
264
214
158
106
53
4
-51
-102
-155
-204
-252
-294
-333
-373
-403
-434
-462
-486
-504
-519
-531
-538
-543
-546
-544
-540
-537
-530
-526
-517
-507
-496
-484
-473
-459
-445
-428
-415
-400
-385
-369
-357
-343
-325
-312
-298
-283
-269
-256
-243
-228
-214
-197
-184
-170
-153
-139
-122
-103
-85
-68
-52
-35
-19
-1
16
35
51
68
82
97
110
118
132
142
146
151
154
154
153
151
150
146
143
137
131
123
120
120
119
121
125
131
137
147
161
178
196
216
236
262
286
307
330
353
369
386
399
413
423
428
434
432
428
427
420
409
401
388
377
361
348
327
313
294
281
260
240
220
202
180
159
139
114
92
71
48
19
-5
-34
-59
-93
-118
-149
-176
-210
-238
-266
-294
-319
-341
-361
-377
-390
-402
-407
-411
-412
-411
-405
-402
-394
-387
-377
-371
-362
-355
-346
-342
-334
-329
-321
-320
-313
-306
-302
-297
-291
-283
-276
-270
-262
-249
-239
-231
-224
-210
-201
-187
-173
-158
-144
-130
-113
-94
-77
-59
-36
-16
5
24
47
70
93
110
130
144
162
174
188
198
203
208
212
216
217
218
218
217
214
210
208
206
208
212
213
214
220
227
231
239
247
252
262
270
273
281
285
287
292
294
293
295
292
288
281
279
272
266
260
252
243
235
228
213
204
194
184
175
160
146
130
114
94
74
55
37
15
-7
-30
-57
-78
-104
-133
-155
-181
-204
-222
-241
-259
-273
-284
-292
-297
-301
-299
-295
-291
-282
-271
-259
-249
-242
-234
-224
-221
-213
-205
-199
-196
-194
-195
-197
-196
-203
-208
-210
-213
-212
-214
-216
-220
-222
-224
-227
-228
-226
-224
-219
-210
-201
-192
-184
-172
-163
-150
-137
-121
-104
-89
-68
-48
-24
-4
14
31
47
64
82
102
120
142
160
178
196
205
220
229
238
252
262
271
282
288
290
295
296
294
290
286
279
275
272
262
253
243
233
222
208
195
179
170
161
148
142
133
125
115
107
101
94
92
90
88
90
92
92
94
95
98
99
99
95
92
90
86
84
75
69
59
45
32
14
-4
-22
-42
-61
-82
-99
-118
-136
-153
-172
-188
-202
-215
-225
-233
-238
-239
-239
-238
-233
-230
-227
-220
-215
-206
-201
-196
-189
-183
-177
-174
-168
-168
-166
-167
-166
-165
-169
-166
-169
-172
-172
-174
-173
-175
-174
-174
-170
-169
-164
-158
-153
-149
-139
-130
-121
-112
-103
-87
-73
-58
-43
-25
-8
14
35
56
79
99
122
144
165
188
206
226
240
253
264
273
283
283
285
284
278
275
267
262
253
244
235
219
204
192
187
175
163
151
138
130
120
115
109
103
101
100
96
95
94
91
91
90
92
91
91
84
79
73
63
55
44
35
26
14
0
-12
-27
-39
-52
-65
-76
-88
-99
-108
-116
-127
-134
-135
-139
-138
-137
-138
-141
-136
-135
-133
-127
-126
-126
-120
-121
-118
-118
-117
-117
-113
-112
-115
-116
-116
-117
-116
-115
-114
-115
-117
-121
-124
-126
-130
-131
-132
-133
-132
-133
-130
-128
-122
-116
-111
-108
-101
-93
-88
-80
-70
-64
-55
-45
-35
-21
-10
2
15
27
37
48
60
70
83
98
107
115
125
131
138
143
149
151
160
163
165
167
163
168
168
168
168
168
165
159
153
147
139
134
125
118
110
104
98
88
81
77
69
63
56
52
48
42
42
36
36
32
32
30
29
28
26
23
22
24
21
19
18
17
12
8
2
-5
-9
-15
-20
-26
-34
-38
-43
-47
-56
-62
-65
-72
-79
-82
-91
-92
-94
-101
-100
-105
-109
-108
-110
-111
-109
-105
-108
-109
-107
-103
-101
-99
-94
-92
-89
-88
-84
-82
-78
-71
-66
-62
-60
-53
-49
-46
-44
-39
-35
-32
-28
-24
-22
-21
-16
-14
-10
-7
-6
-3
-1
5
7
11
14
16
22
24
24
29
31
33
37
39
42
43
46
48
48
49
53
56
55
56
56
58
58
60
57
59
58
59
60
57
56
56
58
55
57
54
51
51
46
46
44
40
38
40
37
36
32
27
23
24
21
16
12
11
9
7
4
0
0
-3
-9
-7
-7
-10
-8
-7
-11
-13
-10
-13
-12
-13
-14
-11
-16
-17
-15
-18
-20
-21
-24
-26
-22
-22
-27
-25
-27
-28
-28
-31
-30
-30
-29
-31
-29
-29
-27
-25
-26
-25
-25
-22
-22
-21
-21
-18
-15
-13
-13
-12
-7
-4
-5
-4
-4
-5
-1
0
1
2
4
3
2
3
2
1
-1
-6
-3
-2
-4
-3
-3
-4
-7
-6
-6
-5
-3
-4
-2
-1
1
2
3
6
5
6
9
8
11
14
17
16
15
18
19
19
22
24
25
29
27
23
27
25
24
21
22
20
18
17
17
15
14
12
8
10
11
9
7
7
6
4
4
4
3
3
2
3
1
1
2
-1
1
0
-1
-2
-1
-3
-4
-5
-4
-1
-3
-2
-4
-1
-4
-5
-3
-4
-5
-8
-6
-6
-5
-5
-8
-9
-10
-8
-6
-6
-8
-9
-9
-8
-8
-8
-7
-7
-8
-7
-6
-5
-5
-5
-4
-5
-6
-7
-7
-6
-6
-5
-5
-8
-9
-11
-10
-7
-9
-9
-8
-5
-6
-7
-7
-5
-2
-2
-3
-1
0
1
2
0
-2
2
1
0
2
1
2
4
2
1
3
1
2
4
5
5
7
4
6
6
4
6
9
7
6
7
4
8
7
7
9
8
5
5
5
5
3
5
6
4
7
8
6
5
6
6
4
3
5
6
5
4
4
5
3
3
2
1
4
1
2
0
1
0
2
1
2
2
2
0
1
1
-1
-3
-6
-3
-3
-4
-5
-3
-7
-6
-6
-7
-6
-6
-6
-3
-5
-9
-9
-11
-3
-6
-6
-5
-3
-4
-4
-5
-4
-4
-4
-5
-3
-2
-3
-2
-2
-4
-2
0
0
0
-2
-4
-2
-1
-4
-2
1
2
0
-3
-1
0
-2
-2
-2
-3
-5
-4
-5
-5
-2
-2
-1
1
0
1
1
-1
0
3
2
1
1
1
3
2
3
3
3
6
4
7
6
9
11
6
7
6
6
5
4
3
4
7
5
4
6
5
5
4
4
3
4
2
1
3
2
4
4
3
1
2
1
2
2
3
2
1
2
2
2
1
0
2
-1
2
2
1
1
0
-2
-1
-3
-3
0
-7
-5
-6
-6
-6
-7
-4
-8
-5
-6
-6
-6
-6
-7
-7
-6
-6
-5
-3
-4
-4
-3
-1
-2
-3
-1
-2
-3
-2
-1
-3
-3
-3
-4
-2
-3
-2
0
0
1
-2
-2
0
0
0
-2
-1
-3
-3
-2
0
-2
-2
-2
0
2
-3
0
-2
2
1
-2
1
-2
2
4
3
3
6
5
6
5
7
4
5
5
7
8
6
7
5
5
5
4
5
4
3
4
4
2
2
2
1
-1
0
0
0
-1
-2
-1
1
2
1
5
1
0
3
2
3
0
5
2
0
-3
-3
-2
-4
0
-4
-3
-1
-2
-4
-3
-4
-3
-3
-4
-3
-2
-4
-3
-2
-5
-3
-4
-4
-5
-4
-1
-2
-1
1
0
-4
-3
-4
-4
-2
-3
-2
-1
-2
-2
-1
-3
0
-3
-1
0
-2
-2
-1
0
0
-2
0
2
-1
1
1
0
1
1
1
1
1
2
2
-1
-1
-1
-1
-1
-1
-1
0
1
0
2
-1
1
3
4
1
1
1
1
-1
0
3
3
2
1
2
-1
0
3
4
4
3
3
2
4
3
1
4
4
0
2
3
-1
3
3
3
3
2
0
1
5
3
2
1
3
3
3
3
4
1
1
2
-1
0
0
1
1
1
-3
0
-1
-3
-2
-4
-2
-1
-1
-2
-3
-2
-3
-3
-2
-5
-4
-4
-4
-2
0
-1
-2
-2
-3
-2
-2
-3
-1
-3
-2
-3
-5
0
-3
-6
-4
-1
-2
-1
-2
-2
0
-2
-6
-6
-2
-2
-3
-4
-3
-2
-3
-1
-1
2
-2
-1
1
2
-1
-1
-2
-2
-2
0
1
2
0
1
2
0
2
3
2
5
6
5
6
7
6
7
6
5
5
3
5
4
3
3
2
1
1
3
4
2
2
2
6
5
5
4
2
3
4
4
3
2
2
4
0
4
3
2
0
-2
-1
-1
2
1
2
-1
0
2
0
-4
-2
-5
-4
-2
-1
-2
-5
-6
-7
-3
-7
-3
-3
-3
-2
-5
-4
-5
-2
-2
-1
-2
-3
-1
0
-2
-2
-3
-5
-6
-5
-6
-3
-5
-4
-2
0
-3
-3
1
2
0
-1
-2
0
1
0
1
2
0
3
3
0
1
1
5
2
3
0
1
1
0
0
0
-1
-1
-2
-1
-4
-1
-2
0
1
-1
2
0
3
2
2
2
3
3
2
3
0
3
2
3
1
-1
3
2
3
3
2
3
-1
1
2
0
-1
-1
-2
0
1
-1
-5
-1
0
-1
-1
1
0
3
3
1
2
0
1
0
0
0
-2
-1
2
2
0
-2
1
0
-1
3
2
1
1
1
0
0
2
0
0
1
0
2
0
-2
-1
-1
1
1
-1
-2
-1
-1
-2
-3
-4
-4
-5
-5
-2
-4
0
0
-3
-3
-4
-5
-3
-4
-5
-1
-2
-3
1
-2
0
-1
-1
-2
-1
-1
-2
1
-1
-2
-1
3
1
1
0
1
1
2
1
2
3
-1
1
1
2
3
1
3
-1
2
2
2
2
4
5
3
1
1
3
1
2
-1
0
1
2
3
0
3
0
-3
0
-1
0
1
0
-3
-3
-2
-3
-2
2
0
1
1
0
0
0
4
1
3
2
1
0
-1
0
2
2
3
1
-1
1
1
2
2
-1
-1
1
1
0
1
2
1
-1
-3
0
2
1
2
-2
1
-1
1
-1
-1
1
1
-2
0
-1
-3
-2
-1
-1
-1
-4
-2
-2
-4
0
0
1
-1
-4
-5
-5
-4
-2
-3
-3
-2
-2
-3
-3
-4
-2
1
-2
0
2
-1
2
-1
0
1
1
0
0
2
0
2
0
-1
-1
-1
-2
-1
-1
4
1
0
1
3
4
2
2
2
2
2
3
3
3
1
1
1
2
3
2
3
1
3
2
1
0
1
0
0
0
-2
-1
-1
-1
0
-3
-3
-1
-4
-3
-4
-3
-2
0
-1
-2
-1
4
1
-1
0
0
-1
1
0
0
-1
2
4
1
3
0
3
2
4
5
4
4
3
2
3
0
2
1
1
2
2
1
-1
-2
-1
0
-1
-3
-1
-1
0
1
0
-1
-3
-1
-1
-4
-2
0
-2
-2
0
0
0
0
-2
-1
-2
0
-2
-3
-3
-3
-3
-3
0
-2
-3
-2
-3
-2
-1
-3
-2
-2
-2
-1
-2
-1
-1
-2
-1
-1
-1
-2
0
0
-3
-3
1
0
2
0
2
0
0
2
0
2
0
1
-2
2
4
4
2
3
3
4
2
3
3
1
1
0
2
0
1
0
0
0
4
4
2
2
0
5
0
2
2
0
4
2
0
2
2
0
0
1
2
0
0
0
-1
-1
1
0
2
4
0
2
1
-1
-1
0
1
1
2
1
-1
0
0
1
0
1
-1
0
1
-2
0
-1
-3
-5
-4
-1
-2
-2
-2
0
-3
-5
-4
-1
-1
-6
-4
-1
-1
-3
0
-2
-2
-1
-4
0
0
-1
-1
0
-1
0
0
-1
-1
-5
-1
0
-2
-3
-2
-2
-2
-2
1
2
1
4
2
1
1
2
1
1
0
-2
0
1
5
4
2
2
-1
1
3
0
3
1
1
0
2
3
0
0
-1
-2
-2
-1
0
1
3
0
2
1
3
3
1
2
0
3
2
2
2
-2
-1
-1
0
-1
-1
-2
0
1
1
2
3
-1
-2
-2
0
1
-1
2
3
2
1
2
1
1
-1
-1
1
-2
-2
-1
1
1
-1
2
3
3
1
0
1
-2
0
0
-2
-1
-1
3
0
1
0
1
3
2
0
-1
-2
-2
-2
1
-2
-3
-4
-3
-3
-3
-3
-5
-2
-5
-4
-4
-6
-6
-5
-2
-1
-3
-3
-2
-3
-3
-2
-3
-3
-1
-1
-1
-2
0
-1
0
-1
1
1
1
3
4
4
4
1
1
2
4
3
1
2
1
2
0
2
-1
1
3
2
4
3
3
1
1
0
1
2
4
4
2
3
4
4
5
6
5
4
4
2
3
3
1
3
1
0
1
2
0
0
-1
-3
0
2
0
2
-1
-2
4
-1
-1
-1
0
-1
-2
0
-2
-1
-3
-2
-3
-2
-2
-4
-1
-5
-3
-2
-3
0
-3
0
-1
-5
-3
0
-5
-4
-2
-2
-3
-1
0
2
-1
-3
-2
-2
-1
-3
-1
-4
-5
-4
-2
-1
-1
-1
-4
2
0
-1
-5
-2
0
-1
1
1
4
2
1
-1
2
-4
1
0
0
0
1
3
-1
2
0
1
2
3
0
2
0
1
4
4
3
3
3
2
5
6
6
2
3
5
4
3
3
0
3
3
0
2
0
1
1
-2
-2
0
0
1
3
0
-1
0
-1
-1
-1
0
-1
-2
-3
-2
0
-1
3
-1
0
-1
-4
-3
-1
1
-1
1
1
2
2
0
2
2
2
-2
-3
-2
-1
0
2
0
1
1
0
-3
-1
-1
-4
-2
-3
-1
-3
0
-1
-3
-3
-4
-3
-3
-3
-2
-3
-1
-3
-5
0
-1
-1
-1
-2
0
2
1
1
0
-1
-2
-1
-1
-3
-1
0
1
1
1
2
1
3
5
4
4
3
3
1
-1
0
-1
2
0
-2
-2
-1
0
1
-1
0
1
0
0
-1
-2
0
-2
2
2
-1
2
1
-1
0
-3
-1
1
0
2
3
4
0
2
0
2
1
3
4
2
4
1
1
2
-1
0
1
0
0
-1
-1
-1
-1
0
-3
2
0
1
-1
1
3
1
4
0
2
2
1
2
2
1
-2
-1
-2
0
2
2
2
0
0
2
1
-2
0
-1
-2
-2
1
0
-2
-2
-2
-3
-2
-7
-3
-5
-4
-3
-3
-3
-4
-3
-4
-2
-4
-3
-3
-2
-2
-3
-4
-4
-3
0
0
-2
0
-1
2
2
3
3
-1
0
0
-2
1
1
3
1
0
3
3
3
3
2
2
0
1
2
2
2
2
2
0
-1
2
3
-1
-1
1
2
-1
-1
-1
0
0
3
4
2
2
0
-3
1
-1
-1
1
-1
-1
-1
-2
0
1
0
-3
1
0
-1
1
1
2
-2
2
0
-1
1
0
1
3
0
-1
2
2
1
0
1
0
2
1
-1
0
0
2
4
4
2
0
-3
-1
-2
-1
-2
3
1
1
-1
-2
0
-1
-3
-2
-2
-1
2
0
-1
-3
-3
-4
-3
-2
-2
-2
-2
-2
-1
-1
-1
-2
-4
-2
-2
-1
-2
-2
-2
-2
-3
-2
-3
0
-2
-3
-2
-2
1
2
1
2
-1
-2
0
-2
-1
0
3
2
0
-1
3
3
4
2
3
4
4
2
-1
1
3
1
-1
0
0
0
1
3
1
0
0
1
1
0
3
0
1
1
-3
0
0
-1
1
1
2
2
3
2
2
5
3
1
2
1
2
1
0
0
1
-1
1
0
2
2
-1
1
-4
0
1
-1
-1
-1
2
0
0
1
-1
-3
0
-3
-2
-2
-5
-2
-1
-1
-3
-3
-1
2
-1
-1
-1
-2
-5
-3
-3
-4
-4
-6
-1
-1
-2
-2
-2
0
1
-2
-2
0
-1
1
0
-2
-2
1
0
2
3
1
2
1
-1
2
1
-2
3
1
1
0
1
1
0
2
-1
-2
0
-2
-1
0
1
-1
2
3
0
1
-1
1
5
6
4
3
5
6
5
3
1
4
3
4
3
-1
0
-1
1
-1
-1
-3
-1
1
0
1
0
-3
-2
0
0
-2
0
-2
-4
-2
-2
-1
0
0
0
-2
0
0
-3
-2
-3
-3
-1
-2
0
1
0
0
-1
-1
1
4
0
-2
2
1
1
0
0
2
-1
-2
0
-1
-2
-1
2
1
1
3
1
0
-2
-1
2
0
2
2
0
-1
2
1
1
1
-1
0
-2
1
1
1
3
1
2
2
0
2
1
-3
-2
-1
-3
-3
-1
-2
0
0
-1
3
-3
-5
-2
-2
-2
0
0
-2
-1
-1
-3
-4
0
0
-2
-1
-2
-1
1
2
0
-1
-1
-1
0
3
0
-1
1
1
2
-1
3
4
2
1
2
0
3
0
1
4
0
2
1
3
2
0
0
1
4
3
4
3
3
2
2
3
2
3
5
1
-2
-5
-2
0
-2
0
-4
-1
-1
1
-2
-4
-1
-1
-3
-3
0
0
-1
-2
-3
-1
-1
-2
1
0
-1
-2
-1
-2
-2
-3
-3
0
-2
-1
-1
-2
-1
0
1
-1
1
0
-1
1
-2
-2
3
2
0
1
1
0
-2
-1
1
0
-1
2
3
3
3
1
3
-1
0
-2
-1
-2
-1
0
-2
0
0
0
1
-1
-2
-1
1
0
-2
0
-2
0
1
1
0
0
0
1
2
1
2
2
1
1
-2
0
0
1
4
-2
0
3
1
1
2
2
2
2
-1
2
2
2
-1
2
2
1
1
1
2
0
-1
1
0
-1
-1
3
0
0
1
0
-1
-1
0
0
1
2
2
2
3
-1
-6
-3
0
-4
-3
-1
-1
-4
-4
0
-1
0
-1
2
-1
1
1
0
2
-1
1
-3
1
0
0
-2
-3
-1
-2
-2
-3
-1
0
-2
2
2
1
-1
0
-1
-2
0
-1
1
1
0
-2
-1
-1
-3
-2
-3
-4
0
-1
1
1
1
1
2
1
3
3
2
2
-1
1
2
3
1
1
3
3
4
5
2
3
4
3
1
2
2
4
1
-1
-1
-3
0
0
4
-1
-1
-1
-4
-2
-1
-1
-3
-2
-6
-3
-1
0
-1
-2
-1
-3
-2
0
-1
2
2
2
1
3
1
3
2
-2
0
0
1
-1
-1
-2
-3
-1
2
0
2
2
-2
-2
0
1
2
1
2
-1
-2
-4
-1
0
-1
1
2
3
0
1
2
1
-1
0
1
1
0
0
0
0
3
0
1
-1
-1
1
0
2
1
-2
-2
2
-2
0
2
0
-2
-2
0
-2
-2
0
-1
1
-1
-1
-1
0
-1
-4
-2
-2
-1
-2
0
-2
-2
-3
-1
1
-1
0
-1
-1
0
1
1
1
0
2
3
0
4
2
1
-1
-3
1
0
0
2
2
0
2
1
4
1
3
2
0
1
2
1
0
3
2
3
2
3
1
1
-1
1
0
0
-1
-1
0
0
-1
-1
0
1
0
-3
-1
-4
-3
-1
-2
1
1
1
1
3
2
3
3
1
-1
1
0
-1
-1
-2
-1
-3
-4
-2
-1
-2
-2
-5
-1
1
0
0
-2
-3
-1
-1
0
0
-2
0
1
1
1
0
1
1
2
0
1
2
1
3
1
-1
-2
0
-2
-2
0
-1
1
-3
-3
-1
-1
0
0
-1
-1
1
0
-3
-1
0
-2
0
0
-1
-1
-1
-1
-1
-1
0
0
-1
3
3
4
3
2
2
1
2
3
4
2
1
1
-2
-2
1
-1
-2
1
3
-1
-3
0
2
1
2
2
1
3
2
2
1
2
0
3
2
4
4
4
0
-1
1
-2
-2
-4
-3
-2
-2
-1
-2
0
-2
-5
-4
-1
0
-1
0
-1
-2
2
2
1
1
1
-1
0
1
-1
0
0
1
-3
-2
0
0
0
-1
-2
-2
-3
-1
1
1
0
0
4
1
1
-1
-3
-4
-2
-2
-2
0
-1
-1
-1
2
-1
0
-2
-4
0
1
2
1
-1
1
-2
1
1
1
1
2
4
3
3
4
1
0
-1
-1
2
-1
-3
0
0
-3
0
0
-1
-1
-3
0
2
2
0
0
-2
0
2
1
-1
1
3
2
1
1
1
0
-2
1
2
-1
0
-2
2
2
3
0
-1
2
0
-1
1
2
3
3
0
2
-1
0
1
1
0
-1
2
1
1
-2
-1
-1
-1
0
-1
0
0
3
1
0
1
0
2
2
3
0
0
0
-1
0
-3
-3
-3
-1
-2
-1
3
2
3
0
0
-1
-3
-3
-3
-2
-6
-3
-3
-2
-2
-3
-2
-2
-3
-3
-2
-2
-2
-4
-3
0
-1
0
0
0
-1
1
1
0
0
2
2
1
0
0
-1
2
2
4
5
3
3
5
5
2
3
3
4
3
2
1
-2
-2
1
1
2
2
0
0
1
-2
-1
1
1
3
1
2
2
0
0
2
-1
-2
-2
-2
1
2
0
-1
-1
-1
-2
-1
1
-2
-2
-1
-2
-1
1
2
-1
0
-3
0
0
1
-3
-1
-1
-1
-2
-2
0
0
2
0
-2
-2
-4
-4
-3
-3
0
0
3
2
2
-2
1
0
0
3
2
2
2
1
0
2
2
2
1
0
-2
-1
0
0
-1
-3
1
3
-2
0
1
0
-1
-1
0
-1
0
-2
-1
-2
-3
-1
-1
-1
-2
-2
-3
-2
-1
0
1
3
0
0
4
3
3
0
-2
-2
-2
1
2
2
4
1
2
1
2
0
0
0
1
2
3
2
1
2
2
1
1
-1
0
-1
2
1
-1
1
-1
-1
-1
-1
1
2
2
0
0
-1
-2
1
-1
0
0
0
-2
1
2
0
3
0
-2
0
0
-1
-2
-1
0
-3
0
-2
-1
1
-1
0
2
2
1
3
-1
0
-2
-2
-2
-2
-1
-2
-2
-2
-3
-2
0
-1
-2
0
-1
-1
1
-2
-3
1
1
0
0
-2
0
2
0
-1
-3
-2
-1
-1
0
2
1
0
-2
0
-2
0
3
1
2
2
1
1
2
2
-3
-2
0
0
1
0
2
3
3
0
1
3
4
3
2
3
0
1
3
1
-2
-1
1
1
0
-1
-1
0
0
0
1
2
3
1
-3
-3
-2
-1
-2
-2
-2
-1
-2
-3
0
-2
-2
0
-1
0
0
1
-1
-3
4
4
1
0
-2
1
3
2
2
0
-3
0
0
1
-2
-2
-1
-1
-3
1
0
-2
1
1
1
0
1
-1
-1
1
0
0
0
2
0
0
-1
3
2
2
2
0
1
-2
-2
2
1
0
1
-1
-1
-4
-2
-2
-1
1
-1
-1
-2
1
-1
-1
-4
-2
1
-1
-1
-1
0
-1
-3
-2
0
1
-1
-2
0
1
-1
-2
0
0
0
3
4
5
0
4
3
1
2
3
2
3
1
-2
-1
-1
0
-2
0
-1
1
0
1
3
2
1
-1
-1
-1
-2
-3
-1
-1
0
-1
1
2
1
1
0
0
-2
-1
2
0
-1
-1
-1
-2
0
-1
-2
-2
1
1
0
1
1
2
1
1
2
3
1
1
-2
-1
-2
-3
-1
1
3
1
0
0
2
2
-3
1
1
-1
0
0
-1
-1
-1
-4
-2
-1
0
-2
0
-3
-2
-1
-4
-4
-3
-1
-1
-1
0
1
-2
3
1
1
0
1
2
1
3
0
1
-2
-2
3
0
1
3
2
0
-1
-3
-1
0
0
3
2
2
0
1
0
-2
-3
2
3
0
0
-3
0
-1
-2
-1
-1
0
0
-1
0
-2
-2
-1
-1
2
2
2
2
2
1
1
2
0
0
1
1
3
2
2
3
0
0
0
-3
-2
-1
0
0
0
-1
-2
-1
-2
0
-1
0
0
1
0
0
1
0
-1
-1
2
0
0
0
-1
-1
-1
-1
-3
-1
-1
0
0
-1
1
0
1
0
-2
-1
2
1
-3
0
-3
0
1
-3
-1
1
-2
0
1
-1
-2
0
1
0
1
-1
0
-2
1
0
0
-2
0
2
0
1
2
3
2
-1
2
1
-1
1
0
0
0
-3
-2
1
-2
0
3
1
0
-1
-2
0
-1
-1
1
0
-3
-1
-2
0
-1
0
3
0
-1
0
0
2
1
0
2
4
3
0
2
3
5
3
2
0
-2
0
-1
-2
1
1
0
0
0
-1
-2
-4
0
-1
2
2
-3
2
0
1
0
-1
-1
2
1
1
1
-1
-1
-4
0
-1
-2
-1
1
0
0
-1
1
-1
-2
2
0
0
0
0
-2
1
0
-1
0
-1
0
0
0
-3
-2
-2
-2
0
-2
-1
-2
-3
-1
0
-1
-1
0
0
1
1
2
0
0
0
2
3
0
-1
1
-3
-1
1
-1
-2
3
2
3
3
2
3
1
1
1
1
0
1
1
1
-2
-3
-1
0
-1
-1
0
-3
-2
-3
-3
-1
0
-2
-2
2
2
1
0
0
1
3
4
1
4
3
2
3
4
1
-1
0
-3
-1
1
1
2
3
-2
0
-1
-1
-1
0
2
-1
-2
1
0
-3
0
-1
-4
-1
0
-1
0
-4
-1
0
1
0
-1
0
-2
-1
-2
-1
-2
-3
0
0
1
3
2
0
0
0
4
3
-1
0
0
0
2
1
0
0
1
-1
-1
-2
-4
1
-2
0
-2
-4
-1
-1
1
0
-3
-4
-3
-4
-3
-3
-2
-2
0
2
3
9
4
1
1
3
0
-1
2
0
-1
3
2
1
1
1
1
3
1
-2
1
-1
-1
0
0
0
-3
0
-1
-1
-1
-1
-1
0
-1
-1
1
2
0
1
0
1
0
0
1
0
2
2
2
1
0
0
2
2
2
3
2
2
1
0
-1
0
-2
-2
-2
-2
-1
1
0
-1
-2
-2
-1
-1
-2
1
0
-1
-3
-3
-2
-1
-1
-3
-1
3
0
0
0
0
0
2
0
0
2
0
1
-1
-2
-1
0
-1
-1
2
2
2
0
0
2
-1
-2
-1
-2
-1
-3
0
-1
0
-1
-1
0
-2
1
-1
0
-2
0
0
-4
-1
-1
0
1
4
3
-1
2
1
0
-1
1
1
3
1
1
3
3
0
1
3
4
4
1
2
0
0
2
1
4
4
3
1
-2
-1
-3
-4
-2
-3
-3
-4
-3
-1
-2
-1
-1
-2
-2
-2
1
0
-1
-2
1
1
-1
0
3
1
0
-1
0
0
-1
-1
1
2
2
1
3
2
0
-1
-1
-2
0
-1
-2
-3
-2
-1
0
1
1
0
0
0
-2
-2
-2
-4
-3
1
-1
1
3
2
0
1
0
-1
2
-2
-1
0
0
4
2
4
3
2
2
2
1
1
1
3
-1
1
2
-2
-1
2
1
2
0
-1
2
2
-1
-1
-1
-3
-1
0
0
1
0
2
-2
0
0
0
0
2
2
2
1
-1
1
0
-2
-2
-2
-2
-2
0
-3
-1
0
-5
-1
-2
-2
-1
-1
-2
0
-1
-1
0
0
-2
-1
1
1
2
-2
-2
0
0
1
1
0
-2
0
2
-1
0
-2
-2
1
1
2
-2
-1
1
-1
0
2
2
2
1
1
2
0
3
1
1
1
2
2
4
0
2
1
1
2
0
1
1
-1
0
1
-2
-2
-1
-1
-2
-1
-3
-2
-3
-2
-2
-4
-4
-2
-1
-2
-1
1
0
1
3
0
-1
-2
-1
3
0
0
1
1
3
3
2
2
4
1
1
1
3
1
1
-1
-2
-3
-2
-1
0
0
-3
0
0
1
-1
2
1
0
1
0
-2
-1
1
-2
-1
0
0
-1
-1
-1
-2
-1
-3
0
-2
-2
-2
-1
0
-2
0
1
1
-1
1
2
2
2
2
1
1
-2
-4
0
2
-1
0
1
2
2
2
2
0
-1
1
2
2
1
1
1
2
0
0
2
0
2
-2
0
-1
0
2
0
1
-1
-2
-3
-3
-1
-2
1
-3
-1
1
1
2
0
-2
-2
-2
-1
-1
0
-1
1
0
-1
0
0
1
0
-1
0
0
-2
0
-2
-1
0
0
1
0
-3
0
0
-1
-1
-1
2
1
1
2
0
2
-2
2
-1
-3
-1
-3
-1
0
-1
0
1
2
2
1
2
2
-2
0
-1
0
-1
0
2
3
2
1
2
1
0
1
3
1
2
0
3
1
0
0
0
2
1
-1
1
1
0
2
-1
0
0
-1
-1
-4
-4
-3
-2
-4
-5
0
-1
1
0
-2
0
1
0
0
1
-3
0
2
2
3
0
1
-4
0
-2
0
2
0
-1
-3
-1
0
1
2
2
0
0
0
0
0
-3
1
-1
2
3
1
1
2
-1
2
1
0
1
2
3
3
3
0
2
-1
0
1
1
1
-1
3
3
5
2
-1
-2
0
0
-3
-1
-2
1
-3
-3
-3
-2
-1
-1
1
-1
-1
-3
-3
-4
-1
-2
-2
-4
-3
2
-1
1
2
0
0
0
1
-1
0
2
1
0
-1
-1
-2
0
0
0
1
-1
0
2
0
2
1
3
1
2
0
1
3
4
2
-1
2
3
4
4
3
2
0
2
0
2
1
0
1
1
-2
-2
-2
0
-2
-4
1
2
1
1
0
0
-1
0
2
-1
-1
0
-2
-1
-1
0
0
-3
-3
-2
-1
0
3
-1
-1
-1
-2
-1
-1
-1
-1
1
-1
0
-1
1
2
0
0
2
1
1
2
-3
-3
-3
-3
-1
0
2
-2
-2
-3
0
0
0
0
0
1
-1
-1
1
2
2
0
0
1
3
1
0
2
3
1
1
0
0
-2
-1
2
1
0
2
2
1
2
0
-1
-3
-1
-1
0
0
-3
-2
1
1
0
0
-2
-3
0
1
0
0
1
0
2
1
0
2
3
1
3
3
0
1
1
0
2
1
3
1
-1
1
-3
-1
-2
-1
-1
0
-3
0
-1
-2
-3
-5
-3
-2
0
-1
-2
-2
-2
-2
-1
0
-2
-2
1
-1
0
1
-1
-1
-1
-3
0
1
1
3
1
4
4
4
2
4
4
1
1
0
-3
1
-1
-2
-1
-2
-1
-1
0
-1
0
1
1
2
4
2
4
5
2
1
2
2
0
0
-1
-1
0
0
-3
-3
-2
-3
-2
-1
-1
2
0
-1
-1
-4
-1
0
1
0
0
-1
0
-1
-1
1
0
0
1
1
2
1
1
0
-1
-2
-4
-3
1
-2
0
0
0
1
-1
-1
0
0
-1
0
0
0
-2
-2
0
0
1
2
1
-1
-2
-2
-2
3
1
-1
1
-1
0
-1
0
-2
1
4
1
0
0
2
-1
-1
3
3
1
0
-1
1
3
-1
1
2
0
1
1
0
0
1
5
2
0
-1
3
1
2
2
3
2
-1
-1
0
1
-1
0
1
0
2
0
-4
-4
-1
-3
-5
-1
-3
-3
-1
-1
-3
-2
2
-1
-2
2
0
0
0
-1
2
1
0
3
0
2
2
1
-2
0
-2
-1
-1
-5
-4
-3
0
0
1
1
1
2
0
-3
2
1
0
0
2
0
0
2
-2
0
0
-2
-2
1
4
1
2
-1
0
1
3
3
1
1
1
3
1
2
1
1
2
2
1
1
4
2
0
-1
1
-1
-1
-1
-1
0
0
1
2
0
-1
0
-1
-2
-4
-3
-1
-1
-1
-3
-2
0
0
0
-1
0
-3
-3
0
-1
-2
-2
-1
-1
-2
-1
-1
-2
1
1
1
-2
1
2
1
1
2
2
2
1
3
1
2
0
1
1
-3
1
0
-4
0
3
5
1
0
-1
1
-1
2
2
2
3
1
4
1
0
-4
-2
0
0
2
2
-2
-1
1
1
1
1
0
-1
-4
-1
-1
0
-3
-3
-1
-1
-1
1
2
0
1
2
2
-2
0
-1
1
-1
0
1
0
0
0
-2
-1
2
1
1
2
2
1
1
0
1
2
0
2
3
1
1
3
0
-1
-1
-3
-2
-1
0
-1
-1
-4
-4
-3
-4
-3
-3
-2
-2
0
-1
-1
2
1
1
2
4
3
1
2
5
2
1
2
0
1
1
-2
-3
-2
-1
0
-2
-2
-3
-1
0
1
-1
-1
3
0
-2
1
-2
-1
-2
-2
-3
-2
0
1
-1
1
-1
-1
1
2
3
0
3
-1
-2
-1
-2
-1
-2
-1
0
2
0
0
3
3
2
2
3
2
3
1
2
3
4
3
1
0
0
1
1
-1
-1
1
-1
-1
-2
0
1
-1
-2
-1
-2
-1
1
-2
-3
-1
-1
-3
-1
-1
-2
-1
-5
-3
0
-1
0
-5
-2
1
0
-1
-1
2
1
0
1
-2
-1
2
0
-4
0
1
1
1
1
3
0
1
2
2
2
1
2
2
2
2
5
2
1
3
1
0
1
1
3
2
-1
-1
-3
-2
-1
0
4
3
2
3
3
0
1
0
-2
0
-3
2
-1
-2
0
-3
-2
-4
-3
-5
-3
-5
-3
-2
-1
-2
-3
-3
-3
0
-3
-2
-1
-1
-3
-4
-4
-1
0
0
1
-1
1
3
2
1
2
1
-2
0
1
3
4
4
3
2
2
1
3
1
1
5
2
4
2
2
2
-1
2
-1
1
3
1
1
0
3
1
1
1
0
0
-2
-2
-1
0
0
3
0
0
0
-2
0
-2
0
2
1
0
-2
-3
1
2
0
0
0
-1
-1
-1
0
1
0
0
1
-2
-2
-4
-5
-4
-3
-5
-3
-3
2
0
-1
-3
-2
1
-4
-2
-1
-2
1
1
0
0
1
0
-2
4
2
0
1
1
1
3
3
0
-1
0
0
-1
1
2
1
1
2
-1
2
2
1
2
-1
4
1
0
0
1
2
0
1
1
0
-1
0
2
-2
0
2
-3
-1
0
2
0
0
-1
0
-1
-1
0
5
-1
-3
-3
-2
-1
0
0
-1
0
4
6
1
-1
1
2
0
4
3
2
2
-1
-1
0
-2
0
0
-3
-2
-4
-2
0
-3
-2
-1
-2
0
-4
-4
0
-2
-2
2
0
-1
-1
-1
3
0
-1
0
0
0
1
2
-1
2
3
1
2
-1
1
3
2
1
2
1
3
2
2
2
-3
0
1
0
1
1
0
1
2
2
-2
-3
2
1
0
1
-2
-1
0
1
3
0
-2
0
-2
-2
-2
-3
-2
0
-1
-1
-1
-2
-1
1
0
0
-2
-1
-1
0
2
2
2
0
1
-2
-2
1
1
-1
-1
1
-2
0
2
1
2
2
-2
-3
-2
-1
2
-2
1
-2
0
1
-1
2
2
2
1
-1
1
1
1
2
1
0
1
1
-1
-1
2
2
1
1
1
4
3
2
-1
-2
1
1
-1
-2
-1
0
0
-1
1
-1
-1
-2
-4
2
1
-3
0
1
-1
2
2
-1
0
1
0
1
1
2
4
0
-2
-1
0
0
0
-1
-2
-2
-1
-3
-1
-1
-3
-1
2
0
-4
-2
-1
0
-3
0
3
1
-2
-2
-1
-2
2
2
0
-3
-1
0
2
0
0
1
2
2
-2
-2
0
-1
2
3
1
2
4
3
2
1
0
1
1
1
2
1
-2
-1
0
1
2
1
2
-2
-1
2
1
0
1
1
1
0
-1
1
0
1
2
0
-1
0
-1
-2
-4
0
0
-2
-2
-2
-2
-1
0
0
2
-1
0
-1
-2
-3
-1
-2
-2
-1
-3
-1
0
-2
1
1
-3
-1
2
-2
-1
-2
-1
-2
1
1
-1
2
2
3
2
3
2
2
2
4
4
3
1
3
2
2
1
3
4
1
2
-2
1
2
-1
-1
-1
-3
-2
-3
-2
-4
-1
-3
0
-2
-3
0
-3
-1
-1
1
1
-1
1
-3
-2
0
0
-1
-2
1
1
2
1
-1
-1
-3
-4
-1
1
0
-1
-1
-1
-1
-1
-2
-1
3
3
0
-3
-1
2
-2
0
1
0
2
-1
-2
1
0
2
1
3
3
1
-1
3
1
1
3
0
1
1
1
1
3
4
2
1
1
3
3
0
2
0
0
-1
1
0
-1
3
2
1
0
-2
-2
-5
-3
0
-3
-3
-2
-1
-5
-4
-3
-4
0
0
3
0
-1
-2
-1
3
2
3
1
0
2
1
-1
-1
1
4
-1
0
-1
-3
-1
-2
1
0
0
0
-2
2
0
-1
-2
0
-2
-1
2
-1
-2
-1
-2
-1
1
2
1
-1
0
-1
-1
-1
3
2
1
1
2
4
3
2
1
1
1
-1
-1
-1
1
1
1
1
-2
0
-1
1
0
0
2
1
1
0
-3
1
3
3
2
0
0
3
3
2
1
-3
-4
-3
-1
-2
-3
-1
0
-1
-1
-2
-3
-2
0
1
-3
-1
-1
0
2
2
1
1
-2
-1
1
-1
4
0
-1
-3
0
0
-1
1
-1
0
2
0
-2
0
1
2
1
3
-1
0
0
0
2
-2
-1
-3
-1
-1
3
1
1
1
1
0
0
2
0
1
0
0
-1
-2
1
-1
-1
3
0
0
1
1
0
-3
-3
-3
0
-1
-2
0
-2
-1
-1
-1
0
-2
-4
1
0
2
0
1
0
0
3
0
3
1
0
1
0
-1
1
-1
-1
-1
-2
-1
-2
0
2
2
1
0
-4
0
1
1
3
2
2
3
3
2
3
2
0
-1
2
0
1
0
2
0
1
1
1
-1
-4
-1
-2
-3
-2
-1
1
-2
-1
-1
0
2
0
-3
-4
-2
-1
0
0
2
-1
-1
0
-3
-1
-2
1
1
1
1
0
0
2
1
1
1
1
1
1
-1
-1
-1
-1
1
-1
0
-2
0
0
3
2
1
1
2
-1
0
1
1
3
2
2
-1
3
-3
-1
3
1
1
2
3
2
1
0
1
-2
1
-1
1
1
0
0
-2
1
0
-1
-1
0
-2
-2
-1
-2
-2
-1
-2
-1
-2
-2
-1
0
0
-1
-2
0
0
0
-2
0
0
1
0
-1
3
0
2
-1
-2
0
1
0
1
0
0
-2
0
3
2
1
1
1
0
1
1
1
-2
-1
0
0
1
0
-3
-3
-2
-1
-3
-2
0
1
2
2
1
0
0
2
1
1
0
1
0
-1
0
0
-1
-1
-1
-1
-2
1
0
0
1
0
2
2
1
2
-1
-1
1
0
1
0
1
-1
-1
0
0
0
0
-1
0
1
0
1
-1
2
2
2
-1
-1
0
-1
-1
1
-2
-2
0
-1
0
-2
-3
0
-3
-1
2
2
1
-2
-2
0
0
-1
-1
-1
-1
1
-2
1
0
0
1
-3
-2
0
1
1
0
2
-1
0
3
2
3
-1
1
0
-2
0
-3
-3
-2
-2
0
1
3
3
0
2
1
1
2
-1
-1
0
-1
-3
1
1
1
-1
-2
1
1
1
-3
0
2
0
0
-1
0
-1
1
1
1
1
3
3
2
1
1
1
0
-1
0
3
1
1
3
2
0
1
-1
-1
-1
-1
-1
-1
1
0
-1
-1
1
0
-1
-3
-2
-4
-3
2
1
-1
-3
0
1
-2
0
-1
0
0
-2
3
3
1
2
0
-1
-3
-3
1
1
1
2
3
1
-3
-2
-1
-2
-3
-1
-1
-2
-2
1
1
2
0
1
3
1
-1
1
2
3
3
-1
2
1
1
1
1
1
0
0
1
-1
-1
0
-2
-1
-1
-2
0
1
1
-1
-1
0
-1
3
0
-1
0
-1
0
2
1
2
3
2
0
-1
-1
-2
-4
-2
-2
-2
-2
0
-1
-3
-1
2
0
1
2
2
2
2
1
2
5
0
1
2
0
-2
1
0
0
-3
0
-2
-5
-1
-1
-3
-2
2
-1
-2
2
1
1
2
-1
2
1
1
1
0
-2
-4
-2
-3
-1
1
0
-1
0
2
1
0
0
2
0
0
2
-1
-4
-1
-1
0
2
-2
-3
-1
-3
-1
2
-1
1
-1
1
1
-3
1
2
-1
-1
-1
-3
0
0
0
0
-1
0
0
0
2
2
2
2
1
1
0
2
1
3
0
1
4
2
2
1
1
3
1
2
3
3
0
0
-1
-2
1
1
-1
-1
2
0
2
2
0
-1
-1
-1
-4
-1
-1
0
-2
-1
0
-1
0
-2
-2
-4
-2
-1
-1
1
1
0
-1
0
-1
-1
1
0
1
3
2
-1
2
1
0
-2
-3
-2
5
1
-1
-1
-2
-1
0
-2
-1
-1
-3
-1
-2
-4
-3
-1
-1
0
-1
1
-2
-4
-2
-2
-4
0
3
-1
-1
1
2
2
0
0
0
1
2
1
0
-1
-1
1
2
2
4
3
3
4
3
3
0
1
0
1
3
0
1
1
2
3
-2
0
0
0
1
2
3
2
1
2
1
2
3
1
1
-2
1
0
-1
1
-1
-3
-4
-3
-1
-1
-2
0
-2
1
1
1
2
0
0
0
0
1
0
1
-1
-2
0
-1
-1
-1
-3
-2
-4
-1
1
-3
0
-3
-2
-2
-5
-2
-2
1
-1
-2
0
1
1
1
2
2
0
-2
2
2
3
3
-1
3
0
0
0
-3
-4
0
0
0
0
0
-1
-3
-5
-3
0
1
-4
-6
-3
0
2
2
0
0
1
0
1
0
1
0
2
3
2
2
2
3
2
3
3
3
1
4
1
0
2
1
2
1
1
-1
1
0
2
1
0
1
1
2
-1
0
0
-1
-1
-2
-2
1
-2
-2
-1
-3
-3
-3
-2
-2
-1
-2
-2
-4
-1
1
-2
-2
-3
-2
0
-1
1
2
1
-1
0
1
0
-1
1
2
1
3
2
1
-1
1
1
1
2
2
3
1
2
1
-3
1
0
2
2
0
-2
1
-1
0
2
0
1
1
3
4
2
4
2
1
1
-2
1
0
-2
-4
-2
-4
-4
-5
-4
-2
-4
1
3
-1
-1
-1
0
-1
-1
-2
-1
0
1
0
0
-1
-2
1
-3
-2
-2
-2
0
1
2
0
0
0
-2
-1
0
2
3
1
-1
-1
-1
0
1
2
3
3
3
2
1
0
0
2
3
4
3
2
0
1
0
-3
1
1
3
1
0
0
-1
1
0
0
-1
-1
1
-1
-2
1
1
0
2
0
2
2
1
1
0
1
0
-5
-5
-3
1
1
-2
1
1
0
1
0
1
-3
0
1
-2
-1
-1
0
1
-2
-2
-2
0
-1
-3
-3
-3
0
0
0
0
0
3
4
0
-1
-1
0
0
0
-2
0
0
-1
-1
0
0
-4
-1
1
-1
0
0
-2
-1
0
0
0
-1
0
0
0
1
3
1
0
4
1
0
-1
1
0
1
3
1
2
1
2
0
1
3
2
0
2
2
0
-2
0
2
0
2
0
0
-1
0
3
2
1
0
1
2
2
3
2
-1
0
1
1
0
0
-1
-1
1
1
0
-1
-1
-2
-4
0
-3
-1
0
-1
2
-1
-2
-1
-3
-1
-1
-1
-3
0
1
-1
0
-1
-3
-3
-3
-3
-3
-1
-1
-1
-2
0
-1
-1
-2
-3
-2
-3
0
1
-2
-1
2
2
5
3
6
5
3
4
3
4
3
1
2
-1
1
1
2
0
0
1
-1
0
-2
1
-1
-3
-1
-2
-2
0
0
-2
-2
-1
-2
0
4
1
1
-1
-2
-1
0
0
1
1
0
1
3
0
-1
2
0
2
2
2
4
0
0
1
2
1
-2
0
1
1
0
-1
-2
-3
-2
-1
-2
1
2
1
1
1
0
1
0
1
-1
-2
-3
-3
1
0
0
0
1
1
1
3
1
0
0
3
0
-1
0
1
0
2
0
-1
-1
-2
0
-3
-2
-2
-2
-2
-2
-4
-1
-4
-3
-2
-3
-1
-2
-2
-1
0
-1
1
-1
-3
0
-1
1
1
0
3
2
2
3
1
-1
1
1
0
1
-1
1
-2
1
0
1
5
2
3
2
2
3
3
3
2
2
2
2
-1
-2
1
-1
0
2
1
3
1
-1
-2
1
-2
-1
-1
-6
-8
-9
-6
-6
-3
1
1
4
7
5
1
0
0
-1
4
4
3
2
0
0
-1
2
1
1
4
8
5
3
1
-1
-4
-4
-1
0
-1
-3
-3
0
-1
-2
-1
-4
-3
-2
-2
0
2
3
1
-3
-6
-4
-1
-3
-2
-1
-3
0
-1
-1
0
0
0
-1
0
4
0
-3
-3
-2
-1
-1
-3
1
3
3
4
3
0
1
0
2
0
0
3
-1
-3
-2
0
-2
0
1
1
0
1
0
0
0
-1
0
3
3
1
1
1
1
0
0
2
2
1
2
3
1
1
1
-2
0
0
1
-1
-1
0
-2
0
2
1
1
3
2
1
-2
-3
-2
-1
-3
-4
-2
-2
1
-2
-3
-2
0
-1
-2
-1
0
0
-1
2
1
-2
-2
0
-1
0
1
-1
-1
-4
-2
0
-1
0
-3
1
1
0
1
2
-3
0
1
-2
3
0
2
2
1
3
1
0
2
3
0
0
-2
0
2
0
-1
0
0
-1
-2
-3
-1
-2
-3
-3
-1
-1
2
1
1
2
2
0
2
2
1
0
-1
0
-1
4
3
2
-1
-3
-3
-3
-2
0
1
1
0
-1
0
0
-2
-1
0
-1
2
3
-2
0
-2
-3
-3
-2
-4
-1
0
0
0
-1
-2
-1
-2
-1
0
0
1
-1
1
1
2
0
-1
1
-2
0
0
0
0
-2
2
2
0
0
1
-2
1
1
3
2
1
-2
0
4
1
3
0
0
1
1
-1
-3
1
0
1
0
-1
0
-4
-1
0
1
1
1
0
-1
1
2
0
0
1
-1
-1
0
0
0
2
1
2
1
1
1
-2
-3
-2
0
0
1
2
1
-1
-2
-2
-3
0
0
2
-1
-4
0
0
-1
1
1
-1
1
0
-1
0
0
1
3
1
-1
-1
1
2
0
0
-1
0
1
-2
1
-2
1
1
-1
-2
1
0
-1
0
-1
-1
2
0
1
-1
-1
1
0
0
-1
0
2
2
1
2
0
0
-1
1
2
3
-1
-1
-1
-1
1
0
-1
3
2
1
4
1
-2
-3
-2
-3
-2
-3
-2
-1
0
-1
0
3
3
1
-2
-1
-2
-1
0
-1
-4
0
1
2
1
1
2
0
1
1
1
0
2
1
-2
-3
-1
0
0
2
2
2
2
3
0
2
3
-1
0
0
-1
1
2
0
0
2
-1
-5
-3
-3
-2
-2
-4
-1
-1
0
-1
1
1
0
1
0
1
0
-1
1
2
1
-1
0
0
1
-1
1
0
-1
-3
-2
-3
-2
2
0
-1
2
0
-2
0
-3
0
3
2
-2
-2
0
3
3
0
-2
1
2
3
3
2
2
1
0
1
0
2
2
1
1
0
0
1
-1
-2
-1
1
2
1
-2
1
2
0
2
1
-1
0
-2
-2
-1
0
1
-1
-1
1
0
-1
0
0
-1
0
-1
-2
-1
-1
2
0
-2
-4
-3
-2
-2
0
0
0
0
2
-1
1
0
-1
0
0
0
-2
-2
0
-1
1
2
1
0
0
0
0
2
-1
-3
0
0
1
1
0
2
3
1
0
3
2
-1
-3
-1
2
-2
1
5
2
-1
-1
-2
-2
1
0
-2
1
2
2
-1
-3
1
1
1
0
-5
-3
1
-1
-1
1
1
1
1
-1
3
0
2
-1
1
1
0
1
1
-1
-2
1
1
2
2
3
3
1
0
3
1
0
1
0
-1
0
-2
-1
-1
1
3
1
1
-1
1
-2
-1
-1
1
-1
-4
-4
-3
-2
-4
-1
-2
-2
-1
-3
0
-3
-1
-2
-2
-1
-2
-1
-1
0
0
-1
0
-1
0
-1
-3
-1
-3
-1
0
0
2
1
2
2
4
2
3
2
0
0
2
2
0
5
1
1
3
1
4
2
1
4
2
3
3
1
0
-1
1
-1
0
-2
0
-2
-2
-1
-2
1
0
-1
-1
0
1
-2
0
2
-1
-4
-1
-3
-2
-2
-2
-3
-4
-2
-2
-3
-1
0
0
1
-1
0
0
0
0
1
2
2
2
5
1
1
3
1
2
1
2
2
0
2
2
4
2
3
2
3
0
0
2
0
-1
-5
2
-1
-2
-1
0
0
0
-2
-3
-1
-2
-1
-2
-4
-2
-4
-2
-2
-2
-2
-1
-1
1
2
0
0
-1
-4
-4
-2
1
4
-1
0
-2
0
1
1
2
0
3
2
-1
1
-1
1
2
2
2
0
0
-1
-1
-2
1
1
-1
0
0
1
-1
3
1
0
1
2
2
3
5
0
2
2
-1
-1
4
4
-1
2
1
1
2
4
4
2
1
1
-3
0
0
-2
-3
-2
1
-1
-1
-1
-2
-1
-3
-3
-5
-3
-2
-3
-3
1
2
-1
-2
-2
-1
-1
-2
-3
-4
-3
-2
1
-1
3
1
-1
2
0
-1
0
2
1
1
-2
2
3
2
0
-1
-2
-4
-2
-1
0
2
-1
0
-1
1
-1
-2
1
1
1
1
2
3
4
3
2
2
4
5
7
3
2
3
1
0
1
0
1
1
1
-1
-1
3
2
3
0
1
-1
-1
-2
-2
-4
-4
-3
-3
-2
-3
0
-1
1
0
-1
1
2
2
-1
3
-1
-2
-1
1
1
-2
-2
-2
2
1
-1
2
1
2
2
1
-1
-3
1
-2
2
0
0
-1
-2
-2
-3
-2
-5
-2
-2
-2
-2
-3
-3
-2
-2
0
1
-2
2
2
3
0
2
2
0
1
2
-1
2
-1
0
1
1
0
1
3
3
3
0
1
1
1
3
1
-1
0
2
1
2
0
0
0
-1
-3
-3
-3
-5
-3
-2
0
0
1
0
0
2
3
2
2
3
4
3
0
1
0
-2
1
1
0
1
1
3
0
0
1
-2
0
-1
-4
-1
-1
-1
-2
-2
-2
-1
1
2
1
1
0
-2
2
2
2
1
0
3
2
-2
-1
-1
1
0
-1
-1
-2
-2
-3
-1
0
1
2
2
0
-1
-2
-2
0
-2
-3
3
1
-1
-1
0
0
-1
1
1
0
0
-1
-3
-2
1
-3
-2
-1
-1
0
-2
-2
-1
-2
-1
0
0
-1
2
2
1
2
2
1
1
1
2
1
1
5
3
2
2
3
2
2
2
2
1
3
2
0
3
-1
0
4
3
1
-1
-1
-1
-3
-3
-2
-4
-2
-2
-3
-3
-1
1
-2
-1
-1
-1
0
-3
-4
-4
-2
3
3
2
3
1
1
3
2
1
1
-1
4
3
3
4
1
0
-2
-1
0
0
0
-1
-3
0
0
-1
-2
-1
-1
-2
2
1
2
-1
-3
-1
1
1
0
-2
-1
-1
-2
1
-1
-3
-3
-1
-1
-1
-1
0
0
0
0
-2
0
0
0
1
2
1
0
0
0
1
1
2
1
1
4
2
-2
0
-2
1
3
-2
-2
-2
1
0
1
1
2
0
-2
0
0
-1
2
-1
0
4
2
3
0
-1
-1
1
-2
-2
1
2
1
0
2
-1
-3
-1
0
4
0
-4
1
-1
-1
1
-2
0
2
1
2
1
-1
1
-1
-3
-1
1
1
0
-2
2
-2
-2
-1
-1
-2
-1
0
-3
-1
2
0
-2
0
-1
-3
-1
-1
1
3
1
0
-2
0
-5
-1
-1
1
2
0
2
-2
0
2
3
3
1
-1
1
2
0
2
2
1
2
3
1
4
3
2
2
0
-1
2
2
0
-1
-2
-1
1
-1
-4
-2
-3
-1
-2
-2
-2
-1
-4
-1
2
0
0
-2
-3
1
-1
-1
2
-2
-1
-1
-1
-3
1
-1
1
3
0
0
-1
1
-1
2
4
2
1
0
0
0
0
1
0
-4
-1
2
2
3
1
0
-2
1
0
-2
0
2
0
2
-1
0
0
-3
-3
-2
-1
0
0
-3
-4
0
0
0
3
-1
0
1
-2
-1
2
1
0
-2
1
3
-1
3
2
1
1
1
-1
-3
-1
-1
-2
-1
0
0
1
2
2
3
2
2
2
1
2
2
-1
-3
-1
-2
-2
-1
-2
-2
-3
0
-1
-2
0
-1
-1
0
0
1
-1
-2
0
2
0
1
1
1
3
3
2
2
1
1
0
-1
0
1
-1
-1
-1
-1
0
0
0
-1
-1
0
0
0
0
0
0
-1
0
-3
-2
0
-2
1
2
4
4
2
3
0
1
3
1
3
1
1
-1
-1
1
1
1
0
0
-1
-2
-2
-2
1
-2
-3
-1
0
0
2
-2
-3
-2
-3
-2
0
1
-1
1
2
-1
0
0
0
-2
0
-1
1
2
1
3
5
3
3
2
0
-1
1
1
0
0
-2
-2
-2
-1
2
1
-4
-3
-1
-3
-1
-1
2
0
-1
-1
0
-1
-1
-1
-4
-1
0
1
-2
0
1
2
1
1
1
1
-1
-2
0
0
0
1
3
1
3
3
1
0
-1
-1
1
1
0
2
1
0
0
0
2
0
0
2
-1
-1
1
1
3
2
0
2
1
2
0
-2
0
0
0
-2
0
-1
-3
0
-2
-1
-2
0
0
-1
0
2
3
1
-1
-1
0
-2
3
1
0
-2
0
-4
-2
2
-1
-1
-1
1
-1
-1
-1
0
2
0
-1
0
0
0
-1
-3
-1
1
1
0
1
0
1
-1
-2
-1
0
-2
-1
-1
1
2
3
1
2
2
0
0
0
3
4
3
0
0
-4
-2
-2
-3
-3
-1
-1
-1
-1
-1
-3
0
-1
0
3
-1
3
-1
-1
2
1
0
-1
-1
-1
2
3
0
-1
1
2
1
1
1
0
1
4
1
1
2
4
4
1
0
-1
0
0
0
0
-1
-1
-2
-1
-2
-3
-1
1
-2
1
1
-1
0
0
-2
-1
-1
1
-1
3
4
2
3
0
1
-1
2
1
-1
-1
-2
-2
-1
-2
0
-1
0
1
3
1
-3
-1
-1
-3
3
0
-2
0
-2
0
1
-3
0
2
2
-1
-2
-1
-3
-5
-3
-4
-3
-3
-4
-4
-1
1
0
-2
-2
-1
-1
0
1
1
1
2
2
1
2
4
6
5
2
3
6
2
2
2
2
3
0
0
2
1
5
5
4
2
0
1
0
1
-1
0
1
1
1
0
-4
-1
-3
-4
-1
-1
-1
-5
-2
-7
-4
1
0
0
-1
1
1
0
-1
0
-1
0
-1
0
2
1
1
0
1
1
2
2
3
3
2
2
0
0
0
1
0
1
-3
-1
-2
-4
-4
-5
-5
-5
1
0
-2
1
-1
1
1
-1
2
0
0
0
2
4
-1
0
-4
-4
-3
-1
-3
-3
-4
-4
0
-1
-3
-2
-1
-1
-1
-2
-1
3
-1
2
2
1
2
1
6
4
1
3
2
-1
1
3
3
2
0
1
1
3
0
1
1
1
3
1
2
2
1
2
3
3
2
2
-1
3
2
0
3
0
1
1
-3
1
0
-2
-1
0
0
1
1
0
-1
1
-1
-1
-1
-3
-1
-1
-3
-4
-3
-3
-2
-4
-5
-2
-5
-4
-4
-4
0
-1
-2
-3
1
-2
-3
-3
-2
0
1
2
1
-2
1
-2
-2
0
0
2
4
2
0
3
3
1
-2
1
1
1
2
1
2
2
0
0
-1
0
3
4
4
1
2
1
1
3
2
1
-2
0
1
3
2
2
1
3
1
1
2
3
2
1
2
-2
0
2
-1
0
0
0
0
-1
-1
-4
-3
-2
-6
-2
0
-1
0
-1
-1
0
1
1
1
0
-1
2
-1
-3
-2
-2
0
0
1
2
-1
0
1
-1
-1
-1
0
1
1
1
-3
-1
1
-1
2
0
-1
-2
-1
-1
0
1
2
3
2
1
-2
-2
0
-2
-2
1
1
0
2
4
1
-1
2
2
0
1
-1
1
3
-1
0
1
-2
-1
-2
-2
-4
0
1
-1
1
-1
-1
-3
-1
-1
-2
1
-1
-2
0
-1
1
1
1
-2
-1
1
-3
-2
0
0
2
3
0
2
2
0
1
0
2
-1
1
2
0
1
1
2
1
0
0
0
1
-2
0
3
-1
-2
1
0
1
0
-2
1
-1
0
-1
-3
-2
-1
0
-2
1
-1
1
-1
-3
-1
2
1
1
-1
0
0
-2
0
1
1
0
-2
0
-2
0
2
-2
1
2
0
1
0
3
3
1
5
4
4
3
1
2
3
2
-1
-1
-1
0
-2
1
2
1
-4
-5
-3
-3
0
1
2
-2
-3
-2
0
0
0
0
0
-2
0
-3
-4
-2
-3
-2
-2
-2
0
0
-5
-1
1
2
3
2
3
2
2
1
-1
-2
-1
2
-1
0
-1
-2
-1
-1
3
0
-1
2
3
-3
1
-2
-3
-3
-6
-3
-3
-2
-2
1
-1
1
2
0
3
2
1
2
1
1
-2
-1
3
-1
0
1
1
0
3
4
5
5
4
4
2
0
-2
0
2
2
0
-2
1
-1
1
-2
-2
0
-1
-2
-2
1
1
-2
-2
0
1
0
0
0
1
-2
-4
-2
-1
-2
-1
1
0
1
0
0
-2
1
-1
0
1
1
0
-1
-1
-1
1
4
1
-1
0
-3
0
1
0
1
-1
-4
-1
-1
0
0
1
1
-1
1
0
-1
2
2
1
0
-1
-1
0
0
-1
1
0
1
0
2
2
2
2
-1
-1
-1
-1
-2
0
-1
-1
-2
1
-1
-1
-1
-1
-1
-1
-1
0
2
-1
1
1
2
1
-2
-1
-2
1
-1
-2
-3
-2
1
-1
0
-1
-1
1
1
2
2
0
0
3
5
4
5
5
4
2
1
2
-1
-1
0
0
0
0
-1
-2
-3
-4
-1
0
1
0
0
-4
-2
3
1
-1
0
0
1
0
1
-4
-3
-1
0
-1
0
2
0
4
2
2
3
3
0
1
2
2
1
0
-1
-3
-1
1
-1
-2
-4
-2
-4
-2
1
-1
0
-1
2
-1
-2
-1
0
-4
-2
1
2
1
-1
-1
2
1
0
2
0
0
-1
1
-2
0
0
1
1
1
2
-3
0
1
-3
1
0
3
1
2
0
-2
3
2
2
1
-1
0
-4
-2
0
-4
-1
2
-2
-1
0
0
3
2
1
1
2
3
2
0
-1
-3
-5
-4
-5
0
0
-1
-1
-3
-1
-1
2
2
7
7
4
8
3
2
3
-3
2
-1
-1
-1
0
-1
-3
-2
1
4
2
2
0
2
0
-2
0
2
2
0
-3
-4
-4
-10
-6
-4
-4
-3
-3
-2
-2
0
1
3
2
1
1
1
2
2
1
-3
0
2
0
-1
-1
-1
-1
-1
4
-1
0
3
2
-1
3
4
-1
3
1
-3
-1
1
-3
1
-1
-1
-2
0
4
-1
2
4
2
6
5
3
0
2
4
2
3
4
0
-2
-4
-4
-1
0
-2
-2
-1
-2
-2
-2
-1
0
-3
0
4
4
-1
-2
-3
-5
-5
-2
0
-1
2
-1
-1
-2
-2
3
0
-2
-2
1
2
1
2
0
-4
0
0
1
1
1
-1
0
1
1
1
4
5
4
6
4
4
2
0
-1
3
5
-3
-2
-1
1
0
0
-1
-2
-1
-1
-2
0
-2
-5
-4
-5
-3
-4
-4
-2
-4
-4
-3
0
0
1
0
2
0
2
2
0
3
4
5
4
3
7
5
1
0
0
1
0
-1
1
1
-2
2
1
3
1
-2
0
-1
-3
-2
-1
-1
-2
-3
-2
-3
-1
-4
-4
-4
-2
-1
1
-4
-5
0
2
-2
-2
-2
-1
2
-2
1
1
-2
0
2
3
2
-1
5
6
-1
-2
2
6
5
0
-2
5
4
-5
-5
4
7
3
-4
-2
0
3
3
0
2
0
2
0
2
5
2
-2
0
3
0
-4
-1
-1
-9
-5
-1
1
-3
-7
-4
-2
1
-1
-3
-1
0
-1
1
2
2
-1
-4
-9
-4
-1
1
0
-2
-1
0
3
0
0
-2
-3
-1
1
2
4
-2
-6
-2
-1
3
0
-1
1
-1
1
1
3
3
2
6
5
1
5
7
3
-4
-2
-1
1
0
1
1
0
0
-3
1
-2
1
6
5
2
0
-3
-4
1
0
2
2
4
2
-5
-3
0
1
1
1
4
3
-1
-1
-2
-2
-1
3
2
-2
-3
1
0
-4
-2
-2
2
4
-1
-5
-4
-3
-2
-2
-5
-2
1
-3
-5
-1
1
3
0
-2
0
2
2
1
0
0
0
-1
3
1
-4
-5
0
1
-2
-3
-1
3
-3
-7
-2
2
3
0
3
4
5
7
6
1
2
5
2
-2
-2
1
0
1
0
-1
-4
-4
0
0
-2
6
10
2
-2
0
5
2
3
-1
-2
0
-4
-2
-3
-3
-4
-2
-4
2
5
-1
-1
-2
-3
-4
0
3
-1
-3
-1
2
1
0
0
1
3
3
0
2
5
3
-3
-2
2
8
3
-4
0
2
0
-8
-6
1
-2
-7
-10
-3
1
5
-1
-7
1
12
8
-6
-4
-2
-11
-15
-3
14
18
1
-3
-12
-19
0
17
15
1
-4
2
8
7
5
0
-8
-7
4
0
-6
0
0
-12
-14
-3
4
0
-3
3
7
2
6
12
14
6
-1
5
16
7
-8
-7
4
9
-1
-6
-1
6
2
-6
2
15
11
-6
-9
-1
0
-2
-2
-1
0
-3
-5
-16
-25
-14
-4
3
7
12
6
-11
-10
1
-3
-8
-7
-11
-19
7
49
43
-14
-55
-47
-15
9
17
18
-9
-21
5
25
30
18
0
-18
-13
10
27
25
3
-31
-50
-19
24
27
5
5
16
-3
-11
20
39
7
-2
33
35
-16
-28
-1
-6
-21
-9
-4
-12
13
23
-23
-42
32
68
-2
-36
16
33
-10
-9
7
-28
-40
5
5
-33
-7
32
-22
-80
-18
62
46
2
-7
-14
-6
35
44
-17
-50
-8
24
-5
-29
-17
-1
-3
-13
-24
-23
2
33
28
-6
-9
17
30
4
-29
-20
20
29
-10
-40
-21
11
10
-11
-18
-1
33
37
-1
-31
-9
37
46
3
-20
3
19
-1
-16
-5
10
15
10
-13
-28
-8
25
21
-19
-35
-5
34
30
-3
-24
-9
4
-8
-6
5
4
-3
-5
-12
-4
6
3
7
19
14
-10
-12
7
13
15
6
-19
-23
-6
-1
5
17
1
-25
-13
12
7
7
14
7
0
-7
-19
-6
25
8
-24
-7
14
-14
-26
0
8
4
15
9
-14
-9
0
0
8
7
-13
-15
2
-7
-19
-8
7
-1
-8
-8
-2
9
17
12
-2
-8
2
12
0
-10
11
19
-12
-17
14
9
-12
0
4
-9
2
21
4
-28
-9
24
17
-9
-4
11
6
2
-2
-11
6
30
10
-27
-12
16
10
-9
-10
-10
0
12
-1
-14
0
10
-1
-3
0
3
12
6
-16
-15
10
22
-6
-30
-14
12
19
-3
-18
0
15
-2
-12
9
17
1
-4
3
-1
-9
0
12
-3
-19
-3
12
3
-6
-1
2
-3
1
11
5
1
8
2
-20
-12
14
8
-14
-7
7
-4
-11
-2
0
0
7
6
-2
2
7
-4
-10
4
4
-7
-4
7
10
6
1
-2
-4
1
6
4
-3
-8
-1
7
-1
-11
-4
3
-3
-5
-2
0
-1
3
1
-2
-2
2
3
1
-4
-1
-2
0
5
0
-1
2
1
-2
0
6
-1
-2
3
1
-1
3
9
-3
-7
2
6
-4
-4
6
4
-1
-1
0
-4
-1
3
4
-3
-9
-4
2
3
3
-3
-7
0
5
1
-2
0
1
3
3
3
-2
-5
-2
2
4
1
-2
-1
5
4
-1
-1
3
3
0
1
-2
0
3
5
3
1
1
0
-1
-4
-1
3
-2
-5
-2
2
0
-1
-1
1
2
-3
-1
1
3
1
-5
-4
-2
1
-2
-1
1
-4
-6
-1
1
-1
-2
-3
-3
-1
4
2
1
-1
-4
-3
0
2
-3
-4
-1
0
0
0
0
1
1
1
4
7
5
1
1
4
4
1
-1
2
3
1
0
-2
1
5
-2
-1
2
2
-6
-5
-1
-2
1
0
-1
-2
-3
2
0
-5
-2
0
-3
0
0
-2
1
3
2
-1
2
3
1
-2
-4
0
0
2
-1
-8
0
7
4
0
1
0
-4
0
2
5
3
-1
-4
-3
4
3
1
-2
-2
2
3
-2
-7
0
10
2
-6
-6
0
3
3
3
-1
-3
-3
-1
2
-2
-4
-5
-3
1
2
3
-1
0
3
4
2
-1
6
5
5
1
-3
0
4
4
2
0
-2
4
2
1
1
1
2
0
-3
-5
-1
1
-3
-4
-5
-3
-3
-4
-6
-5
0
-4
-8
-5
0
1
-5
-3
-1
2
2
-1
0
0
2
2
1
-2
0
0
0
1
-1
2
-1
-3
-2
-2
0
1
1
0
0
2
2
2
4
2
2
6
5
3
1
0
2
-1
4
2
0
1
0
0
1
-1
0
4
2
1
1
1
1
2
0
-2
-1
0
2
1
0
1
3
1
-1
0
-1
-1
2
0
-5
-3
-2
-1
1
1
-4
-2
0
0
-3
-1
-1
-3
0
-2
-1
0
0
-2
-1
0
1
0
-4
-2
2
1
-4
0
2
-1
1
-2
-2
-3
0
0
-3
0
3
0
-2
0
-2
-3
-2
0
2
3
2
2
2
3
3
1
-1
1
0
-3
-2
1
-4
-2
-2
0
-1
0
0
3
4
2
4
2
5
0
1
-2
-2
-1
-4
-1
3
2
-3
-2
0
-1
2
2
-1
-2
2
3
1
-1
0
4
3
3
3
1
0
1
2
2
0
-1
-2
-2
-3
0
-2
-1
-2
-1
-1
0
0
0
-1
-2
0
1
2
-2
-2
-3
-2
-2
0
0
-2
-2
-3
-1
-5
-3
-3
0
1
-1
-1
1
1
-3
0
3
2
1
3
-1
-1
1
-4
-1
0
-1
0
-1
1
1
3
2
1
-1
1
3
1
0
3
3
3
-1
-3
0
0
1
-1
-2
-2
1
0
0
3
0
1
3
4
1
1
1
2
2
1
0
1
0
1
2
0
-1
-1
-1
-1
0
3
-1
1
2
-1
1
-2
-2
-3
-2
-2
-2
-3
-5
-5
-1
-1
-3
-2
-4
0
2
-1
0
0
-2
0
-1
-3
-2
-2
0
0
0
4
2
-2
1
0
-2
4
3
0
-1
1
-1
1
4
3
-1
0
-1
0
1
4
-1
-1
1
-1
3
3
0
-1
-1
-4
0
0
1
0
-1
0
-2
-3
-3
0
-2
3
2
0
1
1
-1
-1
7
0
-3
-1
0
-1
0
3
-2
-1
4
1
-2
-2
-2
-1
-3
-1
-1
-2
-3
-4
0
2
0
-2
1
4
1
2
0
-1
1
2
-1
1
2
-2
-3
0
-1
0
2
2
1
2
4
0
-1
0
0
-1
-2
-1
1
0
-2
-2
0
1
0
2
0
0
1
0
-1
1
0
2
0
-3
-1
-1
1
-3
-2
-1
-1
0
2
1
-1
0
-2
-1
-1
1
1
-1
-5
-4
1
1
2
-2
-4
-1
5
2
-1
2
5
2
-6
0
4
2
1
3
2
1
0
0
0
-1
-1
1
2
-5
1
0
-2
-1
-2
0
0
1
2
1
-3
2
3
-3
-3
3
3
0
-1
0
-1
-1
1
-2
-3
-2
3
2
-2
1
1
-2
1
3
-4
0
5
4
1
-5
-2
0
-1
0
0
1
2
0
-4
-1
1
0
-2
-5
-4
0
2
2
3
1
1
0
1
4
4
2
1
2
-5
-7
1
2
2
-2
-1
3
4
-1
-3
-1
3
2
-2
-1
-3
-4
-2
-4
-2
0
1
1
4
3
0
-1
0
-1
-2
3
6
1
-2
-3
-1
-1
-4
-3
-1
-1
3
1
-1
-2
-1
4
3
3
2
4
4
1
2
3
1
1
-2
-4
-1
-1
-2
-1
-5
-3
1
0
0
-2
0
-1
0
1
-2
-1
1
-2
0
-1
2
3
-1
-2
-3
0
1
-1
2
3
3
1
1
4
2
1
0
-2
-3
0
0
-2
-4
3
1
-1
1
0
-3
0
2
-1
-3
4
2
-6
-2
-4
-4
-4
0
0
-1
-1
-1
-1
-1
-1
-2
0
4
4
2
2
2
2
3
3
5
4
5
2
-1
3
4
1
0
1
-1
-1
-1
-1
-2
-4
-4
0
-1
-2
-1
-1
0
1
2
2
0
-2
2
2
2
1
-1
0
0
2
1
1
-2
-4
-2
-2
-2
-3
-2
1
1
1
0
-1
3
2
0
0
1
5
2
1
2
0
2
-2
-2
-1
-3
-3
-3
-3
0
3
-3
-1
3
-2
-3
0
3
1
-2
4
5
-2
-2
-1
-1
-1
-1
-1
-1
-2
-1
0
1
0
-2
1
-2
-2
0
-2
0
-3
-2
-1
0
1
0
2
0
-1
-1
0
0
0
-1
-1
-1
-1
1
2
1
-1
0
2
5
0
2
2
-2
0
4
5
4
3
3
0
1
4
6
0
2
4
5
2
0
0
-3
-4
-3
-2
-2
0
-5
-3
-3
-3
1
1
1
-1
1
2
3
1
-1
-1
-2
-1
-5
-2
0
0
2
-1
-1
-1
2
1
1
-2
0
0
-2
-2
-1
-3
-3
0
-4
-3
0
-1
-4
-2
-3
-2
-1
-4
-1
-3
-2
-4
-3
-1
2
4
1
2
0
0
3
2
1
1
5
4
7
3
1
3
2
4
3
3
2
-2
0
2
0
1
4
2
1
3
2
1
1
3
0
-1
0
-2
1
-1
-1
-1
-2
-3
-4
-1
-3
-3
-3
-3
-2
2
0
1
-1
2
2
-2
-1
-2
1
-2
2
-1
-4
1
1
-2
-1
0
-1
-1
-1
1
2
2
5
2
-3
-3
2
-2
-3
-1
1
2
0
3
2
1
1
2
2
1
0
2
0
0
6
4
0
-2
-1
-2
-2
0
1
4
-1
-1
0
-2
0
-3
0
0
0
-4
0
4
-6
-11
-6
6
-1
-4
0
-3
-2
-1
1
1
2
4
-2
-2
3
3
-2
-5
4
4
0
2
2
5
4
2
0
0
1
-1
-3
-3
-2
-3
0
1
-1
-1
2
2
1
5
4
2
3
2
0
-3
1
0
-2
-3
-2
-2
-2
-1
-1
1
2
1
-1
0
0
0
0
2
4
3
0
