-5
-2
-3
-1
1
4
5
5
6
7
10
9
7
7
5
2
-5
-13
-21
-31
-45
-59
-71
-76
-76
-79
-76
-77
-73
-62
-44
-25
-10
11
26
43
64
80
92
110
124
134
145
154
163
176
176
177
177
169
162
159
147
131
115
94
70
48
22
-2
-28
-46
-67
-91
-106
-119
-130
-144
-157
-172
-181
-186
-194
-198
-209
-214
-208
-205
-193
-181
-174
-156
-136
-112
-88
-65
-41
-23
-5
14
28
39
48
57
62
66
71
71
72
71
70
71
67
62
61
55
48
41
36
31
24
19
17
16
14
14
16
19
19
20
24
23
26
26
26
25
25
28
31
38
45
46
48
49
51
49
49
48
41
37
31
28
24
18
8
2
-1
-2
-5
-7
-8
-11
-10
-15
-21
-19
-18
-18
-17
-17
-16
-14
-11
-7
-4
0
0
0
-1
-1
1
1
0
4
3
2
1
1
-1
-4
-5
-9
-13
-15
-15
-17
-19
-20
-24
-24
-25
-26
-27
-29
-29
-29
-30
-28
-28
-25
-24
-22
-18
-19
-11
-11
-10
-9
-5
-4
-5
-1
2
5
4
8
7
7
10
8
11
14
14
17
19
20
19
17
17
16
16
17
18
17
15
16
15
16
16
13
15
11
11
11
6
6
5
5
4
2
4
2
1
3
2
2
4
3
3
-1
-1
-2
1
2
2
3
2
0
-1
2
-1
0
0
-4
-4
-4
-4
-4
-4
-5
-5
-8
-8
-7
-9
-9
-7
-8
-11
-10
-11
-11
-11
-10
-6
-7
-7
-7
-8
-6
-5
-3
-4
-2
-1
-2
0
-1
3
3
1
1
-1
2
3
5
2
2
3
1
-1
0
-2
-2
-4
-4
-3
-2
-4
-3
1
2
5
1
4
4
3
5
5
5
7
6
8
8
8
8
8
6
6
7
5
6
6
5
0
5
6
4
3
4
1
1
-1
0
0
-1
-1
-3
-1
-2
-1
1
0
0
-2
-2
-2
-2
-1
2
1
-2
-1
-1
-2
-3
-5
-6
-5
-2
-2
-4
-3
-2
-5
-6
-4
-5
-5
-6
-7
-4
-5
-3
-1
-3
-3
-1
-2
-4
-1
3
2
2
3
2
2
-2
-1
1
1
2
4
0
0
-1
-2
1
-1
0
-1
-2
0
-2
-2
-2
-2
0
1
-1
-1
3
2
-4
0
-2
0
2
2
1
-1
1
0
0
1
3
4
2
2
5
4
4
4
2
6
6
7
9
7
3
2
3
3
1
-1
-1
-4
-1
-1
-1
0
-1
0
-1
-2
-3
2
2
1
-1
1
-3
-3
0
-4
-4
-2
-1
-2
0
-3
-5
-3
-2
1
-2
0
2
-1
-1
-4
-2
-2
-2
-1
0
-2
-1
0
-3
-1
-1
-2
-2
-2
-4
0
1
0
-1
-3
0
-1
-1
2
0
2
2
0
0
-1
-2
-3
-2
-1
2
0
-1
3
3
1
1
3
1
3
2
3
2
1
2
0
0
2
1
-1
0
1
1
1
-1
-2
-1
2
2
1
1
1
1
3
1
0
1
0
1
2
-1
3
2
0
0
1
0
0
0
-2
-2
-3
-4
-3
-2
-3
-2
-2
-3
-3
-1
-2
0
-1
0
-1
-2
-3
-2
-5
-2
2
-2
-3
-1
1
-1
-1
0
2
1
2
1
0
-3
0
1
2
4
3
2
1
0
2
2
0
2
0
-2
-1
1
2
1
0
1
2
2
3
1
-1
0
1
1
3
4
3
0
0
0
2
1
1
5
2
1
1
0
-1
-1
-4
-5
-1
-1
0
-1
-3
-2
-2
0
-2
-2
-2
-4
-2
-1
1
2
0
2
2
5
3
2
4
2
-1
-2
-1
-3
0
-2
-3
-4
-1
-1
1
1
-1
0
-2
2
1
0
0
-3
-3
-2
-2
-4
-2
-1
-2
2
0
-1
0
1
0
-1
-4
-1
2
3
3
2
-1
0
2
4
3
4
3
4
4
2
2
1
2
1
1
2
0
-1
-1
2
2
0
1
0
-3
-3
0
-1
-4
-2
1
0
-1
1
0
-3
0
2
-3
-3
2
-1
-1
2
1
-2
-2
-1
3
2
1
2
1
1
0
1
-2
-1
-1
-1
1
2
0
-3
1
-1
-1
-1
1
-1
-2
-1
0
-1
-1
-1
-3
-1
-1
0
-2
0
0
-2
-1
2
2
0
1
1
-2
-3
-2
-1
-2
2
2
3
0
1
3
-1
1
2
0
1
3
1
1
1
1
0
-1
0
1
2
5
2
3
1
2
3
0
1
-1
-2
0
0
-3
-2
1
1
0
1
1
-1
0
0
1
-2
-2
-1
-1
-2
-3
-1
-1
0
0
1
2
0
-1
0
0
0
-3
-2
-1
0
2
1
1
2
0
0
-2
-2
1
1
3
1
1
-1
-2
-2
-1
-2
-1
-1
1
1
-2
-1
-3
-1
0
1
0
0
-1
-3
-2
-1
0
1
3
1
1
1
1
2
1
1
-1
-2
2
0
2
-1
-1
-1
-2
0
1
-3
-2
-1
0
1
1
1
-1
0
1
-1
2
1
0
0
-2
4
2
3
2
2
1
0
1
1
-1
0
1
-2
-2
0
-1
0
2
2
-2
-3
-1
1
1
0
2
-1
-1
1
1
2
0
-3
-2
1
2
2
0
0
3
0
-2
1
0
-2
0
1
-2
-1
-3
-3
-2
0
0
-3
0
-1
-2
-2
-5
-5
-3
-3
-2
-3
-5
-2
1
-2
-2
1
-2
-1
-2
-1
0
-1
-1
0
4
4
1
2
4
7
5
4
1
4
1
1
0
0
2
0
4
4
3
3
3
1
0
0
0
1
2
3
0
-1
-3
-3
-1
1
-3
-2
-2
-3
-1
-2
0
0
0
0
2
2
1
1
1
2
1
2
1
1
-1
-2
0
-2
0
-1
3
2
0
0
0
-1
0
-1
-1
-3
-2
0
-4
-1
0
-1
-1
-3
-2
-2
-2
-4
-4
-1
-1
1
2
-1
-1
-3
-1
-2
-1
1
-2
0
-1
1
1
1
3
4
0
-1
0
0
2
2
0
-2
0
2
-1
0
1
2
2
3
2
2
2
1
0
-1
2
1
0
0
2
1
1
3
1
-1
1
-2
-1
2
1
0
0
2
0
0
1
3
1
1
0
0
1
1
-3
0
2
0
0
0
0
-3
-2
0
0
1
1
-4
-3
-4
-3
-2
-2
-1
-2
-1
0
-1
0
-2
-2
-2
-2
-5
-4
-2
-1
0
2
2
-1
2
1
-1
-2
1
-2
-3
1
1
-2
1
3
3
3
3
4
3
4
5
5
2
-1
-3
-2
-2
0
-1
-3
-1
-2
-3
0
2
4
3
1
3
-4
1
0
-1
-1
1
-3
-2
2
1
1
-1
-1
-1
-1
1
3
-1
2
2
2
4
-1
-3
-1
0
3
2
2
3
1
0
0
0
0
-1
0
-3
-4
-2
0
-1
-1
0
-2
-3
-3
2
0
-2
-3
-5
-6
-5
-3
-7
-6
-2
3
-1
5
6
4
9
10
4
-10
-6
-2
-7
-19
-38
-66
-68
-34
-14
-19
-22
-24
-27
-5
29
20
-1
7
15
7
17
23
-2
-8
31
48
35
50
57
41
65
113
97
68
80
71
43
58
64
22
8
32
9
-17
-3
-2
-16
6
21
-13
-25
-6
-12
-18
-10
-28
-58
-55
-41
-52
-59
-54
-62
-57
-38
-36
-53
-57
-51
-40
-28
-33
-47
-51
-39
-28
-13
-13
-20
-20
-10
-3
1
1
-8
-9
-1
2
-5
-6
-4
-3
4
12
12
8
9
14
12
12
20
21
11
10
16
10
15
18
17
12
18
26
20
26
29
20
19
27
22
18
18
14
7
8
8
2
3
6
4
5
8
9
7
8
5
1
1
-2
-5
-4
-5
-3
-1
-1
-3
1
4
3
0
-1
-2
-5
-5
-9
-13
-14
-11
-6
-4
-4
-2
2
4
4
3
-1
0
-2
-5
-6
-7
-7
-6
-5
-6
-8
-3
-2
-1
3
1
-3
2
-1
-6
-2
-3
-4
-5
-2
-2
-3
-3
-4
-4
-4
0
-1
1
-1
-4
-2
-1
3
2
-1
1
-1
0
1
2
0
0
1
-1
0
0
-1
-1
-1
-2
2
2
-1
1
1
4
4
5
4
2
3
4
3
2
3
4
2
2
1
1
2
3
2
2
-2
3
5
0
1
2
1
1
0
0
0
0
0
-3
-5
-3
-4
-4
-1
-3
-2
0
-2
-2
-3
-1
-1
-1
-1
-2
0
3
-1
1
-1
1
0
-1
2
-2
1
-2
2
3
3
1
1
2
2
5
3
4
4
-1
-1
1
1
0
-2
-1
3
0
0
-2
-2
-1
-2
-2
-2
-1
0
0
-2
-1
-2
0
0
-1
-4
-1
-1
-3
-2
-1
0
0
2
2
4
4
2
1
4
0
1
0
0
4
-1
0
-1
-4
-4
-1
1
-2
-2
-2
-3
-4
-1
0
-1
-1
0
2
2
-1
1
-2
0
2
3
3
2
6
4
0
4
3
3
2
3
1
1
3
2
2
2
0
-3
0
-2
-2
-2
-1
-3
-3
-3
-3
-2
-1
0
1
1
-1
0
2
4
-1
1
2
-1
1
-1
-1
2
0
-2
-3
-1
2
-2
-1
0
-2
0
1
-1
0
-1
-1
2
1
0
0
1
1
0
2
0
-4
-3
-3
-4
-1
-1
1
2
0
1
3
2
1
3
2
1
-3
-2
1
-1
3
4
2
0
0
1
1
0
2
1
-1
-1
-2
-1
1
2
3
1
0
3
1
3
-1
1
0
2
1
0
1
0
-2
-1
-1
-2
-3
-4
-3
-1
-3
0
1
-2
0
-2
-1
-4
-2
1
-1
-1
1
2
-2
3
1
0
1
4
2
-4
0
2
-2
2
2
-2
0
5
4
0
-1
2
-5
-1
3
0
2
-1
-2
-2
-1
-2
-1
0
1
4
5
1
0
2
2
-1
-1
2
-1
-2
1
1
-1
2
-1
2
2
3
5
3
1
0
1
-2
-1
1
1
-1
-2
-4
-3
-3
-1
-1
-3
-4
-3
1
0
-4
-1
2
2
-1
0
0
-1
0
0
0
2
1
3
2
2
0
-1
1
0
0
-2
2
-1
1
2
0
-2
-1
-2
0
-2
-2
-2
2
4
0
2
4
1
1
3
0
0
0
0
0
-1
0
-1
-1
0
1
1
1
0
-1
-2
-1
0
2
0
-2
2
0
-3
-1
1
0
-1
1
1
0
-1
-1
-1
2
0
-1
0
0
0
2
0
0
-1
1
1
1
0
0
-3
-2
0
1
3
2
2
1
2
0
-2
-2
1
2
2
1
-3
-1
2
1
-2
0
-2
1
1
3
0
1
0
-3
0
-1
0
-3
-3
0
0
0
-2
-1
2
-3
-3
1
-2
-1
3
3
1
0
3
0
2
1
-1
3
0
-1
1
2
2
-1
-2
-1
0
-3
-1
2
0
-1
1
0
0
-2
1
0
-2
0
-1
-1
1
1
-3
1
-1
-1
0
0
0
-1
1
5
1
-1
2
-1
3
2
1
3
2
1
0
0
2
3
1
3
3
1
-1
2
1
-3
-4
-5
-4
-4
0
1
-1
-4
-1
-2
-1
-1
-1
0
-1
1
0
0
0
0
0
1
0
1
1
1
0
1
-1
-1
1
2
2
1
0
1
-1
0
0
0
0
-1
1
0
-1
0
0
-1
-2
-3
-2
1
-1
-1
0
-2
-2
0
2
1
4
0
-1
2
-2
-2
-2
0
-1
2
0
2
2
0
1
1
2
3
-1
2
4
0
3
3
3
1
4
0
-2
1
0
0
1
-1
0
0
0
-1
2
0
0
-2
-1
0
1
0
-2
-1
-3
-2
-2
-2
-1
-1
0
-1
1
3
1
-2
-2
-2
-1
1
1
-1
-1
1
0
-1
-1
1
-1
-4
0
-1
-2
-4
-3
-1
-2
-2
-1
-1
1
1
1
3
2
1
1
1
-2
-2
1
0
-1
-1
0
3
1
2
0
1
0
1
4
3
5
3
4
2
1
4
3
1
3
2
-1
-1
2
0
6
2
-1
1
0
-1
0
0
-1
-2
-3
-2
-2
-3
-1
-4
-2
-1
-3
-3
-2
0
-2
0
0
1
0
-1
-2
1
3
-2
0
1
-1
-2
0
-1
-2
1
1
-2
-3
1
-2
-2
-2
-1
1
-1
2
1
2
4
3
1
0
-1
1
-2
-3
0
1
0
1
-1
-3
1
1
2
1
-1
-1
1
3
1
-1
1
3
2
3
2
1
4
1
3
2
-4
-3
-2
-1
0
1
-2
-3
-2
-2
-1
-3
-3
-4
-5
-3
0
-1
-2
1
1
-1
1
0
-1
1
1
-1
1
2
1
2
1
1
0
2
3
0
-2
-1
1
5
3
2
-1
0
1
2
2
0
0
-1
0
0
1
1
0
-1
-2
0
-1
0
-2
0
-2
-1
-2
-1
1
0
-1
-3
-3
0
1
2
2
2
4
3
4
3
1
-1
-1
0
1
0
3
0
-4
0
-2
0
2
-1
1
-1
0
-1
1
0
-2
1
-2
0
-2
0
-2
-2
2
1
-1
-1
1
0
-2
-2
-3
-3
-4
0
1
-2
1
-1
-1
0
0
2
1
-1
-1
-2
-1
0
0
0
4
0
-2
-1
1
2
1
-1
0
2
1
4
0
3
4
3
3
2
1
0
2
0
-3
-2
-1
-1
0
1
3
0
1
0
-2
1
1
-1
0
3
0
-1
3
1
2
0
-2
-1
-1
-1
2
0
-1
-1
-2
1
-1
-3
-2
-5
-5
-2
-2
-1
2
2
2
2
3
2
2
4
4
3
3
4
-1
0
2
1
-1
-1
-1
-1
0
-1
-6
-4
-3
1
2
-1
-3
-1
2
0
0
-1
-1
0
-2
-3
-1
-3
-3
-1
0
1
-1
-2
1
1
-2
0
3
0
-1
-2
1
-3
-2
2
1
3
2
2
0
0
1
0
-3
-5
-3
1
1
0
4
0
2
2
4
6
1
0
1
-2
0
2
0
0
1
1
0
0
1
1
-3
-2
-1
-2
1
-1
2
1
0
0
-2
-1
-1
-1
-2
-2
-2
1
-2
2
6
0
1
5
4
3
5
2
3
4
1
0
1
1
-1
-3
-3
1
-2
-3
-4
-6
-6
-4
-3
-1
-2
-1
-2
-4
-3
-3
-5
-5
1
-1
-2
0
3
2
0
0
1
0
1
1
0
0
-1
-1
0
-2
0
0
-2
2
0
1
2
-1
1
2
3
5
4
2
3
1
4
0
0
5
2
3
1
1
0
2
1
0
0
0
0
-3
-1
-1
0
0
-1
-1
-2
-2
-3
-5
-2
-2
-1
1
-1
-1
1
2
4
1
1
0
0
-1
0
-1
-1
2
0
0
0
0
0
0
-2
-2
-1
0
0
0
2
-1
0
0
-3
0
-1
1
2
-1
-2
-2
-4
-3
-2
0
-2
0
0
-1
0
-1
-1
-3
0
1
1
2
0
3
1
-3
-1
-2
-2
-3
-2
-3
-2
2
0
1
2
2
1
3
-1
1
3
5
4
0
-1
-1
1
3
4
4
3
3
2
2
4
3
2
1
1
0
-1
0
-1
1
0
-3
-1
-2
1
0
-2
-2
-1
-1
-3
-4
-2
-3
-3
-1
-1
-1
-1
-1
0
1
-1
1
0
-2
0
-2
-2
1
-1
-1
1
2
0
2
2
2
0
-2
-1
-1
1
2
0
-2
1
-1
0
1
0
1
-1
0
-1
0
0
1
0
2
1
1
1
1
2
-1
-1
1
0
0
-1
-1
0
0
2
1
2
0
2
3
1
-1
-2
-1
2
5
-2
0
1
-2
-3
-5
-3
-3
-1
0
-2
1
0
-4
0
0
0
0
1
2
3
1
1
0
-1
-2
-1
0
1
3
2
1
0
0
1
0
3
3
5
2
2
0
1
1
-3
-3
-2
-3
-3
-3
-2
-1
-4
-2
0
-3
-4
-2
-3
-1
2
-1
-1
1
1
-2
2
-2
-1
-1
0
-2
-1
-2
-1
1
0
-2
3
1
-1
2
-1
2
2
4
2
-1
3
3
3
1
2
6
1
6
3
1
1
1
2
2
3
-1
-1
0
-2
1
2
0
0
-1
-1
1
3
2
-3
-1
2
0
-1
-1
-1
-1
-1
-1
-1
1
-1
-3
-2
2
0
0
-2
-2
-2
-2
-3
-3
-2
-3
-4
-1
-3
-3
-3
-1
0
-1
-2
-1
1
1
4
0
2
4
1
0
1
0
-1
-2
-3
-2
-3
0
1
-2
1
2
-2
-4
1
-1
0
1
2
3
0
-1
0
0
-1
0
5
4
1
4
4
4
4
4
4
1
2
0
2
0
2
1
-2
5
0
0
1
2
3
4
2
1
-1
-1
-1
-1
0
-1
-1
-4
-1
-3
-4
-4
-3
-3
-3
-2
-1
-1
0
1
3
3
0
1
-2
-2
3
0
0
-1
0
-3
-1
0
-1
0
-2
-1
0
2
0
-1
1
1
-3
1
-1
-1
-1
-1
-1
-5
-3
-4
0
0
3
2
1
0
0
2
4
3
2
3
3
2
1
1
2
3
1
1
-1
0
1
-2
0
1
0
-2
-4
-2
-2
3
2
0
1
-2
-2
-3
-2
-2
-4
-2
-1
1
0
-1
0
-2
1
2
1
0
1
2
2
4
2
0
3
-1
0
1
1
3
-1
0
1
-2
-3
-1
-7
-7
0
-2
0
2
2
3
2
-3
-6
-1
4
4
2
6
2
2
-2
-5
1
3
6
6
5
1
0
0
-2
-1
1
1
-1
-4
-4
-5
-5
-3
-3
-4
-3
0
0
-1
-1
0
1
-1
0
-1
-1
-1
-1
0
0
-2
1
0
1
1
1
3
-1
0
2
1
0
2
1
-2
0
1
-1
0
2
1
-1
-1
-1
-1
0
-1
3
-1
2
4
2
1
6
2
-2
3
0
-1
-3
3
0
0
3
2
2
0
1
-1
1
1
-1
-3
-1
0
-3
0
4
-1
-1
0
-2
-3
-6
1
-2
-3
-1
-2
-1
1
1
-1
1
0
-1
2
4
3
2
2
1
1
0
0
0
1
1
-1
-1
1
0
-1
-1
-2
2
-3
-2
-2
-2
-2
-5
-2
-2
-2
-1
1
1
-1
2
4
2
4
1
2
3
2
3
0
2
2
2
2
0
3
3
3
1
3
-1
0
0
-1
0
1
2
-2
-1
0
1
-3
-2
-1
-3
1
1
-2
-3
-3
-3
-2
-3
-1
-3
2
0
0
3
0
1
3
2
2
1
-1
-1
-2
0
-1
-2
-2
-6
-3
-1
1
-1
-1
3
1
-2
0
1
-1
-1
0
1
1
0
-2
-2
1
1
0
-1
0
1
-1
1
2
3
1
0
1
2
2
3
1
1
1
-1
-1
-1
-1
0
1
3
2
1
3
2
2
1
1
1
-2
2
1
-1
2
-1
-1
0
-2
-4
0
-1
-1
-2
1
0
-1
-3
-1
1
2
0
0
1
-2
-1
0
1
0
0
1
0
0
1
1
-1
-2
-3
-2
-1
0
1
0
-1
1
-1
-3
0
-2
-3
0
-2
-4
-1
0
0
1
-1
1
-2
0
4
1
-1
1
1
1
2
1
0
-1
0
-1
-2
-3
-1
-1
-3
1
2
-1
1
1
-1
-1
2
4
-2
5
2
1
3
1
3
-1
2
1
3
0
2
3
1
2
0
2
-1
1
0
-1
-1
0
1
-1
0
1
-3
-3
1
0
0
2
0
-1
0
1
-3
-1
-3
-2
-3
-4
-4
3
-1
-1
0
-2
-4
-2
0
-1
1
1
0
-1
1
1
1
2
2
2
1
3
2
0
2
0
2
-1
1
1
1
2
2
-2
-2
-1
-3
-2
-1
0
0
0
-2
-3
-2
-2
-1
3
3
2
2
1
-1
-3
0
0
-2
1
3
-2
-1
0
-1
0
0
4
1
-3
0
0
0
-4
1
1
-2
-1
4
2
-1
2
2
1
0
3
2
-1
3
-3
-4
-1
0
1
0
0
3
2
0
2
4
1
-1
0
-2
-1
-1
2
3
1
-1
0
-4
4
5
-6
0
-1
-3
2
-3
-1
0
-4
-2
-4
-1
1
-3
-1
-1
-4
-6
-1
0
-3
1
-6
-2
1
1
2
2
2
0
2
5
4
2
1
-2
-2
4
1
1
4
6
2
-1
3
5
0
-1
1
1
2
3
1
0
2
2
0
-1
-1
0
-2
-2
0
-2
-4
-2
0
-2
-1
-2
-3
-2
0
-2
1
1
-3
-4
0
1
0
1
-1
-1
-3
-1
4
1
-2
-3
-2
2
4
1
-2
-2
1
2
2
1
-2
0
0
4
2
-6
-1
-2
1
3
-3
0
2
0
3
4
0
0
2
5
1
-1
1
2
1
1
2
-2
-2
-2
2
2
-1
2
-2
-2
-2
-1
2
-1
-6
-5
-2
-2
-1
-3
-4
1
3
-1
1
0
-4
-2
0
1
2
3
1
0
3
2
-1
1
-1
0
2
4
1
-2
-1
1
4
3
3
3
1
-3
-3
-3
-4
-3
-1
1
-4
-1
1
-1
-3
-3
3
2
3
3
1
-2
3
3
2
4
5
7
7
4
0
-2
-1
-1
-3
3
2
2
-1
-3
-2
-4
0
0
-1
-6
-4
-3
-5
-6
-2
-3
-6
-7
-4
-3
-4
-4
-2
-1
1
5
2
2
5
3
4
4
3
4
4
2
-2
1
3
1
-3
-1
5
4
0
0
-1
-3
0
1
2
1
1
-3
-3
-2
-2
-3
1
0
-3
1
-3
-6
-3
2
3
3
3
5
5
6
5
3
5
5
5
3
-3
-5
-3
-5
-5
-2
-2
-2
-1
-1
1
0
-1
0
1
3
0
-2
-2
-3
-2
-4
-1
0
1
-2
1
2
0
-2
2
3
0
0
2
5
2
4
2
-5
-5
-4
-5
-2
-1
-2
-1
-4
0
1
-1
-1
1
-1
-2
1
2
4
1
-1
2
4
1
8
5
1
3
3
-2
-1
4
0
0
0
-1
-6
-4
-4
-5
-1
-1
-2
-3
0
-1
-2
2
0
-3
0
-1
0
4
2
-2
1
2
3
3
5
2
0
0
4
5
0
0
4
2
1
-2
-2
0
-1
-1
3
1
2
0
-2
-5
-4
-2
-3
0
0
-3
-1
-1
-4
-2
-1
-1
1
0
1
0
-4
2
0
-3
-1
-2
3
5
2
-2
-5
4
4
-3
-1
2
6
3
-5
-5
5
4
1
2
1
0
-4
2
3
0
1
1
2
3
5
5
3
0
-8
-4
2
0
-7
-6
1
-3
-5
-6
-1
1
-2
0
4
1
1
-3
-7
-2
2
2
-1
2
2
-5
-1
2
-1
-2
0
5
12
9
-1
-2
1
2
-1
0
3
3
3
-1
-3
-3
1
-1
-3
-1
3
3
-3
-1
3
0
0
0
-6
-4
2
1
-7
-7
-6
-3
-3
-2
2
3
3
0
-3
2
6
3
2
0
-2
1
4
1
1
6
-3
-10
-2
-1
-8
-6
-6
-5
1
2
-3
-4
2
3
1
1
4
3
5
6
-2
-5
-1
0
-1
-2
3
2
2
6
2
1
5
5
5
3
1
3
3
-2
-2
1
2
3
-1
-2
-2
-3
-3
-3
1
0
-1
1
-1
-3
-5
-1
0
-2
-2
1
2
-1
4
2
-2
0
0
-1
2
8
-2
-6
-2
3
1
-3
-4
-1
2
-3
-3
-7
-3
-6
-7
-1
-1
0
-3
3
3
3
4
2
2
2
2
1
0
1
0
1
2
-3
-3
1
2
0
0
3
-1
0
2
4
-1
3
6
1
-2
-3
0
-3
-1
1
-3
-4
-4
-4
-4
-2
4
3
1
-2
2
3
-1
4
2
-2
-2
-2
-3
-3
-2
-1
-1
1
3
3
1
-2
-1
-2
-1
-2
-2
2
4
3
-1
-2
2
3
0
-2
0
3
2
1
1
-1
-2
-3
1
2
4
6
2
-1
0
3
1
-2
-2
-3
-1
-1
-2
1
-1
-1
0
-1
-1
-2
-3
-2
-2
-1
0
-2
0
1
0
-3
1
4
1
0
-1
1
-1
1
2
2
2
-1
0
0
4
0
-3
-3
-1
-1
1
2
-1
-1
-1
2
3
3
-1
0
2
-1
-2
-2
0
0
2
0
-2
-4
1
2
0
0
0
0
1
3
-1
-2
-3
-2
-1
1
1
1
3
2
-4
-4
-2
-4
-3
0
-1
1
2
1
1
-1
3
1
-1
1
2
-2
2
5
3
-1
0
-2
-2
0
-1
-4
-2
2
-5
-5
-2
1
1
1
2
5
-3
-5
-3
3
3
2
2
1
2
-2
-1
1
0
-1
3
-2
-4
-2
2
-1
-2
1
1
2
3
0
-4
-5
-2
3
2
0
3
3
1
0
-2
1
2
2
1
-1
0
1
0
-1
-1
2
1
2
5
2
0
0
1
-2
-4
2
1
-1
-2
-4
-5
-1
0
4
0
0
2
2
3
0
-3
-1
3
1
0
0
2
0
1
1
2
0
2
1
-2
-1
-3
-3
-1
2
-2
-2
-2
-4
-2
-3
-4
-7
-3
-3
-2
-3
-4
-2
-1
1
-3
-3
2
4
4
3
4
3
4
2
-3
0
3
5
1
-2
3
6
3
3
4
3
2
0
1
1
1
0
2
0
0
2
-3
-2
-4
-1
-2
-5
-4
-1
-1
-1
-1
-1
3
3
1
0
-1
0
2
-3
-3
0
-1
-3
-2
-4
-2
2
2
-4
-8
-1
5
4
0
3
-4
-6
0
2
-3
-5
-2
-1
-2
2
3
-2
1
4
0
5
10
5
2
4
4
-3
-8
-4
4
4
-1
-4
-1
-1
-2
-2
-1
4
9
7
0
2
8
5
-2
0
-1
-5
1
2
-2
-3
2
1
-4
-3
-2
-1
-2
-2
0
3
-1
-3
-3
-3
-3
-2
2
-1
0
0
-5
0
2
-2
0
3
4
3
2
-3
-7
1
4
1
3
-2
-5
-4
-1
-1
1
0
-3
2
5
-3
-11
-6
1
2
-2
-5
-3
-2
4
-2
-4
0
-2
5
9
6
4
0
-1
1
3
3
2
0
3
3
-1
-1
3
2
-1
3
8
4
2
0
-2
0
0
3
3
1
0
-4
2
1
-6
-6
0
2
1
0
2
3
2
4
3
1
0
-1
4
1
-5
0
-1
-4
-6
-2
-3
-3
-2
-2
-3
-7
0
-1
0
0
-2
-2
0
5
-2
-6
-4
-2
2
2
3
2
-1
1
-1
-2
-1
-3
1
-4
-2
5
-2
-5
-2
6
1
-1
0
-2
-2
-1
1
1
3
3
3
-1
1
2
1
0
-2
-1
1
3
4
2
3
3
-1
-1
1
3
1
0
-1
-2
-3
-1
0
1
-4
-3
2
1
3
0
-4
0
3
3
2
0
2
2
3
5
3
2
1
-3
-2
0
1
-2
-4
-2
-1
-2
1
-5
-4
3
1
-5
-5
-3
-3
-2
-4
-1
2
1
-3
-1
2
4
-2
-3
2
4
3
0
-1
4
2
-3
-1
2
-1
-1
0
1
0
2
2
2
2
0
-1
0
-3
-2
1
-1
-3
-1
1
-2
-1
4
0
1
3
2
1
2
1
-1
-2
-2
-2
-1
4
-2
-3
-1
-2
1
0
-2
0
2
4
1
0
1
2
4
2
0
0
1
-1
0
3
1
0
2
1
-1
1
2
1
-4
-1
1
-3
-2
-1
2
0
0
2
1
-1
-3
-4
-2
0
-5
-5
-1
-3
0
2
1
1
-1
1
1
1
1
2
3
3
0
3
0
-3
-3
1
4
2
-1
0
0
1
0
-4
1
3
2
4
0
0
2
-3
-3
-5
-3
-1
-2
-5
-3
-1
-3
-5
4
5
-2
-1
-1
0
-1
4
5
2
-1
1
1
1
4
2
0
0
2
3
1
6
0
-3
-1
2
3
1
-2
-1
4
1
-1
-1
-1
1
3
4
2
1
0
1
2
1
-3
-5
-4
0
3
-4
-2
-2
-2
-1
-1
-2
-2
0
-3
-1
-3
-3
0
3
0
-1
1
-2
-4
0
0
-4
-1
-1
0
1
3
-2
-2
0
3
-2
-1
-1
0
2
4
2
-1
2
-1
-4
2
6
6
3
0
-3
1
5
3
0
-3
3
-1
-3
-2
0
-3
-5
-2
-1
-2
-1
2
3
3
4
1
-4
0
2
4
1
0
1
2
2
2
0
1
3
2
2
3
4
4
4
4
2
2
0
-2
-4
-2
-4
-7
-6
-7
-4
0
-2
-3
-1
-1
-2
-2
0
2
0
-3
1
-2
-3
-2
2
1
-1
-1
-3
2
0
-4
-1
2
-1
-1
1
5
4
0
0
-2
1
1
1
4
5
0
1
1
-1
1
1
0
1
6
0
-2
-1
-3
-1
-1
2
2
2
0
-3
-5
-3
0
3
0
-2
-1
0
2
2
-2
-2
0
-1
1
2
1
1
0
0
2
2
0
-3
-5
-7
-6
-1
-2
0
-2
1
2
1
2
3
1
0
2
-1
3
4
1
0
1
3
3
5
-1
-1
0
-2
-3
-1
-1
-3
-1
2
-1
-1
-2
-1
0
-4
-4
2
2
-1
-1
-1
0
3
1
-3
0
3
3
0
-1
-1
-2
-1
0
0
2
1
1
3
-1
1
0
0
2
2
1
3
6
5
3
3
4
0
-3
-1
-1
1
-1
-1
-1
1
2
-1
1
1
-1
-2
0
-2
-2
-1
1
1
-1
-5
-4
-5
-3
-2
-2
-4
-4
-1
-3
-3
0
2
1
1
-1
0
-1
-4
0
2
0
-3
1
0
-1
2
2
3
3
3
3
2
1
-1
1
1
3
0
-1
2
2
4
2
3
0
0
3
5
4
3
2
1
1
0
1
1
2
1
0
2
4
2
1
2
0
2
-2
-5
-3
-2
-3
-3
-3
-3
-1
-1
-4
-6
-6
-5
-4
-7
-7
-5
-3
-2
-3
-4
-1
0
-1
1
1
-2
0
2
4
2
0
4
6
7
8
3
4
6
4
3
3
6
1
-2
-2
2
1
-2
1
0
1
-3
0
0
-5
-1
0
-3
-4
-1
3
0
1
2
1
-2
-3
0
-5
-4
-2
1
3
-2
-1
1
-1
-3
1
1
0
2
0
-1
-4
0
-1
-3
0
0
-2
-2
0
0
1
0
0
3
1
2
4
5
3
4
2
4
0
2
2
-1
2
0
-1
0
-2
-3
-2
-2
1
1
0
1
0
-2
-2
-2
-1
-4
-2
0
-3
-1
0
0
0
-3
0
1
4
3
0
0
-2
0
5
3
-2
3
3
1
2
0
-1
1
1
-4
-1
-1
-4
-4
-3
-3
-3
-3
-4
-4
0
-3
-5
1
2
0
-1
-1
-2
1
3
5
5
3
4
4
2
4
2
0
4
4
5
4
2
0
-2
-5
-2
1
5
4
0
-1
0
-2
-3
0
-3
-4
-2
2
-3
-2
1
2
0
2
-1
2
1
-2
1
0
1
0
-1
-2
-3
-2
-4
-1
-4
-2
-4
-4
-4
-5
-2
-1
-2
-2
-1
-1
1
1
2
-1
0
1
0
-2
1
3
1
1
2
3
5
3
0
5
2
2
1
5
5
4
8
5
1
3
1
1
4
1
3
2
-2
-5
-5
-3
-3
-5
-6
-5
-4
-1
-5
-3
-4
-6
-2
-3
-2
0
-2
-1
-1
-2
-1
0
2
1
1
3
1
1
6
1
5
4
4
4
3
1
3
3
0
0
0
-1
-2
0
0
0
-3
0
3
2
3
3
-1
-2
2
-1
0
1
4
-1
-1
1
1
-2
-3
-6
-8
-1
-2
-5
-2
-2
-1
1
-3
0
1
-2
0
3
3
0
0
0
0
0
-1
-1
-4
-4
-4
-2
-3
0
2
1
0
-1
0
2
3
4
2
2
2
3
3
1
2
3
3
3
3
2
0
-1
2
0
-1
-2
-1
3
0
1
-1
1
2
4
1
-1
0
-1
0
2
1
-1
0
-3
-3
-2
-1
-4
-4
-1
0
-3
-1
0
-1
-2
-2
1
0
0
1
2
-2
0
0
0
1
2
-1
1
3
0
0
2
-1
-2
-3
-3
-2
-4
-2
-3
-2
-3
-4
-1
-1
2
2
-1
0
0
3
4
2
1
1
-2
2
3
5
2
2
2
1
3
1
2
3
2
2
3
0
1
1
-3
-2
0
0
-1
-2
0
-1
0
-2
-1
-3
-2
-1
-1
-2
-1
2
1
3
2
-2
0
2
2
2
1
-2
-2
-3
0
0
1
2
-3
-1
-5
-4
-5
-5
0
-2
-2
-2
0
2
3
3
2
5
3
6
3
2
2
2
2
1
-2
-1
1
0
3
0
-2
-5
-1
-1
2
1
1
0
-1
1
0
1
1
-2
-1
1
0
1
2
1
0
2
2
0
3
1
-1
-1
-2
-5
-4
-3
-1
1
0
2
0
2
-1
-2
2
1
-2
-2
-2
-1
-2
-5
1
0
-2
-2
1
-2
-3
-2
-1
-1
-2
0
2
3
1
0
2
-1
-2
0
-3
-5
0
0
-2
-3
-2
-1
0
2
3
7
3
0
2
4
4
2
5
4
3
2
0
0
2
1
-1
0
-1
-2
-1
-1
1
6
7
4
4
2
1
2
1
0
1
0
-1
-2
-2
-4
-4
-3
-5
-4
-4
-2
-2
-2
-1
-1
-1
-1
-1
-1
1
-2
1
-2
-1
-2
2
4
0
2
-1
3
1
0
1
1
1
-1
-1
1
-2
-3
-3
-2
-2
-1
1
-1
-4
-4
-2
0
2
2
4
5
1
3
5
3
1
2
0
-2
1
1
0
0
1
-1
-2
1
-2
-2
-3
-1
-2
-4
-2
0
-2
0
1
0
3
2
1
-1
1
1
1
4
1
0
1
0
4
5
2
3
1
-2
2
1
1
-1
-4
-2
-4
-5
-1
1
0
1
2
0
-2
-1
1
-3
-1
-2
-2
-2
-1
0
-1
0
0
1
1
2
-1
-1
2
1
0
2
2
1
3
2
-1
0
1
1
1
2
2
2
1
2
-1
-2
0
-5
-4
-4
-4
-2
-3
-5
-5
-3
-4
-3
-3
-3
-5
-4
1
-1
-4
-3
-4
0
1
0
4
5
5
5
5
5
5
4
2
4
4
3
2
1
1
3
4
1
-1
1
-1
0
0
-1
0
0
1
-2
-2
-1
-2
-3
0
0
-1
-5
-3
2
1
0
1
0
0
3
2
0
-2
0
0
-2
-1
-1
1
0
-2
-1
1
1
2
1
-2
1
-2
-1
0
0
3
1
2
3
1
-2
2
3
-1
1
1
2
-1
1
1
-1
-1
0
4
0
-3
-5
-3
-1
-1
1
1
-2
-1
1
1
3
3
3
0
0
0
-1
-1
-1
-1
-2
-3
-3
-4
-1
1
-1
0
-3
-1
1
-1
2
-1
1
1
-1
-3
-3
2
2
3
0
0
-1
0
0
-2
-1
0
3
2
1
3
2
1
1
1
0
3
2
2
4
2
2
1
4
1
-3
2
2
0
-1
0
0
-2
-2
0
-3
-2
-1
-2
-2
-3
-1
-1
0
1
0
1
1
0
0
-1
-2
-3
-1
0
-3
-2
0
-2
-2
-2
-4
1
2
0
1
-1
1
3
4
2
4
4
3
4
3
2
2
0
-1
-1
1
2
2
0
2
-1
-4
-3
-3
0
-3
-2
-1
-4
-2
-1
-1
0
2
0
0
-1
-2
-1
0
-2
0
-1
1
1
0
0
-2
-1
2
1
3
2
0
1
0
2
0
1
0
-2
0
1
1
0
2
-2
0
0
-3
-1
0
1
-1
0
-1
2
2
0
-2
0
0
2
1
-3
-1
0
1
-2
-1
0
0
0
1
0
2
1
-1
-1
0
1
1
3
1
1
-2
-1
-1
-2
0
-1
0
-2
0
1
0
1
0
1
-1
-1
-1
-2
-1
0
-1
-1
-2
-2
-2
1
0
0
2
-1
0
3
2
1
2
2
1
2
0
1
4
0
0
2
0
-1
0
-1
1
2
2
3
0
2
1
1
0
-2
0
0
0
-3
-3
-3
-3
-3
-1
-1
-3
-2
-2
2
-1
-1
0
-1
0
1
-1
1
2
-2
-3
-4
-3
-3
0
0
1
2
-1
1
4
-1
2
2
4
4
0
-1
2
4
1
1
-2
0
0
-1
1
-2
-1
-1
1
-2
0
-1
1
0
-2
0
0
1
-1
1
-5
-4
-2
-1
-1
1
2
-1
3
2
6
5
4
7
3
3
0
1
0
-4
0
-2
0
0
-1
-3
-2
-1
-3
-2
-4
-1
-3
-2
0
-2
0
-1
-1
-2
-4
0
0
0
0
-1
0
2
2
1
1
1
0
2
-1
1
1
-1
1
0
1
2
1
1
1
2
1
3
-2
-4
0
1
0
1
1
1
1
1
-1
0
0
0
2
5
1
0
0
-2
1
0
-1
-1
2
-2
0
0
-1
-2
-1
-3
-2
-3
0
-1
-3
-1
-4
-3
1
-1
0
1
-3
-1
1
2
1
1
-1
0
2
1
-1
1
1
-1
1
0
-1
-1
-1
1
-2
-1
-3
-4
-1
-3
-1
-1
3
2
1
0
1
2
5
4
0
2
0
1
2
1
0
1
0
1
2
1
2
1
2
0
1
1
-1
1
1
2
0
-2
-1
0
1
0
0
0
-3
0
-1
-2
-4
-2
-4
-5
-2
0
-1
-2
1
-1
-3
1
2
1
0
-1
-2
0
0
0
0
2
-2
-5
-1
0
1
3
-1
-1
0
1
0
1
0
2
0
-2
0
0
0
1
2
1
3
0
1
2
2
1
0
-1
-3
-1
1
0
0
0
0
-1
-1
-2
0
2
-2
0
-3
1
-1
-1
1
1
-1
-1
0
2
4
1
2
-2
-1
-4
-2
-1
0
-1
0
-1
0
-3
0
1
0
-1
1
1
-1
0
1
1
0
0
1
2
2
-1
-1
0
-1
1
1
0
-1
1
0
3
1
0
0
3
3
1
0
1
0
0
2
2
2
0
1
2
-1
-3
0
2
0
-1
-1
-2
0
2
0
0
-4
-4
-3
-1
-1
2
0
-1
0
0
1
1
-3
-1
-2
0
0
-4
0
2
-2
-2
-1
-1
-1
0
-1
1
1
-1
0
-1
1
2
-2
-3
-1
-1
0
0
0
0
0
-1
1
2
2
3
4
2
1
2
0
2
1
1
-1
0
1
-3
1
1
0
3
4
0
0
1
-2
0
1
-2
1
1
-3
-2
-4
-2
-1
0
-3
-4
1
2
1
-3
1
0
-1
2
2
4
2
0
1
1
3
-3
0
0
-3
-3
-1
0
-2
-1
-1
2
1
1
2
2
2
4
0
2
2
1
-1
-1
0
-3
-2
-2
-1
1
-1
-1
-4
-1
0
-3
1
0
-2
-2
-3
-1
-1
2
0
0
-1
-1
-1
0
2
-1
0
-1
-2
1
3
0
-1
1
1
1
1
0
-2
-2
-1
-3
-5
-1
-1
0
0
-1
-1
0
-1
1
4
6
7
3
4
5
4
2
0
2
1
1
2
1
1
0
2
1
-2
0
-2
-3
-2
-1
-1
-1
0
2
-1
-2
-1
-3
-2
-1
-2
-2
-3
-1
-1
0
-1
-1
-1
1
-1
-1
-1
-2
-2
-1
0
1
0
-3
1
-1
-1
-3
1
3
-1
0
0
-1
-1
2
2
-1
1
1
0
3
4
2
-1
0
0
-1
-2
-3
2
-1
-2
1
1
2
0
2
3
0
2
3
3
2
3
1
1
2
0
1
2
4
2
1
3
1
-2
-3
-3
0
-1
0
3
1
-1
-1
0
1
-2
-3
-3
-1
0
-2
0
-1
-1
-1
0
2
2
0
0
-2
-4
-3
-1
-4
-3
0
-1
-2
-2
0
0
-1
1
-2
-1
0
-1
1
1
-1
0
-2
-2
0
-1
0
0
2
2
2
3
4
2
3
3
3
3
-1
-2
1
1
0
1
2
0
-2
-3
-1
1
1
0
-1
5
2
-3
2
2
1
2
-1
1
1
-1
1
1
0
1
1
1
1
-2
-1
-1
0
0
1
-1
-2
-3
-1
0
-1
-2
-2
-5
-1
-1
-2
1
-1
-3
-1
1
0
0
3
1
1
1
1
2
1
1
-1
2
1
-1
-1
1
1
2
2
0
0
1
3
-3
-3
0
0
-1
-2
1
-2
0
1
4
2
-1
0
1
0
-1
0
-3
-2
-1
0
1
3
1
-1
-1
-3
0
-3
-2
-1
0
0
2
2
2
3
4
-1
-2
0
1
-1
-2
3
0
1
0
0
1
3
3
3
-1
3
3
1
2
-1
2
1
0
1
1
1
-2
-4
-4
-2
-1
-3
-4
-1
1
-1
0
-4
-5
-4
-1
-2
1
2
0
3
-2
0
1
-1
1
0
-2
-1
2
1
1
0
-1
0
-1
2
1
1
1
1
1
1
3
2
3
3
1
2
2
2
2
-1
-2
1
-2
1
0
1
-1
-3
-2
-3
0
-2
0
1
2
-3
0
0
-1
-1
-1
3
1
-2
1
1
-1
-2
0
1
0
0
-2
-2
-1
-3
-3
3
0
-1
2
-1
0
1
3
0
-2
0
-1
0
-2
0
1
1
3
4
3
3
1
1
0
-2
1
2
2
0
-1
1
2
4
2
0
-2
2
1
1
1
-1
3
-2
-2
-1
-2
-2
-5
-1
-4
-4
-1
-1
-4
-3
-1
-2
-1
1
2
1
0
-2
1
0
-2
1
-4
-2
-1
0
0
0
1
1
1
-3
-1
-1
2
1
1
2
1
0
3
2
0
-1
-2
3
1
4
0
-2
0
1
2
0
0
0
-2
2
0
0
1
0
1
3
2
0
-1
3
1
1
2
0
2
3
-1
1
1
2
1
0
0
1
3
1
1
1
1
1
-1
-1
1
1
0
1
-1
-1
0
-1
-3
-1
0
-1
-2
0
0
-3
-1
-3
-3
0
-2
-4
-4
-4
-3
-2
-2
-2
0
1
2
-2
-1
0
0
1
0
2
0
0
0
-1
-1
1
4
-2
0
-1
-2
-2
-2
0
0
-1
0
1
0
0
3
2
1
1
1
1
0
-1
1
1
-1
1
1
-1
1
3
0
1
2
1
1
0
1
1
2
1
-2
2
2
0
0
2
6
3
3
4
2
3
0
2
0
0
2
1
1
0
2
0
-1
1
2
-2
-3
0
0
-1
-3
-4
-4
-1
-2
-4
1
-1
-3
-2
-3
-1
-4
-2
0
-4
-6
-2
-3
-2
-2
-1
4
-1
-1
-1
-2
0
2
1
-1
3
1
1
1
-1
0
4
2
-1
0
2
1
3
2
4
3
0
2
0
2
1
0
0
5
1
-1
1
0
1
1
1
0
0
1
0
0
1
4
3
1
0
0
0
-4
-3
-4
-3
-3
-1
-1
-3
0
0
-3
-1
-2
-1
1
-1
1
-3
-4
-3
-1
1
0
0
0
0
0
1
-2
0
2
2
4
1
3
2
2
0
-1
-1
-1
2
2
1
-2
0
2
0
3
2
3
1
3
2
2
1
0
0
0
1
1
3
1
-3
-3
-1
-3
0
1
0
0
-1
-1
1
1
1
0
2
1
1
-1
-3
-1
-1
-1
-5
-3
-1
2
1
-3
-3
-6
-2
0
1
1
-1
1
-1
-1
-1
-1
-2
-2
0
1
1
2
0
0
0
0
2
1
0
0
1
2
2
3
2
3
3
-1
-2
-1
0
-2
-2
-1
-1
1
1
2
1
0
0
-2
3
7
5
4
3
2
4
-1
-1
0
-3
-1
0
1
1
-1
-2
-2
0
0
2
1
-1
0
-1
0
-1
-1
-1
-1
-4
0
-1
-1
0
0
1
-1
-2
1
0
-2
-2
-1
-1
-3
-2
0
0
-1
-1
-1
-1
-2
-2
1
1
0
-1
-1
-1
0
-2
0
-3
-3
-1
1
2
1
4
2
2
1
-2
-1
1
0
0
2
2
0
0
-1
0
2
1
0
1
-2
-3
-1
1
3
3
4
3
1
-1
-1
2
-2
0
1
2
3
1
2
2
0
0
-1
-2
-2
1
-2
-3
0
-2
-1
0
0
2
-2
-1
0
1
0
2
-2
-2
-1
-3
1
-1
-1
-1
-1
-3
0
0
1
0
0
2
1
3
3
4
1
1
2
-1
-1
-2
-2
-1
-1
-1
-1
1
1
0
-1
-2
-3
1
2
-3
0
0
1
0
0
0
0
1
2
2
1
-1
-2
0
-2
-3
-2
-3
-1
0
0
0
-2
-1
1
-1
0
1
-2
0
0
-3
4
2
0
1
-2
0
-2
-2
1
0
1
1
0
-1
0
2
1
2
3
1
-1
3
2
0
1
0
2
0
3
2
0
1
1
-1
2
0
-2
-1
-5
-2
0
-1
-1
0
-2
-1
0
0
1
2
1
-2
3
1
-3
-1
1
-2
2
-1
1
0
0
-1
-3
-2
-4
-1
2
1
-2
1
0
1
2
-1
1
-1
-2
0
-2
-1
3
-3
1
0
0
3
2
-1
1
4
0
-1
-1
2
-1
-1
0
-1
1
2
-1
-1
-1
-3
1
2
0
0
-2
1
3
3
1
1
0
-1
-2
-1
0
1
2
1
-1
1
-2
-3
-3
0
-1
-1
-1
0
2
-3
-1
1
-2
0
-3
0
3
4
0
0
2
-2
-3
-2
-2
-2
0
-1
2
0
1
0
1
2
2
2
0
-1
-1
1
4
2
0
1
0
3
1
1
1
1
4
0
0
1
-1
-1
-1
0
-2
-1
0
-1
-1
-2
-1
-1
-1
-1
-4
-1
-1
0
1
-1
1
-1
0
-2
0
0
-1
1
0
1
2
1
0
1
0
-2
-1
-1
0
-1
-1
1
-2
1
0
-1
1
-2
-1
-2
-1
-2
-3
0
0
-1
0
2
1
-1
1
1
1
0
4
3
3
3
2
2
2
2
0
1
0
2
1
1
1
2
1
-2
-1
0
-1
1
-2
-1
0
-1
-2
-3
-2
-2
0
0
0
2
2
-1
-3
-2
-1
1
2
0
-1
1
-3
-2
-1
-3
-3
-2
-3
0
1
-1
1
0
-2
-3
-1
2
0
1
0
-1
1
0
1
1
3
-1
-2
-1
2
1
2
4
2
1
2
2
-2
0
2
-1
2
1
1
-3
-2
0
-1
-2
-1
-1
0
-1
-1
0
0
0
1
0
0
0
-1
-1
-1
2
1
0
3
1
5
4
3
1
1
1
-1
-2
-2
0
1
1
0
4
0
0
-3
-2
-1
-1
-1
-3
-2
-1
-1
-1
0
-4
-1
-1
1
1
-1
1
1
-1
-1
2
0
2
3
0
0
-1
0
1
0
2
2
-4
-2
0
-1
-2
1
0
-1
2
0
2
3
0
1
0
2
1
-2
-1
0
0
0
1
1
-1
2
0
2
-1
-4
-2
-2
0
1
0
-1
1
-2
-1
0
-2
-1
-3
-3
-2
-1
-2
-2
-1
0
0
1
4
5
4
2
1
3
1
1
0
1
1
0
2
-2
-1
-2
-1
-1
-1
-1
0
2
1
0
-1
0
1
3
3
2
1
0
1
-1
0
0
0
-2
-3
-3
-2
1
0
0
-1
-1
-4
0
1
-1
-1
0
0
-4
-4
-1
0
0
1
2
3
2
4
2
2
0
-1
0
1
0
0
-1
1
2
-2
-2
-2
-3
0
-1
1
1
-2
0
0
1
-1
3
2
1
2
-2
-2
-3
-2
0
-1
-2
0
-3
-1
0
-2
0
-1
-4
-1
0
0
-1
1
1
-1
1
2
4
4
4
4
2
0
2
3
2
1
0
1
1
0
0
1
-1
-2
-1
-2
-1
-1
-1
1
0
1
-3
1
-1
-1
1
-4
-1
-2
-1
-1
-1
2
-1
1
0
4
0
-3
1
0
1
-1
-1
-1
2
3
3
2
2
3
0
0
-3
-4
0
-3
-6
-1
-2
-1
-2
-2
-1
0
0
-3
-3
-3
0
-1
-3
-1
1
-2
2
2
1
0
-1
-2
-2
0
2
-1
-1
0
0
1
-2
1
4
3
1
0
2
2
3
3
1
2
1
0
0
1
3
0
1
1
1
2
2
3
0
0
-1
-1
2
-1
0
-2
-1
0
-1
0
1
-1
1
2
1
-1
0
1
1
-1
-2
-2
-2
0
0
-2
-4
-2
-2
-5
-2
-1
1
-1
2
1
-2
0
-1
0
0
-1
1
-1
-2
-1
-3
0
1
-1
2
-1
-2
1
0
-1
1
0
1
-1
0
1
-1
0
-2
-2
-4
-1
1
2
-1
1
0
0
5
1
2
5
2
0
3
1
-2
0
0
1
0
2
1
-1
-2
-2
1
0
3
2
-1
1
0
1
1
3
-1
1
3
1
1
0
0
1
2
-1
1
-1
-1
0
-1
-1
1
2
3
0
0
-3
-2
1
-5
-3
-1
-3
-3
-1
0
0
-2
1
1
-2
-4
-2
0
-4
-1
1
1
2
0
0
3
0
-1
1
0
0
1
0
0
1
0
0
-2
-1
0
1
1
0
2
0
2
2
-1
-2
-1
1
3
1
0
2
0
1
1
1
-1
1
1
1
-1
-1
1
-2
-3
0
-2
-2
-1
-4
-1
2
-1
0
-1
-1
-1
-3
0
2
4
1
0
1
1
0
0
1
0
0
-1
1
-2
1
-1
-2
3
0
1
1
3
1
-1
1
1
2
1
-2
-1
0
0
1
1
-1
-2
0
0
2
3
1
0
0
0
1
0
0
-1
-1
2
1
2
0
1
-2
-1
0
-1
-1
-2
-1
1
-1
-2
-1
-2
-3
-2
-2
1
-1
-3
0
-4
-1
-2
-2
0
-3
0
-2
-3
-3
-2
3
3
3
3
0
1
5
6
3
0
2
3
3
4
3
1
0
1
1
3
1
2
0
-1
0
2
0
-3
-1
-1
-2
-4
1
2
-1
1
-3
-4
-6
-1
-1
-3
-3
-2
-1
-1
-3
-2
0
-2
2
0
2
1
1
1
1
0
1
0
0
0
0
-1
1
3
3
3
4
2
5
3
1
2
2
-1
0
-1
2
0
4
3
-1
1
2
1
0
-1
-2
-3
-3
-3
-4
-1
-1
-1
3
1
-1
0
-3
-3
-2
-1
-2
-2
0
-2
-3
0
-2
3
2
-1
0
-1
1
-1
1
1
-1
-1
2
0
2
0
0
2
-1
1
0
2
3
1
0
-2
-2
-1
0
1
0
0
-1
0
1
1
0
3
0
0
0
-2
0
-3
-1
0
0
0
0
-2
1
0
1
2
1
-2
2
2
2
1
0
0
-2
1
0
2
-1
0
0
0
1
-2
0
-2
-2
0
2
3
1
0
3
3
0
0
1
0
-2
-2
-2
-1
-1
2
0
0
0
0
1
1
1
1
-1
-2
1
0
0
-1
0
0
-2
1
2
2
-2
2
2
2
0
-1
0
-2
3
2
2
-1
0
1
1
2
-2
1
0
1
1
-1
0
1
-1
-1
0
-4
0
-2
0
2
2
0
-1
1
-1
-4
0
3
-1
1
-1
-2
-1
0
0
1
-3
-3
-3
1
-1
-3
-1
-2
-2
-3
-2
-1
1
0
1
1
-2
2
1
2
-2
0
1
1
3
2
5
2
1
0
1
1
2
2
1
1
0
-3
0
1
-2
0
-3
-1
1
2
0
0
0
2
3
3
2
-2
1
1
2
1
0
-1
0
1
0
-1
1
1
-4
-3
0
0
1
-1
-3
-3
0
-1
1
1
0
-1
-3
-1
0
1
-1
-3
-4
-3
-1
1
2
2
0
1
-4
1
0
0
1
0
3
0
-1
0
3
0
1
0
-1
-1
3
0
2
3
0
1
0
0
1
1
2
1
1
0
2
1
-1
-2
1
2
0
-2
-2
0
-1
1
1
-1
-2
-1
-4
-3
-2
0
-3
-4
-3
-3
-2
1
1
-1
2
-1
0
0
-2
-1
2
1
2
3
2
1
2
1
1
1
2
3
1
0
-1
-1
2
2
2
1
-2
-1
1
0
-1
-1
-2
0
-2
0
1
-1
1
0
-1
-1
0
-1
1
-1
2
6
4
4
1
2
1
1
3
0
0
-2
-1
2
-1
-1
-1
0
-1
-3
-2
-1
-1
-5
-1
-1
-3
-1
-3
0
-3
-1
-2
-3
2
1
1
-4
-1
2
2
0
-1
0
1
0
-1
0
-1
-3
-2
1
0
1
1
-2
0
0
0
-1
-2
0
1
0
0
-1
0
0
-1
1
1
1
2
0
1
1
1
0
0
1
1
2
0
-1
1
3
2
3
3
1
1
2
1
-1
-1
2
0
0
2
1
1
1
1
-1
-1
2
1
0
2
-1
1
-1
0
-1
1
1
1
1
-2
2
2
1
-1
-2
0
0
0
-2
-2
-3
-1
-3
-4
-3
-3
0
-3
-1
-2
-2
-2
-2
-3
-2
-2
-2
0
2
3
0
-2
1
0
-1
4
0
-1
-1
0
1
2
1
1
-1
2
3
4
0
1
1
0
3
1
0
0
3
1
2
1
1
2
1
2
2
2
1
2
2
-1
-3
1
2
0
2
0
-4
-1
-2
-1
-1
-1
0
0
-1
2
0
-1
1
-2
0
1
-4
-3
1
0
0
1
1
2
1
2
1
1
-1
0
0
0
0
0
2
-1
-1
0
0
-3
-3
-4
-4
-3
-3
-3
-4
-1
-1
0
0
1
3
0
0
1
1
-1
-1
-3
-4
2
0
2
-1
-2
1
0
2
1
1
5
3
0
4
2
2
1
1
2
1
0
1
-1
-2
-1
0
0
2
2
1
-1
-1
-1
-1
1
-1
1
3
2
1
-1
0
0
1
-1
-1
-2
1
2
-1
0
1
1
-4
-2
0
0
1
-1
-1
1
1
1
1
1
-2
-1
-2
-1
0
-1
0
0
-3
0
-2
-1
1
-2
-2
1
-1
-1
0
0
1
3
3
1
0
1
1
1
-1
0
1
-3
1
2
2
3
0
-1
0
-2
1
-1
0
0
1
1
1
0
0
0
-4
0
0
-1
0
2
-1
-1
0
-2
0
2
1
0
1
0
0
-1
0
1
2
-2
-1
4
-1
0
-2
-3
-4
-3
-2
-3
-2
0
-1
0
1
2
1
2
-1
1
-1
2
3
-1
0
1
3
0
0
0
2
-4
1
3
-2
-1
-4
-2
1
0
1
3
3
2
-1
1
2
0
-1
2
1
-1
-1
1
-1
2
2
2
2
2
1
-2
2
1
0
0
2
2
3
2
2
1
1
2
-1
-2
-1
-2
-2
-3
-1
-5
-4
-3
-4
-1
-1
-1
-4
0
1
-3
-1
-2
0
0
-2
-1
0
-1
-1
-1
-1
0
0
-2
0
-1
0
3
-1
-1
3
2
2
2
3
2
-2
-2
3
3
3
2
2
4
2
2
3
2
1
1
1
-1
3
1
-3
-4
-2
-3
-3
-3
-2
-1
0
-2
-1
1
0
-2
-2
-1
-3
-2
-1
-1
-1
-1
1
3
2
2
0
1
5
3
1
3
2
2
1
2
2
2
0
2
2
3
4
4
1
-1
-1
-1
-2
-2
-2
-3
0
0
-1
-1
-1
-1
-3
-2
0
-2
1
-2
-3
-1
-2
0
2
1
0
0
0
-2
0
-1
-2
-3
-3
-1
-4
-2
-1
-1
0
2
0
-1
-1
-1
-1
-2
-1
-3
1
0
-1
0
1
3
4
3
2
0
1
0
0
3
0
0
-2
-1
1
1
1
0
0
2
3
2
1
3
0
0
1
1
1
-2
-1
-1
0
0
1
1
2
1
0
2
1
2
1
2
1
-1
-1
-1
0
-1
-4
-3
-2
-2
-1
-1
-3
-2
0
0
0
0
-4
-3
2
4
2
2
1
1
1
2
1
0
0
0
0
1
3
2
-1
-2
1
-2
-4
-3
0
0
1
1
0
-2
-2
0
-1
0
-1
-1
-3
-1
-2
0
-1
1
1
-1
2
3
4
2
0
2
1
1
0
-1
0
1
3
1
3
2
1
-1
0
2
1
2
3
-1
0
1
2
-2
-3
-1
2
1
0
2
3
2
-2
-1
0
-1
-2
-1
-2
-1
-1
0
-1
0
2
0
-1
0
2
0
-1
0
0
2
0
4
1
1
2
-1
-4
0
0
0
1
-2
0
-1
-2
0
-1
0
-1
-2
-2
-2
0
-1
-2
-2
-2
-3
1
1
0
-2
2
2
0
2
1
-1
0
-3
1
0
-3
-1
0
2
1
3
2
2
1
2
4
3
2
3
1
2
1
1
0
1
1
1
3
1
1
-1
-1
1
0
1
2
0
2
0
-3
-1
1
-1
-2
0
-3
0
1
0
2
-3
-1
-1
1
0
0
3
1
-2
-2
0
1
2
1
-1
-1
0
0
0
-1
-3
-5
-3
-1
-2
0
-3
1
-1
-2
1
0
-1
-3
-3
-3
-3
-3
0
2
3
1
3
1
3
-1
1
4
-1
2
1
1
-3
0
2
2
2
3
3
0
1
1
3
2
0
3
4
0
2
1
1
0
-1
0
-4
1
-1
1
1
0
-2
0
0
-1
2
0
1
-1
-1
-3
-3
-2
0
0
-1
-1
2
-1
-1
-2
-5
-2
-2
-1
-1
-2
-2
-1
0
-1
-2
-2
-3
1
-2
-2
2
0
-2
-3
-1
-1
1
1
-1
0
1
-1
1
-1
3
4
1
0
4
3
3
0
-1
1
1
3
4
4
4
3
3
3
3
2
1
1
0
2
0
0
-2
-2
-3
-4
-1
-1
-1
0
0
-3
-2
-1
-2
-2
-2
0
-6
-2
-2
1
-2
0
-2
-3
-1
-3
-3
0
-2
-1
-1
0
0
1
3
0
1
4
3
1
2
0
1
3
6
5
2
1
-1
1
1
-3
-3
-2
1
2
1
-1
0
-1
0
-2
0
2
-1
3
1
4
2
-2
-1
-1
0
1
-2
-6
-4
-2
-2
-3
-2
-2
-3
-2
1
-1
1
0
0
1
1
0
-1
0
-1
-1
-2
2
3
-1
0
-3
0
-1
1
-1
-3
-2
-3
-2
-3
1
0
0
1
2
3
1
3
3
-1
0
1
-2
0
1
2
3
3
4
4
3
3
1
2
3
4
3
2
2
0
3
2
3
0
2
2
2
1
-2
-3
0
-1
0
0
2
-3
-6
-5
-4
-2
-4
2
-1
-2
-2
-2
-1
0
0
0
-1
-3
-2
-1
-2
0
-1
-2
-2
-2
0
1
1
-1
-2
0
0
1
0
-1
-1
-1
1
-1
-1
3
0
-2
-1
0
1
0
-3
-2
-3
-2
0
-2
1
2
3
2
3
3
0
0
-1
1
1
0
-1
1
1
0
2
1
-1
4
1
1
4
5
1
-1
2
2
0
0
-1
-2
-3
-2
3
1
0
-2
0
0
-2
0
0
2
0
2
2
1
2
3
0
-2
0
-1
0
2
1
-4
-2
0
-1
0
-1
-1
2
2
2
1
2
-4
-1
3
1
-1
-1
-2
-4
-2
-2
-4
-1
0
-1
-2
-2
1
-2
-1
-1
-3
-2
0
1
1
0
-2
2
3
0
-2
-1
-1
2
1
1
1
1
0
0
0
0
-3
-1
-4
-2
1
0
2
0
0
-1
2
1
2
2
3
3
-1
1
2
3
2
1
4
-1
-1
2
2
2
1
0
-1
0
1
-1
2
1
1
1
2
1
0
-1
-2
-2
-3
0
3
-1
0
-1
0
1
1
0
0
2
0
0
-1
-1
1
1
-1
-4
1
-1
-3
-3
-5
-2
-3
-1
-1
-1
0
-3
-3
-1
0
0
2
0
2
1
2
3
2
2
1
-1
-2
1
0
-1
0
-3
1
1
1
1
-2
-1
-1
2
-1
0
3
1
2
2
1
1
3
0
0
-2
-3
-3
-3
-1
-1
0
2
2
2
3
3
2
3
3
4
3
1
-2
-1
2
2
2
0
3
0
1
2
1
1
-3
-3
-2
-1
0
-2
-2
-2
-2
-1
-6
-4
-4
-4
-1
-4
-2
1
-2
2
3
3
0
1
0
-2
1
1
1
2
2
1
1
1
3
-3
-3
-1
-1
-1
-3
-1
-1
0
1
0
0
0
-2
0
0
2
2
2
1
0
0
1
-1
-3
0
-2
2
2
2
2
1
2
-1
-1
-1
-1
-1
-1
0
2
2
-1
0
-1
-1
2
1
-1
0
-2
-3
-3
1
1
2
1
1
1
-1
2
3
1
-3
-4
-4
-2
-3
-1
-1
-1
-3
0
3
1
-1
-1
0
1
0
2
0
1
1
1
4
1
0
1
3
1
1
0
-1
3
0
2
3
2
1
0
1
0
0
0
-1
1
-2
-2
0
0
0
-1
-1
-1
0
2
1
-2
-1
-1
-3
-2
-2
-3
1
-1
-1
-2
-4
1
1
1
-1
-1
0
1
0
-4
-3
-2
-2
-5
-1
-1
0
1
1
4
2
2
5
1
2
1
-1
2
0
-2
-1
1
0
1
0
1
1
0
1
1
0
0
-1
-1
-1
1
3
2
1
1
2
-1
-2
-1
0
3
2
1
1
3
2
0
1
0
1
4
0
1
0
0
3
1
0
1
0
0
-3
-1
-3
-3
-3
-3
-2
-2
1
-3
-3
-3
-3
-4
-2
-1
0
-1
2
1
2
0
-2
0
-2
-1
0
0
3
-1
-3
0
1
2
2
3
3
3
1
1
-2
-3
-1
-1
0
0
0
-1
1
1
2
1
3
1
0
0
-3
1
-1
0
1
0
-1
-1
2
-1
0
-1
0
0
1
3
1
0
1
1
0
-1
1
0
0
-3
-3
-2
-4
-2
-2
-3
-2
0
0
-2
-2
-1
-3
-1
1
-2
1
4
3
2
2
2
2
3
1
-2
-1
2
3
3
2
2
3
0
1
1
1
0
0
3
-1
0
1
1
2
0
0
-2
0
-4
-1
0
-2
0
-2
-2
-1
0
0
0
0
3
3
1
0
0
0
0
0
-1
-2
-1
0
-1
-2
2
-2
-2
1
0
0
2
2
-1
-2
-2
1
0
0
2
-2
-3
-1
-3
-2
2
-1
-1
-2
-3
-1
0
0
-1
0
1
2
2
3
2
0
-1
-1
-1
0
0
-1
-1
0
0
2
-1
1
0
0
1
1
1
-1
-2
-1
1
1
3
4
3
4
1
1
1
-1
2
3
3
3
3
2
1
1
3
-1
1
2
0
1
1
2
-2
-3
0
0
-1
-1
1
0
-2
-4
-3
-3
-3
-4
-3
-2
-3
0
-1
-1
-3
-3
-2
-1
-1
-2
-2
-1
1
1
0
-2
0
-2
0
-2
0
1
-1
0
0
-1
1
0
2
3
1
2
0
1
1
-2
0
1
4
0
-2
-1
0
0
-1
1
2
4
5
3
2
0
1
0
-2
-1
2
1
0
5
0
1
-1
0
2
1
-1
-2
0
0
-1
-2
0
-2
-2
-2
0
1
3
2
-1
1
3
4
-1
2
0
-3
1
1
-1
-3
0
4
-4
-4
0
-4
-4
-5
-2
0
-3
2
-1
-2
1
2
0
-1
3
1
1
0
0
1
1
3
4
-1
-3
0
0
1
1
0
2
1
5
3
3
4
6
2
-1
-1
0
1
2
1
0
-4
-2
-2
-3
-2
-4
-4
-9
-4
-2
-2
-4
-2
-3
-2
-3
-4
5
-1
-1
-7
9
-4
1
-4
11
-1
-2
9
-8
5
3
5
-4
-2
12
5
-6
0
4
-3
0
2
5
0
2
-2
-7
-2
0
0
-1
-1
2
2
-1
1
1
-1
-1
-1
0
2
0
-2
-3
1
2
-1
-2
-5
1
1
-3
0
2
0
-1
2
4
1
3
3
1
1
3
2
-1
0
-1
-1
-2
-2
1
2
0
-5
-1
2
2
-1
0
1
1
0
-3
1
2
2
0
0
1
2
-2
-2
-1
-2
-1
-1
-2
-1
2
2
1
2
3
2
-1
-2
-3
-1
-3
0
-1
-1
-1
-2
1
2
2
-1
-1
-4
-3
-1
0
-1
-1
0
1
1
1
1
-1
-4
-3
-1
0
4
1
2
2
2
2
0
2
-2
-1
2
1
0
1
0
0
-1
2
3
1
3
-1
0
1
-1
1
1
-1
1
-3
-2
0
-1
-2
-1
0
3
2
-2
1
2
0
-1
0
1
-2
-1
-2
-1
0
-2
0
-2
1
2
3
5
-1
3
4
0
-2
-1
0
-2
-1
1
-1
-2
0
0
-4
-1
2
0
0
-1
4
2
1
-7
2
4
-4
-4
7
6
-9
0
4
-2
-3
3
4
-5
3
10
-4
-6
5
6
-7
-3
6
0
-4
-1
1
1
-1
-1
-2
0
5
0
0
-1
2
1
-4
-2
-3
-1
1
-1
-2
-3
2
-3
-4
-2
0
2
0
-2
3
2
0
-1
2
2
0
-2
-1
-1
-1
0
-2
-2
1
1
-1
-1
-1
0
0
0
3
0
2
2
1
0
2
3
0
1
0
-1
-4
0
0
0
-1
-1
2
1
1
1
-1
0
-2
3
3
2
2
1
2
2
1
0
-1
-1
-1
0
2
3
2
3
2
0
-2
1
0
-2
-1
0
1
-2
-1
1
-1
-1
-1
3
-1
-1
-1
-1
-3
-4
1
1
4
0
-2
-1
-2
0
-2
-2
0
1
-1
-5
-2
0
-3
-3
-2
-2
0
-1
0
0
-4
0
1
1
1
0
-1
0
2
1
2
-1
0
-1
0
3
1
2
3
3
2
2
3
3
2
2
0
1
0
0
1
-2
0
1
0
0
2
-1
0
0
-1
2
0
-1
-1
-1
-1
-2
-2
0
0
-1
-2
-3
-1
0
-3
0
1
-1
0
0
0
2
0
0
-4
-3
0
-1
0
1
2
2
2
2
0
0
-2
0
-1
-2
-2
2
2
2
0
0
-1
1
1
-2
1
4
4
3
-2
-2
-1
-2
0
2
0
1
2
0
1
-1
1
3
1
-2
-2
-3
-1
0
0
1
0
-1
2
-1
-2
0
-1
-1
-3
-1
-1
0
-1
1
1
-1
1
1
0
1
0
-1
-2
-1
-2
-3
0
0
1
-2
1
1
-2
-1
0
2
0
0
-1
-2
-1
2
1
0
3
1
-1
1
2
0
0
-1
1
2
-2
1
0
2
1
0
-2
-2
0
-1
1
3
1
2
2
3
1
0
-2
-1
-1
1
1
0
1
1
0
1
0
1
0
-2
0
-1
2
-3
-1
2
1
1
2
-2
-3
-1
-4
1
2
3
-2
-2
1
-8
-5
2
1
-2
1
3
-3
-2
-9
-1
1
6
13
2
-18
-4
-3
-20
7
10
26
-7
-3
-11
-17
6
9
9
15
-1
-5
5
2
4
-23
17
2
-20
26
28
-16
-33
-1
26
-14
-29
35
13
-9
-17
-6
3
-6
1
-4
19
-10
-41
54
49
-38
-96
58
23
22
-90
25
-96
315
96
-220
-589
339
484
-257
6
-94
302
-535
191
140
-402
645
88
-551
-296
431
543
-499
-384
145
236
193
70
-241
-322
212
112
-214
161
418
-185
-379
-46
28
238
118
-55
-176
-45
190
11
-223
-18
208
-30
-70
103
-29
-25
-50
-140
20
243
75
-151
-25
-29
-60
11
72
83
13
-45
-54
-102
48
121
-56
-35
49
-2
-2
-46
-40
16
54
-5
21
38
-50
-10
-75
-42
142
30
-38
8
-43
-40
32
16
8
41
-6
-23
3
-19
6
13
-25
28
58
-14
-40
-44
22
4
35
34
-20
0
-29
-29
-17
30
38
23
-10
-39
-25
24
-46
21
52
7
-14
-28
-14
-11
62
-25
-31
13
30
-11
-6
-5
-6
2
-10
-7
23
15
-15
-2
-30
-1
23
30
-37
1
9
-4
3
-22
16
27
-30
1
12
-15
28
9
-13
-21
-3
11
26
3
-4
-14
-17
6
21
19
-22
-2
-3
-3
6
13
-5
-22
1
12
4
21
-11
-9
-22
-7
34
10
-3
-19
-14
0
10
21
-7
2
1
-29
2
24
5
-5
-20
2
16
-2
-13
-13
14
6
13
-6
-12
2
1
-2
-12
18
12
-8
-12
0
-3
4
0
-13
12
7
4
-16
4
2
2
4
-11
2
7
-3
-14
-9
-2
24
8
-13
-8
-8
8
3
6
11
-7
-10
-3
8
-2
-1
13
-17
10
9
-13
14
5
-3
-4
-9
13
6
-7
-8
-5
-2
2
19
-15
-3
-3
-5
-3
11
12
-18
-3
-6
13
8
-1
14
-8
-8
4
5
6
27
3
-12
-16
-3
20
14
5
-19
-7
18
29
10
-5
8
20
-20
-26
1
3
-13
-44
-30
-28
-24
1
-33
-36
-20
7
-5
-37
-32
-16
-15
-25
-24
-8
12
-6
-12
-17
22
35
1
25
30
40
33
14
10
14
34
25
31
61
59
47
81
54
19
9
25
29
-43
-15
14
-14
15
17
40
59
49
5
-30
-9
-34
-48
-36
-43
-56
-38
-42
-65
-42
-8
9
-31
-26
-6
-38
-55
-66
-32
-60
-67
-319
-1223
-2174
-1556
613
1571
95
-1344
-771
46
-59
466
1816
2009
729
170
795
1349
1557
1666
1399
852
913
1213
700
-66
-25
384
192
-355
-537
-663
-1232
-1767
-1697
-1115
-837
-1324
-1886
-1933
-1607
-1407
-1134
-663
-579
-774
-747
-369
-70
90
383
447
258
401
911
1053
680
556
832
915
796
851
899
592
234
282
454
433
277
25
-226
-261
-77
-35
-165
-193
-197
-260
-198
58
187
121
178
291
306
414
648
656
465
535
726
682
608
681
619
324
208
292
169
-81
-181
-248
-440
-569
-538
-629
-831
-894
-884
-912
-919
-837
-824
-915
-821
-644
-625
-606
-446
-302
-331
-257
5
75
42
121
208
204
223
366
359
236
254
282
204
125
128
90
21
64
107
51
23
69
46
-17
40
132
146
166
252
305
303
380
475
461
444
289
-514
-1710
-1570
457
1893
794
-1088
-1225
-304
121
716
1866
2118
983
6
212
1088
1973
2235
1465
674
949
1473
1032
308
520
962
578
-20
-110
-135
-605
-1027
-895
-592
-563
-904
-1413
-1668
-1604
-1742
-2703
-4082
-4237
-2406
-445
-1021
-3491
-4367
-3025
-2232
-2555
-1580
609
657
-1592
-2275
-111
1946
1980
1646
2283
2882
2689
2470
2863
3339
3416
3314
3151
2867
2513
2117
1554
911
695
1024
1100
141
-1266
-1736
-1267
-1114
-1562
-1652
-1246
-1633
-3203
-4299
-2943
351
1856
-522
-3440
-2638
240
857
143
1223
2551
1204
-825
-26
2403
3248
2225
1152
1204
2002
2221
1320
584
1217
2046
1507
472
307
488
-68
-729
-256
730
659
-740
-1899
-1563
-561
-189
-468
-673
-783
-1136
-1336
-990
-415
-141
-357
-858
-1102
-681
-28
-44
-565
-587
-141
-71
-523
-861
-1291
-2083
-2280
-1407
-748
-1507
-2640
-2999
-2926
-2772
-2162
-1356
-1405
-2098
-2322
-1736
-961
-337
138
430
748
1182
1676
2087
2480
2753
2869
3249
3744
3820
3438
3180
3115
2878
2744
2881
2696
1771
864
385
-517
-1911
-1562
1133
2064
-1400
-5002
-3801
-673
-567
-2077
-2206
-2010
-2415
-1538
197
374
-219
177
385
281
1900
3847
2780
520
1263
3555
3693
2503
2147
1997
1403
1456
2070
1899
986
77
-599
-625
-23
57
-935
-1876
-1992
-1725
-1392
-1209
-1632
-2245
-2234
-1926
-1816
-1412
-776
-1113
-2001
-1717
-580
-285
-641
-436
-243
-753
-879
-128
-121
-1618
-2890
-2581
-1619
-1368
-1953
-2856
-3557
-3684
-3291
-2726
-2122
-1680
-1977
-2669
-2335
-801
390
552
763
1461
1987
2416
3194
3859
3921
4109
4721
4973
4755
4749
4801
4182
3504
3596
3796
3160
2021
1141
336
-557
-1154
-1077
-716
-987
-2075
-3141
-3203
-2663
-2340
-2232
-1936
-1566
-1707
-2235
-2406
-1317
628
1700
1158
391
802
1527
1739
2130
3119
3552
2760
1816
1597
1934
2162
1998
1570
1245
1027
386
-480
-786
-457
-311
-635
-1056
-1463
-1871
-2103
-1940
-1468
-1010
-1109
-1821
-2286
-1894
-1212
-948
-859
-732
-866
-1124
-939
-402
-139
-182
-235
-297
-349
-130
230
132
-383
-730
-1050
-2001
-2948
-2644
-1792
-2264
-3766
-4208
-3419
-3233
-4054
-4278
-3232
-2223
-2219
-2385
-1589
-303
262
327
1175
2769
3708
3699
3931
4794
5437
5650
5969
6228
5976
5611
5524
5218
4430
3625
2920
2197
1876
1765
652
-1358
-2389
-1935
-1624
-2168
-2648
-2832
-3313
-3747
-3349
-2495
-2194
-2578
-2655
-1579
10
642
160
-20
748
1658
2228
2746
3020
2671
2201
2275
2692
2905
2682
1952
1065
805
1175
1156
340
-464
-732
-913
-1212
-1311
-1306
-1642
-2163
-2373
-2192
-1943
-1873
-1987
-2103
-1987
-1659
-1360
-1196
-1132
-1160
-1136
-873
-544
-427
-388
-209
-115
-272
-269
200
620
465
49
-38
192
513
734
157
-1876
-4113
-4143
-2000
-777
-2324
-4724
-5559
-5094
-4661
-4253
-3337
-2515
-2731
-3552
-3385
-1547
620
1507
1441
1961
3367
4625
5198
5529
6063
6818
7542
7821
7544
7135
6822
6325
5675
5418
5432
4715
2933
1127
324
247
-69
-1018
-2444
-4083
-5488
-6060
-5462
-3919
-2610
-3176
-5465
-6710
-5137
-2643
-1338
-571
286
186
-512
179
2108
3345
3611
3732
3615
3277
3291
3321
2863
2688
3093
2820
1525
476
26
-519
-930
-699
-591
-1368
-2535
-3391
-3630
-3044
-2150
-2009
-2598
-2909
-2809
-2699
-2232
-1261
-654
-718
-688
-436
-427
-245
499
980
804
926
1431
1203
488
592
1189
1147
931
1337
1537
783
0
99
614
550
-302
-1867
-3917
-5583
-6022
-5546
-5286
-5037
-4504
-5299
-8059
-9702
-7255
-3300
-1988
-2892
-2864
-1455
-622
-290
1585
5192
7618
7089
5893
6847
9051
9860
9589
10106
11021
10410
8537
7267
6796
6281
5537
4831
3569
1603
-176
-1489
-2663
-3563
-3450
-3343
-5014
-8048
-9281
-6674
-3983
-5396
-8814
-8027
-3734
-2545
-4258
-3456
183
1233
70
1228
3942
4891
3945
3701
4397
5582
6487
5416
3092
2362
3715
3589
1591
633
894
-74
-2094
-2367
-1636
-2019
-3551
-4555
-4293
-3706
-3483
-4024
-4307
-3678
-2892
-2598
-2455
-1752
-1206
-910
-353
394
780
926
1329
1393
1436
2169
2835
2303
1570
2000
2173
1379
1218
2153
2184
930
604
1441
1886
1060
-1259
-5527
-9687
-9313
-4529
-912
-2737
-7797
-11858
-12862
-10437
-6150
-2487
-1688
-3579
-6272
-6897
-3411
2079
5587
5762
5167
5561
6391
7514
9303
11341
12400
12683
12354
11037
9271
8309
8278
8160
8009
7595
5689
2009
-1463
-2659
-1939
-992
-1513
-4238
-8449
-11426
-10686
-7088
-4331
-5062
-7821
-9269
-8020
-5518
-3021
-712
505
89
-339
1016
3196
4382
4582
4769
5283
5872
5921
4807
3282
2946
3881
4260
3145
1330
-402
-1844
-2421
-1760
-1029
-1718
-3678
-5398
-5790
-4993
-3931
-3447
-3617
-3995
-4089
-3740
-2922
-1823
-802
-151
65
210
668
1340
1728
1861
2293
2903
3067
2695
2342
2230
2214
2307
2358
2123
1535
921
537
574
1072
1521
1221
-840
-5277
-10588
-11840
-6224
820
365
-7971
-14682
-13759
-9022
-5958
-3925
-1360
-1330
-5619
-9152
-5659
2432
7202
6018
3852
4796
6825
7443
7948
10413
13239
13836
12404
10547
9206
8373
8440
8988
9132
8520
6652
3155
-1130
-3022
-1460
700
32
-3624
-7803
-10576
-10329
-7668
-5266
-5553
-7763
-9244
-9021
-6905
-4099
-2100
-1609
-1480
-591
454
1582
2651
3480
3992
4864
5993
5927
4641
3181
2846
3658
4817
4752
2533
-98
-1392
-1232
-918
-759
-971
-2360
-4257
-5278
-4777
-3930
-3418
-3200
-3359
-3642
-3648
-2950
-2025
-1114
-306
197
475
670
1011
1188
1513
2286
3021
3038
2417
2009
1912
2031
2328
2534
2290
1519
725
94
-47
372
840
658
-239
-1144
-2300
-4612
-8492
-10922
-7938
-1510
142
-6749
-13897
-13163
-7821
-5214
-4586
-2026
-608
-4177
-8162
-5239
2756
7519
6172
3715
4488
6810
7854
8340
10372
12950
13217
11447
9902
9385
8899
8511
8890
8936
7857
5912
3351
73
-2117
-1299
402
-616
-4108
-6700
-7783
-8499
-8321
-6533
-4857
-5439
-7296
-8633
-8261
-6047
-3414
-1856
-1357
-899
-897
-1311
-368
2239
4339
4548
4063
3774
3422
2895
2944
3696
4382
4265
2732
659
-478
-320
-79
-238
-161
-524
-1972
-3520
-3694
-2810
-2008
-1649
-1783
-2348
-2974
-2885
-2014
-1062
-496
-167
1
-291
-532
-187
625
1381
1711
1627
1053
431
351
870
1453
1617
1522
1258
779
513
928
1523
1584
1208
842
528
248
-179
-1863
-5713
-8933
-7166
-1635
231
-5134
-11217
-11572
-8290
-6493
-5814
-3554
-2071
-4619
-8373
-7084
-646
4395
4287
2404
3085
5284
6173
6426
8530
11636
12664
11505
10198
9812
9722
9739
10069
10045
9455
8049
5540
2455
686
1399
2502
1568
-1246
-3818
-5333
-6212
-6350
-5889
-5901
-7403
-9468
-10740
-9884
-6817
-4239
-4895
-7442
-7155
-3981
-1787
-1237
-240
1247
1344
1236
2573
4148
4498
4023
3856
4182
4817
4804
3585
2335
2385
3001
2623
1631
693
-292
-1160
-1190
-482
-430
-1381
-2667
-3601
-3657
-2834
-1915
-1953
-2493
-2659
-2412
-2170
-1647
-774
-333
-506
-634
-168
372
614
864
1316
1825
2064
2006
1765
1757
2276
2856
2957
2553
2371
2401
2275
1785
1556
1687
11
-5225
-10602
-9044
-971
2961
-4050
-13670
-14646
-9245
-6719
-7405
-5426
-2388
-4928
-10965
-10923
-2535
4825
4205
206
392
4065
5787
5604
7557
11603
13376
11867
10221
10159
10562
10810
11317
11709
11228
9928
7507
4094
1748
2646
4796
4116
313
-3152
-4552
-5312
-6613
-7970
-8307
-6957
-5886
-8236
-12674
-13162
-8618
-5218
-5546
-5698
-4369
-4865
-6091
-3632
1356
3847
3049
1777
1401
2259
4325
6027
6284
6066
5844
4507
2922
3140
4297
4075
2834
2221
1616
104
-1364
-1627
-1193
-911
-1372
-2834
-4516
-5027
-4244
-3293
-2767
-2380
-2449
-3273
-3973
-3272
-1479
12
440
34
-450
-286
647
1663
2360
2847
2947
2396
1943
2536
3686
3984
3200
2464
2528
2988
3010
2414
1348
-820
-4802
-8375
-6884
-831
1642
-4814
-13296
-14198
-8968
-5896
-6511
-6042
-4460
-6320
-10681
-10325
-3261
3099
2652
-866
-701
2737
4703
4917
6863
10519
12224
11005
9474
9364
10162
11298
12349
12487
11550
10050
7838
5150
3936
5343
6830
5198
1148
-2044
-3221
-3587
-3932
-4254
-5354
-7921
-10624
-10976
-8711
-7172
-9027
-11591
-10227
-6305
-5166
-6860
-6599
-3817
-2057
-1533
172
2214
2375
1537
2006
4058
6426
7294
5649
3491
3833
5852
6126
4548
3650
3588
2650
1310
1037
1261
516
-940
-1909
-2137
-2299
-2884
-3639
-3883
-3438
-3012
-3172
-3578
-3541
-3085
-2587
-2104
-1410
-781
-648
-834
-630
208
1235
1888
1992
1860
1987
2396
2830
3344
3986
3927
2747
1915
2752
3969
3580
2112
403
-2643
-6716
-7077
-1756
2520
-1688
-10378
-13345
-9249
-5807
-6380
-6471
-4621
-5414
-9896
-11467
-6138
586
1669
-1457
-2241
622
2839
2859
4070
7880
10721
10171
8445
8266
9272
10379
11571
12456
12146
10747
8930
6875
5552
6348
8100
7470
3748
165
-1108
-1364
-1951
-2538
-3494
-6166
-9115
-9326
-7456
-7519
-9960
-11023
-9443
-7922
-7922
-7741
-6796
-5955
-5147
-3553
-1580
-233
226
71
434
2451
5171
5927
4450
3537
4640
6013
6049
5404
4940
4382
3583
3094
3182
3116
2050
338
-766
-609
-408
-1250
-2570
-3192
-3203
-3325
-3418
-3314
-3374
-3864
-4053
-3511
-2714
-2102
-1880
-1879
-2035
-1551
-406
573
881
1108
1772
2209
2357
2819
3682
3905
3352
3092
3619
4162
3787
2977
2596
2032
-414
-4557
-5933
-2117
2230
-306
-8174
-12313
-9310
-5594
-6075
-6984
-5328
-5020
-9242
-12229
-8056
-777
1427
-1791
-3566
-1331
1247
1912
3367
6917
9635
9084
7205
6984
8589
10529
11782
12126
11602
10576
9261
7813
6821
7421
8685
8128
4959
1557
275
101
-429
-1184
-1311
-2416
-6688
-12147
-12849
-6455
-1683
-6043
-14449
-14692
-8408
-5976
-7948
-6893
-3440
-4606
-7671
-5695
103
2741
1299
-249
401
3197
5380
5087
3754
4863
7048
6479
4412
4403
5599
5012
3627
3740
4255
2894
604
-617
-317
333
-39
-1731
-3476
-4058
-3867
-3707
-3404
-2771
-3120
-4386
-5071
-4231
-2666
-1696
-1301
-1581
-1858
-1348
-198
879
1712
2564
2654
1971
1920
3420
4602
4173
3330
3438
4053
3657
2911
2503
1641
-1056
-4285
-4198
-686
1190
-2729
-8553
-10166
-7407
-5430
-5851
-6137
-5636
-6482
-8977
-9419
-5807
-1139
-44
-2357
-3436
-1202
1511
2317
3307
6026
8150
7402
5972
6539
8450
9922
10685
10981
10432
9356
8304
7415
7022
7892
8716
7186
3859
1756
1645
1338
415
-89
-1117
-4431
-7911
-7564
-4607
-3864
-6919
-9894
-10382
-9375
-8295
-6927
-5687
-5934
-7175
-7530
-5609
-2602
-598
-724
-1614
-1038
927
2599
3062
3485
4169
4497
4252
4332
4908
5164
4799
4328
4275
4066
3268
2016
1260
1194
1185
579
-490
-1579
-2544
-2953
-2623
-2038
-2258
-3250
-4123
-4272
-3677
-2720
-1842
-1736
-2191
-2509
-2120
-1143
103
1174
1477
1062
733
1407
2619
3367
3228
2988
3105
3195
2900
2655
2884
3060
2075
-456
-3346
-4063
-1685
985
-431
-5378
-8604
-7416
-5227
-5206
-5439
-4219
-4198
-7344
-9580
-6701
-1402
411
-1723
-3087
-1671
268
991
2168
4760
6895
6590
4995
4940
6828
8740
9235
9203
9234
8758
7545
6687
6907
7619
7790
6949
5098
3105
2059
1982
1887
1195
429
-1349
-5001
-8496
-7104
-2264
-1508
-7201
-11818
-9947
-6934
-6966
-6858
-4442
-4462
-7769
-8719
-4990
-983
-194
-1344
-2424
-1703
644
2361
2162
2312
4028
4580
3136
2753
4552
5207
3935
3372
4471
4494
2666
1055
1001
1685
1759
852
-581
-1510
-1911
-2177
-2225
-1507
-1068
-2230
-3870
-4100
-2780
-1789
-1505
-1524
-1862
-2446
-2234
-860
569
1205
1030
555
306
1131
2532
3127
2554
2022
2282
2582
2355
2249
2609
2073
-284
-3107
-3409
-837
1427
-206
-4630
-7266
-6191
-4173
-3897
-4203
-3726
-3842
-6207
-8142
-6074
-1425
522
-1627
-3353
-1929
205
623
1237
3633
5723
5318
3896
4027
5504
6974
7808
8312
8271
7676
6767
6083
6104
6954
7741
7014
5075
3323
2778
2676
2430
2034
1627
22
-3551
-7196
-6450
-1199
754
-5022
-11693
-10311
-5277
-4726
-6667
-5305
-4112
-7295
-9758
-6118
-751
-78
-2565
-4108
-3198
-686
1401
1717
1231
2333
3587
2737
1713
3349
5083
4253
2939
3767
4646
3108
1316
1373
2434
2676
1648
205
-772
-1026
-1044
-1043
-765
-398
-1487
-3303
-3827
-2420
-1054
-1083
-1651
-2225
-2789
-2537
-1035
311
565
95
-193
-287
216
1700
2735
2290
1253
1281
2047
2335
2089
2271
2080
432
-2330
-3390
-1233
1565
946
-3124
-6249
-5781
-3912
-3436
-3586
-3045
-2935
-4971
-7293
-6293
-2228
502
-699
-2891
-2516
-561
205
441
2401
4927
5063
3171
2603
4238
6092
6947
7364
7487
6979
6134
5647
5797
6640
7563
7170
5008
2889
2613
3410
3112
1855
1169
882
-705
-3213
-4347
-3300
-2255
-2994
-4998
-6444
-6579
-6110
-5811
-5428
-4749
-4642
-5694
-6463
-5254
-3135
-2264
-2589
-2448
-1616
-1051
-722
161
1409
2113
2076
1798
1948
2601
3160
3140
2982
3102
3008
2192
1564
1882
2342
1917
984
416
133
-234
-474
-368
-271
-585
-1303
-1935
-2021
-1537
-1034
-1009
-1332
-1622
-1703
-1436
-787
-80
208
72
-86
-10
298
857
1488
1844
1598
1194
1198
1605
1832
1756
1274
-88
-2349
-3277
-1083
1840
964
-3530
-6349
-4974
-2866
-3050
-3432
-2280
-2159
-5168
-7541
-5242
-611
817
-1468
-3098
-2061
-542
-163
726
2993
4649
3850
2236
2400
4286
5974
6548
6681
6726
6493
5905
5462
5699
6590
7367
6821
5099
3589
3351
3541
3202
2572
1434
-904
-3371
-2843
-505
-712
-4558
-6982
-6118
-5073
-5570
-5375
-4488
-5543
-7593
-7498
-5027
-3164
-3007
-3861
-4595
-3894
-1833
-156
-241
-253
653
1347
1111
1628
3067
3456
2629
2459
3557
3963
3153
2297
2309
2663
2653
2234
1482
938
454
65
-143
243
363
-694
-2130
-2495
-1694
-1221
-1340
-1723
-2114
-2612
-2604
-1734
-772
-396
-779
-1200
-1270
-450
794
1480
1132
608
927
1535
1783
1743
2182
2451
1484
-778
-2487
-1564
1174
2389
-225
-3919
-4987
-3461
-2638
-3016
-2520
-1458
-2740
-6224
-7230
-3823
-32
-165
-2468
-2922
-1565
-953
-1031
618
3408
4472
2903
1534
2345
4409
5826
6268
6528
6638
6281
5426
5088
5860
7176
7415
5913
4093
3491
3796
3395
2473
2209
2211
778
-1779
-3006
-2398
-1864
-2808
-4005
-4614
-5144
-6002
-6236
-5425
-4657
-4817
-5588
-5932
-5457
-4436
-3544
-3093
-2704
-2181
-1800
-1750
-1189
135
1324
1418
1099
1318
1906
2266
2538
3037
3241
2797
2184
2074
2335
2449
2244
1794
1302
803
390
110
92
131
-106
-691
-1251
-1478
-1457
-1357
-1306
-1353
-1541
-1703
-1675
-1422
-1000
-479
-108
-128
-310
-126
461
925
1116
1360
1671
1728
1525
1504
1760
2021
1601
83
-1867
-2068
5
1654
-15
-3376
-4738
-3668
-2976
-3333
-2854
-1701
-2595
-5649
-6858
-4103
-638
-307
-2147
-2734
-1651
-922
-810
538
2997
4114
2906
1605
2366
4372
5692
5885
6025
6306
6074
5255
4945
5734
6631
6430
5260
4331
3930
3410
2554
2140
2354
2063
589
-1219
-2069
-2188
-2420
-2977
-3409
-3741
-4455
-5398
-5928
-5528
-4834
-4554
-4838
-5058
-4928
-4629
-4196
-3468
-2424
-1719
-1656
-1925
-1624
-540
676
1279
1314
1432
1634
1794
2011
2657
3249
3143
2505
2080
2155
2203
2077
1860
1703
1351
797
305
71
102
23
-295
-824
-1172
-1348
-1476
-1544
-1460
-1301
-1330
-1380
-1317
-1119
-863
-492
-91
28
51
249
717
1022
1158
1407
1772
1808
1349
1145
1529
1541
24
-1973
-1973
151
1448
-330
-3260
-4350
-3535
-3017
-3135
-2522
-1638
-2652
-5377
-6320
-3830
-735
-333
-1799
-2346
-1670
-1193
-822
768
2996
3778
2653
1637
2345
4050
5238
5634
5921
6085
5648
4885
4808
5607
6286
5941
4881
4074
3825
3464
2577
1876
2053
2119
814
-1175
-2060
-1904
-2111
-2827
-3106
-3220
-4212
-5569
-5796
-4848
-4093
-4228
-4760
-5132
-5098
-4520
-3570
-2738
-2273
-2096
-2107
-2035
-1344
-69
908
998
754
924
1408
1786
2128
2593
2818
2469
1929
1851
2181
2330
2077
1707
1399
986
516
305
407
410
63
-415
-781
-1003
-1123
-1080
-972
-934
-989
-1083
-1227
-1245
-886
-307
20
-40
-125
14
291
601
932
1207
1311
1245
1125
1083
1168
1312
1253
559
-852
-2040
-1686
-114
463
-1203
-3389
-3962
-3391
-3220
-3167
-2262
-1599
-2881
-5006
-5115
-2836
-752
-586
-1312
-1474
-1220
-1049
-412
1239
3004
3485
2664
1976
2457
3752
4925
5539
5695
5490
4999
4554
4620
5188
5637
5350
4532
3888
3529
2946
2101
1712
1857
1606
445
-925
-1797
-2320
-2608
-2474
-2317
-3018
-4376
-5211
-5047
-4513
-4120
-3846
-3919
-4450
-4829
-4299
-3220
-2470
-2189
-1960
-1690
-1532
-1195
-472
361
782
854
937
1183
1505
1778
2057
2213
2243
2139
2038
1930
1758
1577
1465
1435
1268
980
609
317
108
22
-23
-224
-524
-808
-927
-983
-889
-705
-628
-802
-962
-789
-467
-245
-161
28
191
239
276
503
835
988
1064
1153
1161
861
619
786
886
40
-1531
-2185
-1242
-52
-432
-2059
-3241
-3364
-3269
-3321
-2740
-1694
-1708
-3399
-4851
-4132
-1990
-649
-784
-1139
-998
-842
-816
8
1872
3359
3245
2287
2174
3111
4076
4607
5142
5614
5384
4568
4129
4475
4915
4908
4694
4499
3898
2750
1770
1664
2025
1865
965
-129
-1046
-1899
-2555
-2595
-2097
-1947
-2849
-4348
-5252
-4931
-3996
-3437
-3514
-3805
-4063
-4305
-4211
-3339
-2028
-1302
-1550
-2036
-1912
-1204
-410
267
843
1163
1062
825
983
1622
2230
2387
2242
2120
1974
1651
1404
1563
1908
1852
1309
745
460
320
196
169
174
-51
-573
-1058
-1151
-851
-510
-450
-666
-911
-990
-904
-651
-245
93
93
-144
-174
175
598
763
752
795
866
773
552
538
825
834
-120
-1629
-2190
-1117
162
-209
-1955
-3138
-3111
-2996
-3211
-2706
-1454
-1324
-3123
-4733
-3970
-1782
-614
-867
-1078
-765
-750
-978
-199
1761
3261
3110
2198
2062
2885
3834
4495
5025
5339
5146
4569
4134
4166
4517
4840
4827
4350
3532
2675
1996
1630
1587
1649
1373
451
-854
-1902
-2225
-2045
-2034
-2548
-3236
-3691
-4049
-4483
-4590
-4021
-3389
-3476
-3990
-4047
-3588
-3206
-2907
-2230
-1398
-1163
-1492
-1515
-801
119
696
1000
1228
1300
1230
1344
1807
2322
2470
2245
1921
1672
1528
1520
1655
1707
1451
965
531
264
122
96
113
-58
-492
-864
-913
-797
-765
-773
-730
-744
-857
-886
-694
-414
-229
-161
-99
18
119
142
213
496
830
912
728
521
451
489
491
92
-905
-1789
-1474
-267
34
-1353
-2922
-3158
-2665
-2647
-2674
-1889
-1243
-2263
-4094
-4215
-2198
-408
-484
-1244
-1126
-600
-588
-327
1204
2992
3248
2263
1889
2715
3686
4190
4653
5144
5072
4415
3951
4088
4446
4621
4556
4174
3426
2610
2086
1831
1611
1367
1047
347
-795
-1776
-2001
-1769
-1845
-2390
-2963
-3384
-3846
-4206
-4015
-3386
-3070
-3422
-3868
-3779
-3301
-2884
-2515
-1983
-1489
-1414
-1537
-1257
-526
118
416
642
964
1156
1158
1275
1621
1916
1941
1842
1748
1578
1369
1337
1464
1455
1185
838
554
270
36
11
99
-16
-396
-737
-842
-811
-767
-681
-622
-752
-991
-1005
-671
-301
-175
-197
-134
-14
27
92
341
653
747
636
582
651
663
572
462
143
-653
-1472
-1382
-426
28
-964
-2492
-3065
-2666
-2372
-2412
-2078
-1522
-1921
-3343
-4006
-2737
-841
-294
-980
-1266
-699
-242
-141
576
2129
3182
2821
2006
2115
3107
3999
4415
4668
4809
4544
3957
3612
3874
4458
4741
4314
3329
2371
1934
1962
1997
1735
1242
560
-395
-1441
-1987
-1738
-1316
-1603
-2623
-3535
-3792
-3670
-3593
-3485
-3215
-3086
-3383
-3777
-3665
-3007
-2335
-2005
-1838
-1610
-1403
-1300
-1061
-451
336
845
913
793
780
974
1322
1728
2011
2010
1751
1410
1182
1190
1407
1583
1420
930
447
217
165
117
61
1
-184
-534
-853
-913
-756
-603
-580
-638
-720
-797
-784
-599
-292
-39
17
-69
-91
51
267
402
466
567
652
548
295
204
338
225
-502
-1336
-1372
-607
-144
-779
-1936
-2537
-2442
-2264
-2188
-1870
-1445
-1618
-2503
-3107
-2560
-1292
-421
-356
-588
-628
-423
25
819
1796
2464
2559
2339
2271
2581
3198
3867
4285
4283
3957
3584
3369
3404
3676
3918
3712
2982
2184
1800
1758
1651
1340
949
483
-164
-849
-1277
-1361
-1336
-1481
-1878
-2429
-2908
-3095
-2969
-2728
-2599
-2659
-2821
-2934
-2870
-2617
-2241
-1834
-1491
-1316
-1310
-1267
-982
-508
-56
248
418
498
522
586
779
1054
1244
1256
1116
934
821
827
900
912
802
613
405
207
37
-68
-111
-153
-245
-389
-537
-643
-672
-613
-516
-468
-498
-534
-505
-410
-280
-114
38
79
40
74
257
413
402
356
481
655
589
309
158
278
355
35
-565
-951
-816
-406
-274
-701
-1405
-1869
-1877
-1612
-1316
-1099
-1072
-1349
-1757
-1860
-1428
-717
-184
3
-25
-98
-73
240
883
1567
1920
1904
1824
1898
2104
2377
2699
2974
3005
2757
2448
2331
2447
2600
2566
2262
1806
1428
1257
1218
1114
838
433
44
-211
-354
-531
-811
-1087
-1239
-1312
-1434
-1602
-1720
-1779
-1842
-1878
-1820
-1719
-1677
-1689
-1657
-1540
-1377
-1193
-1009
-879
-791
-654
-470
-344
-270
-139
25
84
22
4
76
124
96
86
119
127
79
7
-73
-129
-75
44
37
-150
-289
-220
-71
-37
-108
-172
-174
-83
65
140
56
-41
41
225
299
237
192
234
280
316
373
408
341
251
290
431
474
331
178
188
294
310
216
131
94
27
-72
-129
-162
-248
-359
-381
-317
-319
-454
-579
-574
-490
-441
-449
-424
-343
-282
-276
-267
-189
-70
36
157
302
399
393
378
477
658
792
843
869
890
897
912
934
892
784
753
853
936
826
591
405
324
317
368
423
314
13
-258
-291
-166
-106
-169
-270
-366
-472
-520
-446
-345
-347
-425
-445
-390
-372
-431
-456
-390
-316
-328
-376
-380
-358
-363
-406
-428
-420
-405
-397
-396
-411
-443
-448
-400
-336
-304
-292
-269
-247
-220
-150
-43
15
-7
-27
32
114
154
185
229
247
219
215
265
288
249
239
288
304
230
142
134
159
139
104
92
76
26
-29
-51
-51
-57
-48
-32
-54
-100
-113
-84
-57
-58
-45
12
48
34
20
62
124
144
140
170
227
240
197
160
183
222
207
153
121
112
65
-16
-66
-65
-64
-135
-236
-293
-314
-340
-373
-377
-376
-411
-472
-477
-420
-373
-370
-354
-293
-249
-254
-237
-138
-29
10
27
116
236
274
268
346
514
625
615
587
644
729
752
731
751
797
775
689
630
637
649
602
519
452
391
304
214
151
119
57
-39
-133
-205
-263
-316
-340
-345
-371
-442
-516
-542
-521
-504
-503
-498
-485
-489
-512
-519
-472
-393
-342
-339
-345
-326
-292
-265
-235
-199
-162
-144
-144
-144
-139
-133
-137
-134
-111
-81
-87
-134
-186
-196
-150
-84
-47
-68
-128
-176
-154
-62
37
80
63
35
30
66
145
243
311
300
240
214
271
362
407
385
351
318
278
242
256
300
289
192
80
28
26
15
-10
-27
-62
-144
-237
-275
-235
-178
-165
-206
-251
-261
-240
-212
-169
-107
-68
-74
-99
-72
14
91
112
117
152
194
207
200
234
297
327
301
275
286
310
308
289
281
282
273
247
217
197
189
173
143
114
105
115
97
51
3
-14
3
9
1
-12
-25
-50
-90
-97
-55
-6
1
-48
-97
-110
-94
-79
-63
-49
-56
-104
-166
-180
-140
-110
-135
-187
-228
-251
-280
-296
-286
-264
-287
-351
-401
-404
-378
-366
-367
-357
-346
-354
-368
-348
-285
-210
-169
-156
-138
-97
-43
12
77
144
189
203
195
211
258
305
325
323
320
301
268
240
242
259
250
204
152
116
98
75
48
31
22
2
-40
-69
-74
-70
-77
-86
-71
-47
-48
-64
-64
-36
12
46
65
74
74
72
88
134
191
226
214
177
147
152
188
226
245
222
164
104
68
73
103
118
94
28
-51
-99
-100
-82
-69
-87
-124
-167
-200
-203
-177
-147
-131
-123
-118
-104
-89
-73
-34
21
75
107
123
135
146
163
194
233
259
240
194
159
145
151
144
118
68
7
-52
-96
-111
-122
-149
-200
-252
-282
-292
-303
-312
-322
-327
-331
-330
-315
-293
-279
-271
-254
-219
-170
-123
-95
-80
-61
-36
2
47
90
114
114
110
120
138
162
179
180
163
132
111
101
108
113
99
64
12
-32
-46
-37
-17
-16
-43
-87
-125
-135
-106
-58
-24
-26
-56
-85
-71
-23
30
69
79
70
49
53
92
147
185
189
170
144
138
150
174
201
203
179
140
100
89
95
105
99
72
31
-14
-40
-41
-38
-41
-58
-83
-101
-106
-94
-82
-74
-73
-71
-50
-27
0
21
27
41
61
93
125
145
147
135
134
142
163
176
163
135
95
64
58
61
58
27
-23
-78
-110
-115
-102
-100
-130
-176
-219
-234
-218
-188
-171
-181
-213
-238
-230
-188
-142
-115
-120
-142
-152
-123
-69
-17
7
0
-16
-18
9
60
105
115
93
62
46
60
87
103
95
60
17
-7
-14
-8
-8
-25
-53
-84
-101
-103
-96
-89
-93
-98
-99
-96
-82
-62
-44
-32
-25
-16
-2
17
36
51
56
55
52
58
69
81
86
76
65
54
52
55
61
63
60
49
36
28
27
33
41
37
32
25
22
18
20
28
35
40
48
56
66
75
89
107
125
145
153
158
163
174
186
197
198
188
170
156
151
147
139
115
81
47
24
9
3
-14
-39
-78
-111
-126
-123
-109
-113
-133
-165
-184
-181
-155
-124
-111
-125
-145
-154
-139
-101
-66
-49
-56
-75
-84
-67
-32
0
4
-16
-42
-56
-52
-35
-22
-29
-55
-83
-100
-101
-94
-88
-98
-118
-138
-151
-145
-132
-121
-122
-132
-140
-132
-109
-77
-54
-48
-55
-52
-33
7
45
74
81
68
56
68
104
145
165
151
119
90
82
101
128
142
121
72
30
13
23
48
56
38
-6
-46
-59
-41
-6
16
12
-12
-35
-34
-2
44
83
90
81
64
73
105
147
179
186
173
157
159
171
193
198
190
165
145
131
122
117
106
79
49
30
13
2
-10
-29
-48
-62
-67
-65
-66
-69
-79
-88
-93
-89
-81
-75
-76
-82
-92
-98
-91
-80
-69
-70
-71
-80
-83
-72
-58
-46
-41
-49
-56
-56
-43
-26
-16
-15
-30
-47
-55
-54
-40
-34
-43
-67
-90
-108
-110
-99
-92
-100
-120
-141
-147
-137
-116
-96
-94
-97
-99
-89
-62
-30
-5
6
11
19
38
60
83
90
91
83
80
84
86
87
77
62
41
36
27
24
18
5
-6
-18
-23
-21
-14
-6
-4
-3
-1
8
19
33
46
52
65
71
83
94
106
112
118
126
131
136
135
134
131
126
125
125
121
114
100
84
73
62
55
43
30
13
-7
-17
-30
-38
-38
-45
-56
-61
-62
-61
-57
-50
-46
-41
-41
-33
-28
-19
-10
-7
-8
-10
-8
0
0
-1
-8
-19
-23
-22
-19
-25
-34
-49
-61
-62
-54
-48
-48
-59
-77
-83
-78
-61
-49
-44
-53
-67
-75
-68
-48
-31
-24
-33
-46
-52
-42
-24
-7
2
-8
-18
-24
-18
0
15
20
9
-6
-12
-10
1
14
13
1
-16
-28
-31
-24
-21
-28
-36
-54
-64
-69
-63
-55
-57
-60
-72
-76
-69
-57
-38
-23
-16
-13
-7
3
24
47
66
81
88
95
101
113
128
143
149
153
150
148
150
148
149
144
136
128
113
103
94
86
74
63
52
38
24
9
-3
-12
-24
-30
-38
-43
-53
-67
-74
-77
-72
-67
-66
-63
-61
-56
-47
-36
-20
-6
2
7
14
23
34
41
46
48
43
39
40
38
30
23
12
-1
-8
-14
-21
-29
-38
-50
-62
-69
-74
-77
-81
-86
-90
-92
-93
-93
-87
-81
-74
-71
-66
-62
-56
-49
-41
-34
-30
-27
-25
-20
-16
-12
-9
-5
-3
-2
0
-3
-4
-7
-11
-14
-16
-20
-24
-25
-31
-31
-30
-31
-27
-26
-27
-26
-22
-16
-6
-1
5
8
15
26
33
42
47
52
59
67
73
81
85
89
90
90
93
92
95
92
92
87
83
82
78
75
70
64
57
54
47
42
33
28
20
13
8
4
-3
-10
-14
-19
-22
-24
-26
-30
-27
-30
-35
-33
-31
-27
-23
-21
-19
-15
-9
-4
-2
4
4
5
5
5
11
11
8
4
-1
-1
0
-7
-11
-15
-19
-25
-32
-34
-40
-42
-46
-49
-52
-55
-55
-55
-51
-50
-49
-47
-48
-42
-40
-34
-32
-30
-23
-20
-20
-16
-9
-10
-5
-3
-1
0
3
2
3
7
5
2
2
3
3
2
1
3
0
-3
-1
-2
-4
-3
-4
-1
2
-1
3
6
9
9
15
19
23
24
27
29
31
33
35
38
39
42
40
42
41
40
38
38
38
34
35
33
31
29
23
20
19
16
12
8
4
1
-3
-5
-9
-7
-8
-10
-14
-14
-16
-13
-13
-15
-12
-14
-15
-14
-11
-11
-6
-6
-3
-1
0
3
0
1
1
4
3
2
3
2
-2
-5
-9
-13
-14
-18
-20
-23
-27
-30
-32
-30
-33
-32
-37
-35
-35
-35
-32
-29
-26
-25
-20
-18
-15
-10
-7
-6
-4
1
5
7
6
9
14
15
14
15
16
14
14
13
10
8
5
3
1
-3
-8
-10
-13
-13
-17
-17
-16
-16
-16
-14
-10
-8
-5
-5
-2
2
5
10
14
17
19
24
28
30
33
36
37
38
39
40
37
33
31
27
26
20
18
15
9
5
-1
-6
-9
-13
-16
-19
-23
-22
-24
-25
-23
-22
-20
-17
-16
-7
-6
-4
3
6
12
13
19
23
21
22
20
21
21
18
17
17
13
13
8
8
7
3
0
-4
-4
-8
-9
-13
-14
-12
-14
-14
-16
-16
-19
-21
-19
-18
-16
-19
-18
-16
-14
-14
-13
-13
-11
-11
-11
-6
-3
-2
-2
-3
-2
-4
-2
1
0
1
-1
-2
-2
-4
-7
-6
-6
-7
-11
-8
-11
-10
-10
-10
-12
-12
-9
-11
-10
-9
-11
-8
-8
-4
-3
-3
-2
1
3
3
9
11
10
13
12
15
19
23
26
24
26
24
26
26
23
24
23
20
16
15
12
8
6
3
3
1
-1
0
0
0
1
3
5
5
4
7
11
13
13
15
16
15
16
17
14
15
16
14
13
11
9
7
6
4
3
3
0
-4
-4
-5
-7
-12
-10
-11
-12
-13
-17
-16
-17
-16
-18
-18
-17
-21
-20
-21
-20
-17
-19
-17
-16
-16
-13
-12
-11
-10
-9
-9
-10
-9
-7
-7
-7
-6
-5
-4
-3
-3
-4
-3
-5
-7
-7
-4
-3
-4
-5
-5
-7
-7
-8
-9
-8
-8
-5
-6
-6
-5
-4
-1
1
0
-2
-2
1
1
1
2
2
3
8
7
7
7
8
10
9
8
8
10
9
9
10
11
10
11
10
10
12
8
12
12
9
10
9
11
12
11
7
9
8
7
8
8
7
6
7
4
4
6
3
7
1
4
5
4
7
4
6
3
3
6
5
5
3
1
3
2
2
0
0
1
1
1
-3
-4
-1
-2
-2
-3
-7
-5
-5
-4
-7
-7
-7
-8
-9
-9
-9
-8
-9
-9
-8
-7
-7
-8
-8
-10
-9
-10
-11
-13
-12
-10
-11
-10
-10
-10
-13
-12
-12
-12
-12
-10
-9
-10
-10
-9
-5
-2
-5
-7
-5
-3
-3
-1
-1
-3
2
-1
1
1
3
5
2
6
9
5
5
6
8
10
8
7
11
11
11
10
11
10
10
11
10
8
11
12
13
14
15
14
16
16
17
16
16
17
12
15
15
14
15
16
13
12
12
13
11
9
11
10
7
9
11
6
8
9
8
6
5
5
6
1
3
1
-1
0
-3
-4
-4
-3
-5
-4
-6
-5
-5
-6
-8
-9
-9
-9
-8
-9
-8
-12
-11
-9
-9
-7
-8
-8
-10
-11
-10
-9
-10
-7
-9
-11
-10
-11
-10
-10
-12
-10
-7
-9
-7
-10
-9
-10
-9
-10
-7
-4
-4
-4
-6
-2
-3
0
0
1
1
0
0
-2
-4
1
1
-2
1
1
2
0
1
0
-2
-3
-1
2
1
2
3
2
3
6
4
2
4
3
6
7
6
10
7
6
8
7
10
9
10
9
10
9
8
11
11
13
12
14
13
11
10
8
6
7
9
10
8
7
5
4
5
4
4
1
0
0
1
1
0
-2
0
0
-5
-2
-4
-3
-5
-6
-3
-4
-3
-5
-2
-7
-9
-9
-9
-11
-10
-9
-9
-10
-13
-10
-12
-10
-12
-12
-9
-12
-11
-11
-13
-12
-9
-10
-9
-12
-14
-10
-9
-9
-11
-8
-5
-5
-6
-6
-2
-1
-2
-1
1
1
1
3
0
2
4
2
5
4
2
2
5
4
3
4
3
2
1
2
2
0
-2
-2
1
0
1
0
-1
1
1
1
2
0
2
4
3
3
4
6
6
6
5
6
6
6
8
8
5
8
9
8
11
8
8
9
7
6
9
9
10
9
7
8
8
8
5
6
3
3
3
1
0
1
2
-2
0
1
-1
1
-4
-6
-3
-1
-3
-6
-6
-7
-5
-4
-4
-8
-8
-7
-9
-11
-14
-11
-12
-12
-11
-11
-13
-14
-14
-12
-14
-15
-14
-12
-12
-13
-12
-10
-10
-10
-7
-6
-4
-3
-6
-4
-4
-4
-2
-1
-1
3
3
3
2
4
5
4
6
5
9
8
7
10
10
9
7
9
9
8
7
7
5
3
8
7
5
4
3
7
7
6
9
6
5
2
5
5
5
4
2
1
2
3
8
5
4
4
5
4
4
8
8
7
5
5
4
4
4
5
5
5
5
4
4
3
3
4
1
4
1
-1
-3
-4
-5
-4
-4
-3
-3
-4
-3
-5
-1
-5
-5
-4
-5
-3
-7
-4
-4
-4
-4
-6
-6
-5
-3
-2
-7
-6
-5
-4
-5
-6
-8
-8
-8
-12
-9
-9
-9
-10
-11
-10
-10
-10
-8
-9
-6
-5
-4
-4
-5
-4
-5
-5
-5
-4
-4
-3
-1
0
0
2
-3
-2
0
-1
3
3
5
2
0
3
2
2
-1
1
2
-1
0
1
4
4
5
1
1
0
1
1
2
0
2
0
0
3
0
0
0
3
3
5
5
8
6
5
6
4
5
5
7
5
6
8
8
8
6
7
9
5
6
7
8
9
7
5
7
6
5
3
1
2
2
3
4
2
1
4
1
2
1
-1
0
0
1
-1
-1
-1
-2
-2
1
0
-1
-5
-1
1
0
-1
-3
-3
-6
-4
-5
-8
-6
-6
-5
-6
-7
-4
-5
-8
-9
-8
-5
-4
-6
-8
-11
-7
-6
-6
-6
-7
-10
-11
-10
-10
-3
-2
-7
-11
-12
-5
-3
1
-3
-2
1
1
1
0
-5
-3
-3
-3
-4
-9
-3
-3
-1
-6
-10
-11
-8
-10
-4
-3
-1
-1
-2
-1
0
7
8
2
6
9
11
12
13
17
17
15
17
19
25
31
30
25
25
24
21
18
11
6
7
4
11
12
2
3
8
9
13
11
-2
-1
2
15
16
-5
-8
-7
9
2
8
11
1
-13
-27
-24
-13
15
3
-38
-63
-42
-27
-29
-26
-31
-28
-46
-27
-3
7
-24
-35
-6
-18
-56
-74
-31
-23
13
0
-71
-66
-31
-31
-47
-52
-74
-1
-76
-348
-531
-148
-13
-514
-1079
-1497
-1154
253
1802
1548
-226
-1128
380
1873
1123
-456
-619
258
827
638
-467
-907
-472
-1028
-1570
-418
1018
1491
1470
-1070
-2160
847
1738
-858
-2184
-1513
-886
288
889
1478
2649
2289
-1757
-2780
2575
4691
-20
-1449
2559
2828
755
930
631
-336
-635
-1043
36
1760
2230
2168
1775
-247
-1079
-823
-1274
-1343
835
1731
392
-79
321
-226
-2475
-3143
-1979
-1458
-1700
-524
360
-731
-2014
-2674
-3397
-3769
-2539
-899
-523
-605
-297
-650
-2043
-2280
-1253
-485
-38
942
1793
1833
1368
1027
968
614
476
1083
2116
3085
3548
2579
1125
597
545
306
890
2040
2266
1234
207
-28
-199
-759
-770
-248
-38
-133
-399
-552
-524
-934
-1473
-1531
-1270
-665
5
109
-33
-218
-698
-1045
-715
19
760
1144
1047
771
455
48
-66
335
935
1117
848
774
882
507
-104
-218
-229
-413
-304
126
379
181
-430
-1013
-1327
-1424
-1054
-486
-175
-112
-388
-822
-1096
-1099
-807
-311
-98
69
340
343
181
69
43
24
-7
127
660
1040
960
680
355
11
-245
-106
318
656
638
411
79
-232
-416
-390
-271
-225
-174
-149
-187
-264
-298
-420
-581
-643
-456
-140
106
165
169
83
-134
-286
-132
168
473
649
622
511
401
263
233
403
454
411
387
407
425
385
209
10
-62
-70
-92
-49
103
105
-160
-462
-595
-551
-475
-370
-180
-45
-160
-372
-408
-323
-277
-210
-83
18
119
195
149
57
70
81
15
73
242
391
467
404
179
-7
-59
-24
82
227
259
87
-138
-200
-163
-251
-323
-265
-239
-276
-204
-102
-47
-161
-333
-381
-250
-52
109
131
96
98
112
120
70
106
239
250
198
387
475
221
26
91
94
67
99
94
78
58
-23
-33
-41
-206
-276
-125
-22
-98
-186
-193
-133
-103
-158
-200
-128
-91
-102
-10
76
66
100
107
25
57
242
300
183
189
281
206
116
210
298
332
339
214
84
103
68
-46
-66
-34
-66
-120
-103
-99
-209
-244
-171
-162
-165
-166
-240
-225
-120
-104
-184
-270
-227
-91
-59
-73
-4
-2
-34
12
-18
-96
-58
-10
-14
12
71
97
14
-74
18
67
-91
-134
13
50
-27
-62
-50
-39
-104
-206
-186
-33
49
2
-22
47
44
-72
-72
41
5
-80
-38
33
110
189
74
-70
20
71
-7
127
291
170
65
129
124
88
137
106
-4
7
78
68
54
91
103
32
-60
-79
-26
23
32
-18
-65
-25
32
14
-34
-4
17
-83
-114
29
78
10
12
-5
-66
-71
-75
-41
44
8
-33
54
52
-54
-73
-49
-70
-43
65
120
63
44
85
-8
-145
-102
3
5
7
14
-24
-45
-84
-158
-176
-144
-90
10
37
-36
-50
-46
-115
-192
-222
-164
-60
-6
34
83
57
29
14
-3
52
71
19
50
173
203
97
-2
11
64
80
65
-1
7
92
3
-131
-50
11
-117
-172
-80
-64
-128
-104
-29
-12
4
23
0
-11
-49
-96
-30
48
27
15
103
122
24
14
78
23
-1
103
131
71
83
113
60
-13
-77
-112
-46
70
49
-27
7
-10
-113
-119
-76
-78
-39
19
63
136
121
-17
-121
-115
-32
-5
-52
-17
86
58
-4
52
121
71
-18
28
44
48
138
110
-72
-79
7
-46
-109
-69
30
-46
-76
45
-26
-94
15
-101
-278
-71
2
-170
-223
-81
64
-54
-136
19
28
-45
48
116
6
-46
53
120
-117
58
275
3
-6
17
185
99
-154
147
144
-371
231
367
-375
-109
216
-141
-288
75
227
-206
-156
181
-78
-180
233
-47
-250
95
97
-120
-25
169
29
-56
8
167
13
-45
109
93
-15
91
114
-15
11
123
125
89
46
104
68
-22
-40
27
58
-47
-74
6
26
-41
-53
-106
-178
-104
-19
-79
-94
-13
-24
-154
-149
-78
-71
-94
-48
-22
3
58
70
37
-32
-4
57
31
38
128
91
25
40
8
-19
33
13
-77
-69
10
41
-8
-58
-37
-20
-42
-48
-47
-7
11
-16
-25
-12
20
16
-10
10
14
42
47
31
79
52
4
46
46
9
34
43
19
-4
34
70
20
-15
46
67
-3
9
98
55
15
51
3
-13
32
23
1
-39
-51
-1
-32
-85
-64
-49
-72
-100
-95
-80
-70
-61
-54
-96
-78
-5
-12
-59
-27
-3
5
11
-1
52
100
30
13
72
89
92
52
14
40
73
60
24
5
41
54
25
-1
-14
-11
2
-23
-18
37
28
-19
-52
-52
-4
-9
-44
-34
-21
-8
-12
-31
-23
-10
-16
-42
-47
8
17
-22
-6
8
1
7
10
18
31
35
23
-12
-10
26
32
40
55
22
4
15
4
23
27
5
24
12
11
46
30
-7
-25
-12
14
-1
-12
-4
3
10
-23
-38
-14
-12
-27
-14
12
-1
-34
-27
0
10
4
-17
-19
9
24
8
0
2
8
2
-6
14
17
8
9
-7
-11
11
2
-15
-8
-3
6
-5
-30
-21
9
3
-30
-26
-7
-6
-5
-11
-20
-20
-25
-26
0
19
-1
-28
-36
-17
1
-7
-4
4
-1
2
-1
2
13
-3
-12
9
26
35
20
1
12
24
21
15
18
33
35
23
37
40
20
17
14
1
7
18
23
14
3
2
-2
-2
-2
-6
-10
-4
-2
-1
-4
-5
2
-10
-25
-13
2
-1
-3
-5
-10
-10
-7
-11
-8
2
9
-6
-15
3
5
-4
-4
4
4
-1
-2
3
0
-4
-6
-11
-1
10
4
-1
-7
-1
9
-4
-11
-1
5
-2
-11
-16
0
2
-12
-5
-10
-8
-7
-10
-1
2
-3
-8
3
11
4
2
-2
-1
-4
3
18
15
1
-2
4
-10
-3
17
13
4
3
9
5
-11
-13
3
9
-3
6
11
6
7
-3
-9
-4
-3
-5
-1
6
10
12
-3
-15
-9
-3
1
1
2
3
2
-7
-11
2
2
-4
-6
-1
2
2
4
-1
-5
3
7
0
-9
6
15
6
-2
3
9
3
0
6
11
10
7
4
5
10
9
1
1
2
0
1
5
9
5
3
2
-10
-16
-2
2
-5
-6
-2
-6
-9
-6
-13
-18
-11
-1
-5
-4
-1
-8
-14
-5
-2
-5
-4
4
7
0
4
8
10
9
2
-8
-4
11
11
5
6
9
2
-7
-7
-1
3
5
1
-3
-3
1
3
-2
-3
-4
-9
-10
-4
1
2
1
0
-3
-2
-1
1
1
1
-1
-5
0
5
4
0
2
6
3
-4
-1
4
3
2
4
4
3
1
-4
-3
0
6
5
1
-3
-1
-5
-9
-4
-2
-4
-3
-1
3
0
-11
-11
-4
3
2
2
2
3
4
3
4
6
7
10
11
7
6
9
8
2
2
6
9
8
6
6
0
-4
-4
-7
-7
-3
-1
-4
-12
-8
1
-1
-4
-8
-3
0
-4
-4
-2
0
-4
-8
-9
-2
1
-2
-4
-3
2
2
0
0
-2
-4
-3
-5
3
8
1
2
3
2
-1
-2
1
6
5
1
0
1
3
0
4
0
-1
0
-3
-3
-2
0
1
-3
-3
0
-1
-3
-4
-1
2
3
3
4
5
0
2
2
-1
1
0
0
5
7
1
-5
-2
-1
-1
1
2
5
6
6
-1
-2
-1
-1
-2
-2
0
3
4
3
0
1
-3
-3
-1
4
3
1
1
3
4
-2
-3
-3
-2
1
3
1
-3
-2
0
-4
-8
-7
-2
3
3
-2
-3
-5
-4
-2
-3
-5
-2
0
0
-1
1
-1
-4
-6
-6
-1
0
-5
-2
4
4
-3
-6
-1
4
4
0
-2
0
5
5
5
3
-4
-8
3
7
4
4
6
4
4
6
8
5
0
5
6
3
6
8
7
4
-1
1
5
1
2
6
3
1
1
2
0
-4
-4
-5
-5
-7
0
4
1
-2
-6
-5
-6
3
5
-1
-5
-4
1
5
1
-3
-6
-9
-1
-1
-1
-1
3
2
-2
-7
-5
-4
-6
-4
-3
-4
-7
-1
1
0
-5
-4
-5
-3
4
0
-4
1
3
0
-1
0
3
0
1
5
1
-3
2
3
0
3
3
4
0
0
3
3
2
4
4
4
2
0
-1
1
3
0
1
5
4
2
6
3
-4
-3
3
2
0
2
6
0
-2
2
1
-2
0
-1
-2
-1
3
2
2
-3
-1
5
4
5
-3
-3
-1
3
1
-3
-3
-2
1
1
-3
-3
-3
-3
-5
-2
2
-2
-4
-4
-4
-2
-6
-4
-1
5
-1
-4
1
-3
-7
-2
4
2
-3
-2
4
-1
1
3
-1
0
6
4
2
4
5
1
-7
2
3
-1
1
3
5
5
-1
-1
2
3
0
0
4
1
1
2
2
-3
-2
1
-2
-3
2
-2
0
4
2
3
3
-1
-2
2
0
2
6
3
0
-1
-1
-1
-6
-4
-4
-2
-3
-1
0
1
-3
-4
-2
-5
-1
2
0
-1
1
1
-1
5
0
-6
-1
1
0
3
2
1
-1
-6
-5
1
7
4
0
-1
0
4
2
3
3
1
1
3
-2
3
7
2
-3
-5
10
7
-3
2
-1
-7
2
-1
-4
4
2
2
-2
-4
3
-3
-10
-4
-2
-6
-3
-3
4
0
1
5
0
-2
3
2
-1
5
0
-1
-4
-4
-2
0
-1
0
5
-2
-4
2
3
0
-2
5
0
-1
9
6
-3
-5
5
2
-4
-2
1
1
-3
-2
1
3
6
-1
-2
2
1
-1
-1
-2
-4
-1
-4
-5
-2
-2
0
-6
-2
7
4
0
-1
1
3
1
0
5
4
1
-1
1
1
1
2
2
-1
-3
3
3
-6
-10
-1
-1
-8
-9
-6
-6
-8
-10
-11
-7
0
2
-4
7
22
8
-2
12
19
3
4
20
21
8
14
17
5
3
1
-13
-16
-9
-20
-30
-19
-20
-39
-36
-20
-32
-49
-42
-41
-44
-26
-16
-27
-5
31
21
7
31
33
-27
-57
-34
-35
-56
-26
5
-1
-1
-26
-107
-185
-252
-376
-479
-463
-388
-380
-284
-22
126
140
271
462
453
358
468
627
576
601
820
927
870
919
1009
873
669
614
492
196
32
32
-101
-290
-268
-220
-393
-524
-456
-515
-750
-807
-718
-794
-902
-770
-609
-640
-625
-445
-366
-428
-376
-248
-255
-291
-180
-58
-30
38
192
274
284
342
399
367
322
316
284
224
205
213
194
171
165
128
87
49
-8
-53
-67
-98
-142
-109
-52
-71
-79
2
33
-29
-10
70
52
7
64
125
99
114
187
188
155
187
210
155
147
180
143
76
93
112
38
3
51
33
-48
-49
-8
-49
-102
-84
-72
-103
-111
-89
-82
-84
-61
-48
-47
-33
-16
-21
-31
-12
8
1
-7
15
30
8
-16
-5
10
-11
-35
-14
8
-5
-23
-15
1
-20
-57
-63
-46
-62
-98
-94
-82
-106
-127
-96
-82
-106
-95
-58
-68
-85
-38
-13
-46
-35
15
1
-30
7
40
0
6
71
67
34
64
95
40
12
55
33
-16
5
47
18
6
57
54
15
19
37
5
-25
8
12
-13
6
36
25
16
53
58
32
45
78
71
50
74
89
60
50
70
69
47
49
68
62
52
55
55
37
23
13
-16
-33
-50
-59
-64
-68
-65
-58
-45
-43
-42
-39
-31
-35
-44
-37
-30
-34
-32
-15
-12
-18
-18
-9
-15
-25
-25
-20
-22
-22
-12
-8
-15
-13
-9
-21
-31
-25
-23
-33
-30
-12
-15
-23
-15
-16
-34
-42
-26
-32
-41
-23
0
-1
1
22
29
26
27
36
29
25
31
31
25
21
28
23
13
15
21
19
13
16
14
7
-3
-3
-2
-4
-2
3
7
9
12
17
16
15
15
13
16
17
23
24
21
25
19
9
10
9
-1
-3
1
-7
-13
-10
-11
-18
-16
-10
-14
-22
-14
-13
-22
-23
-13
-15
-20
-6
3
2
2
9
5
-2
-3
3
0
2
11
13
14
17
19
10
9
5
-4
-12
-16
-20
-23
-21
-17
-15
-17
-15
-19
-24
-23
-26
-31
-33
-25
-18
-14
-9
-4
1
5
6
4
4
6
12
16
16
16
18
15
15
15
14
14
8
6
6
4
0
0
0
-7
-6
-6
-7
-4
0
-2
-3
-5
-4
-6
-6
-5
-5
-7
-5
1
4
4
7
11
7
5
6
8
5
5
10
6
6
10
9
5
5
1
-3
-4
-4
-7
-8
-7
-6
-6
-7
-9
-8
-7
-9
-10
-11
-9
-2
-2
-3
3
1
2
2
3
3
5
7
7
9
11
10
5
4
1
-2
-6
-8
-12
-13
-12
-10
-11
-10
-11
-12
-12
-11
-7
-8
-8
-6
-4
-6
-2
1
1
2
1
4
1
1
2
1
1
5
4
2
1
5
3
2
2
5
5
4
3
4
2
-1
-2
0
0
-4
-1
2
-1
0
-4
-2
2
-1
0
2
2
4
5
7
8
8
8
8
11
10
7
4
3
1
0
1
1
-3
0
-2
-4
-3
-5
-1
-4
-3
-4
-7
-4
-4
-7
-10
-4
-5
-6
-3
-7
-7
-7
-7
-5
-2
-1
-2
-5
-6
-4
-4
-3
-5
-5
-4
-6
-2
-4
-6
-1
-1
2
1
2
1
3
3
3
2
-1
-1
-1
1
3
1
2
1
4
0
-1
1
2
-1
-3
1
3
-2
0
4
2
4
3
2
1
1
1
-1
4
1
-1
0
2
0
-1
-2
-4
-1
-1
-1
0
-2
-2
-3
-2
-1
-1
-1
-1
-2
-1
0
-2
-3
-1
3
3
3
2
1
1
-2
-1
-2
-1
-1
-2
-2
-2
-3
-1
0
1
2
3
0
-3
-1
-2
1
1
0
-1
3
1
2
1
-1
2
-2
-1
1
-2
-4
-4
-6
-4
-4
-4
-3
-6
-4
-2
-4
-5
-4
-3
-5
-1
-2
-4
0
0
2
1
2
1
1
1
2
1
-1
-1
-1
-1
0
1
-1
-1
2
1
-1
-2
-1
0
1
2
2
2
1
0
1
2
5
4
3
-1
1
-1
-1
0
-1
-2
-1
-1
-3
-3
-3
1
-2
-4
-2
0
1
-1
-4
-1
0
-1
-2
0
0
2
0
-1
0
0
1
-3
-2
-1
2
1
2
4
1
0
-2
-1
0
-1
0
0
-4
1
1
0
1
1
-2
-2
-1
-3
-1
-2
-2
-4
-2
-1
-2
-1
-1
2
-1
1
0
-4
-3
-1
-2
2
1
0
0
-1
-3
-1
0
0
1
0
-2
-1
-2
-1
0
3
2
3
3
0
2
0
0
-2
1
1
0
1
-1
-2
1
1
0
3
1
-2
-2
0
1
1
3
0
2
0
0
0
-1
0
-3
-2
0
-2
-2
-1
1
1
1
-1
0
0
-3
0
-1
0
1
-1
-2
-3
-2
1
-1
-2
-2
1
-2
-4
-2
-4
-4
-1
-2
-3
-3
-4
-3
-2
-3
-2
0
-3
-1
0
1
1
1
0
1
0
1
1
2
0
2
1
-1
3
1
-1
-1
-1
0
-1
0
1
0
-4
-2
-1
1
3
0
1
2
-1
2
1
1
2
0
2
0
3
2
0
-1
0
-2
0
3
1
0
0
2
3
2
0
1
-1
-1
1
1
2
2
0
1
-1
-1
0
-2
-2
-1
-1
0
0
0
-2
0
-2
-2
-2
-1
1
0
-1
-2
-1
-3
-2
-1
-2
-4
-1
-2
-3
-2
-2
0
-1
0
-1
-2
-3
-1
0
-1
0
0
0
3
0
1
-1
0
1
3
3
3
2
-1
3
2
3
2
-1
-2
0
0
-1
-1
-2
-3
-1
0
-3
1
-3
-2
-4
-2
-1
-2
0
-2
-1
-3
-2
2
-2
-1
0
0
4
1
1
0
0
1
0
3
3
1
0
0
-4
0
3
0
0
3
3
1
3
1
-1
1
3
0
-3
2
-3
-3
-2
-1
-1
0
4
3
1
3
1
0
-1
1
1
-2
0
-1
-1
-2
0
0
-2
-3
-1
-3
-3
-2
-2
-1
-1
-1
1
1
-2
-3
-1
-2
0
0
-2
0
-3
-2
1
2
0
-4
-4
-2
0
2
1
0
-1
0
0
0
1
1
2
2
-1
0
3
2
2
0
1
2
2
3
1
0
1
3
1
0
1
0
0
-2
1
-4
-3
0
1
5
1
1
5
0
0
-1
-2
-5
-5
1
-3
-4
-4
-1
-6
-5
-3
-2
1
1
2
4
3
1
2
1
-1
0
5
4
0
-1
3
1
1
2
1
1
0
1
2
2
0
0
-1
-2
-1
-3
0
0
-4
-2
-2
-2
-1
2
1
-1
0
3
-1
-2
1
3
0
0
-2
-4
-2
-2
0
-4
-1
-1
-3
-4
-1
0
-2
-3
1
-2
-1
1
1
0
-1
3
2
1
1
4
2
0
2
2
-3
-2
-1
-2
1
0
2
0
-1
0
0
0
1
-1
-1
0
-3
-1
0
0
0
4
4
1
4
2
2
4
2
1
3
4
2
3
3
2
0
1
2
-3
0
-1
-2
0
0
-1
-2
-2
-2
-3
1
-1
-3
-6
-4
1
-2
0
0
-2
2
2
2
1
4
2
-2
-3
-2
-2
-2
0
-1
-2
0
0
-2
-3
-5
-3
-1
1
2
-2
-1
0
0
-3
-2
0
0
-1
-1
1
-3
3
2
2
3
0
0
1
-2
0
-1
-1
-2
-3
-1
1
-2
-1
2
2
4
3
4
1
-1
2
4
3
3
5
4
0
0
1
0
-1
0
-1
-1
-1
0
-1
2
0
0
-1
-2
-1
-2
-1
-3
-1
-4
-2
2
0
-1
0
1
-3
-2
0
2
0
-1
0
-4
-2
1
-1
0
2
2
2
3
2
-1
-2
-1
1
1
1
2
1
0
0
0
-3
-3
-1
-1
-2
-1
-3
-2
1
0
-1
0
0
0
-1
-2
-1
1
1
0
0
-1
-2
2
1
1
4
3
3
1
0
-1
0
4
2
-2
-3
-1
1
3
-1
-2
-2
-1
-2
-1
3
1
-1
1
-1
2
2
1
1
1
2
-1
-1
-2
-1
-1
0
-1
-2
1
-2
-3
1
1
-4
-3
1
1
1
0
0
-2
-2
1
4
1
0
0
0
1
2
1
2
2
2
-1
1
1
-1
2
-2
-1
-1
1
1
3
1
1
1
-1
2
1
-1
0
-2
-2
-1
-2
-1
-1
2
2
0
1
0
2
1
0
2
1
1
1
-1
0
-1
1
0
-1
0
-2
-1
-3
-1
-1
-3
-1
-1
-1
0
1
0
-3
-1
2
-2
-1
1
-2
-2
0
1
1
2
0
0
1
4
4
2
1
3
3
2
1
1
0
0
-2
1
-4
-4
1
-1
0
-3
-1
0
0
-1
-3
0
1
2
0
1
1
2
3
0
2
1
1
2
1
1
-1
0
0
-1
2
1
-1
-1
1
0
-2
-2
-2
-2
-1
0
-3
-2
-3
-2
1
-1
0
0
-1
1
2
0
-2
-1
2
-1
-2
0
-2
0
2
3
2
1
-1
0
1
1
-1
-2
-1
-2
0
-3
1
1
1
2
1
0
2
2
4
2
0
3
1
1
3
3
2
2
0
1
3
-1
-1
-4
-3
1
0
-2
-2
0
0
0
1
0
0
1
0
-3
-2
0
-1
0
0
1
0
-2
-1
-1
-1
0
0
0
0
-1
-1
-2
-3
-1
-3
-3
0
-1
0
-4
-1
1
0
-2
1
0
0
-1
-2
0
-1
3
2
2
0
1
2
2
2
2
1
2
0
1
3
0
2
0
0
1
2
2
0
3
4
1
-1
1
-1
1
2
-1
-3
-2
-2
-1
1
1
0
1
1
-2
2
2
0
-2
-1
0
-1
-2
-3
-1
-2
-2
-1
-2
-2
-1
-2
-2
-2
-1
1
-3
0
-2
-1
2
1
1
1
2
1
1
-3
1
2
2
2
-1
-1
-1
-1
-1
1
2
2
2
2
-1
3
4
4
3
-1
1
0
-1
0
-2
0
-1
-1
0
-1
0
1
0
-3
-4
-3
-2
-1
0
1
-4
-3
0
-1
0
0
0
1
-2
2
1
-1
2
2
1
3
3
4
2
1
1
2
1
-1
-2
-1
-1
-1
-1
0
0
-1
0
0
-1
-1
-1
-1
0
-3
0
-1
-1
0
1
3
1
0
3
-1
2
2
2
3
1
1
2
0
-3
-1
3
2
0
0
-2
1
-1
0
0
0
-1
-1
-2
-4
-1
0
-2
0
-4
-5
0
0
-1
-1
-1
-1
0
1
2
3
3
2
1
-1
-1
3
5
0
0
-1
-5
-6
-5
-1
-2
0
1
-1
-1
2
0
-1
-1
-1
-1
-2
-2
0
2
2
3
1
1
1
3
4
3
3
1
0
1
-1
0
3
1
2
4
2
2
3
2
2
-1
3
-2
-3
1
-2
-1
1
-3
-3
-2
-1
-1
-1
-1
-2
-1
-2
-2
0
-2
-4
-2
-2
-4
-2
0
0
1
0
1
2
0
2
1
0
2
1
2
0
2
1
0
0
0
2
-1
-2
2
1
0
2
2
-2
-2
-2
1
0
1
3
2
1
1
0
1
1
1
3
-1
-2
-4
-3
0
-2
0
1
-1
4
2
0
2
2
2
-1
0
2
-1
-1
-1
-1
-1
0
-2
-2
-3
-4
-2
-3
-1
-2
-3
-2
-2
0
1
1
3
1
0
0
-1
0
0
1
3
3
0
-1
0
-1
-1
-4
-3
-1
-1
0
0
0
1
1
1
1
1
3
1
0
0
-1
-2
1
2
3
3
1
1
2
3
3
2
1
2
2
1
2
0
1
1
-1
0
0
1
1
0
0
1
1
-1
-2
0
-1
1
-1
-2
-1
-2
0
-2
-1
2
0
-1
1
-2
-1
-1
-2
-3
-3
-3
-5
-3
-2
0
-2
2
2
3
-1
-1
0
0
4
1
1
-1
3
3
-2
-4
-1
0
-2
-1
-1
0
-1
-3
-1
-1
2
1
-1
1
1
2
-1
0
1
2
4
2
0
1
4
3
2
1
0
0
2
1
1
2
3
3
0
1
2
2
2
1
-1
2
0
-2
-3
-3
-2
-2
1
2
1
2
1
0
3
3
0
-1
0
1
0
-1
0
-1
-3
-3
-1
0
-1
0
-1
-3
-2
-3
-1
-2
-1
-1
-2
-4
-3
1
1
-1
-2
-1
-1
1
3
1
0
0
-4
0
2
0
-2
-3
-1
0
1
-1
-1
-1
1
2
1
2
3
1
-1
-1
-1
0
-3
1
3
1
3
5
2
3
0
2
3
2
2
2
3
0
-1
-2
-2
0
1
-1
0
1
0
2
1
-3
-3
-1
-1
0
-1
0
1
0
0
-2
-1
-2
-1
0
2
1
-2
0
-1
-3
-1
-3
-2
0
2
2
3
5
2
1
0
-1
0
-1
0
-1
0
0
-2
0
0
-1
0
-1
-2
-2
0
1
2
1
1
2
4
1
0
4
3
3
0
-1
-1
1
3
1
2
1
0
-3
-3
0
-2
-3
-2
0
-2
0
-1
0
0
1
1
-1
1
1
0
-2
-1
-3
-5
-1
0
-2
2
-1
-4
0
1
1
2
-1
0
-1
-1
1
2
3
3
2
4
5
3
2
2
2
3
0
1
3
0
-1
-2
0
0
-1
0
-1
-2
-3
-1
-2
-1
0
-3
-1
-2
0
-4
-3
-1
-4
0
-1
0
0
-1
0
1
1
-1
1
-1
-3
-2
0
0
2
1
1
2
1
2
2
3
1
2
2
1
1
1
3
2
3
1
1
0
0
1
0
-2
1
0
-1
1
1
0
1
1
0
1
1
1
0
0
0
-1
-1
1
1
1
3
4
2
0
-2
-1
-1
0
0
2
-1
1
0
-1
2
0
1
-2
-5
-5
-4
0
-2
-2
-1
-1
-2
0
-1
-1
-4
0
0
0
2
0
-1
-2
-2
-2
0
-1
1
1
0
1
5
2
0
1
0
0
0
1
0
-1
2
0
1
3
3
1
0
1
0
0
-2
0
0
-1
-4
-3
-1
1
-1
-1
-1
1
2
2
1
0
-1
-1
3
4
3
1
0
1
2
2
1
1
0
2
2
2
2
0
-2
-3
-1
1
-2
-1
-2
-1
1
-2
2
2
0
-1
-2
-1
1
1
2
-1
-1
-1
-1
-1
-2
-1
-1
-1
1
-3
-1
-1
-1
1
-2
0
-1
2
3
4
-2
-1
1
-1
-1
0
2
-2
-1
-1
-2
-3
-1
3
3
2
4
2
1
2
2
2
0
1
1
0
1
2
2
1
2
2
2
2
0
1
1
0
-2
-2
-4
-2
1
1
1
1
-3
-3
-1
-2
-1
0
1
-1
0
1
0
1
-1
0
-2
-2
-3
-3
0
0
-2
-3
-3
-3
0
0
0
0
-1
1
1
0
2
0
-1
0
1
0
0
-3
-4
0
1
1
1
0
2
2
0
0
2
4
4
4
5
5
4
3
3
0
-1
0
0
0
0
1
2
2
0
-2
0
-1
0
-2
-3
-3
1
0
-3
-2
-2
-1
1
0
-2
-1
0
0
-1
-1
1
0
-1
-1
0
-3
-1
0
-2
-3
-1
1
-2
0
0
-1
0
-1
-1
-1
3
1
-2
-1
0
2
0
0
1
2
-1
1
1
0
3
0
0
1
-1
-2
-2
0
0
2
2
0
1
-1
2
0
2
-1
-1
2
2
1
1
2
1
-1
2
0
0
1
3
3
-1
0
0
2
1
2
0
0
1
0
-1
-2
-1
-1
-1
1
0
-3
-3
-5
0
-2
-4
-5
-4
-1
-2
-2
-3
-1
-1
-1
1
1
-3
-1
-1
-1
0
1
0
1
0
-1
2
2
1
2
0
0
1
2
-1
0
-1
2
4
5
5
3
2
3
2
3
4
0
2
0
-2
-1
0
2
-1
-3
-3
-2
-1
-1
-2
1
3
1
2
1
-2
-1
-1
0
1
-2
-1
0
1
1
1
1
0
-2
1
-1
0
1
2
1
0
0
-2
-2
-1
-2
-4
-1
0
0
-3
0
0
0
-1
-2
-1
-2
1
1
1
3
3
2
3
2
2
0
-2
-1
0
-1
-1
-2
-1
-2
-3
-3
0
-1
0
0
1
2
1
2
-1
2
1
2
-1
1
1
1
0
-1
-2
-2
2
0
-1
-1
-1
0
2
2
3
0
-3
0
-2
-1
-2
2
0
-1
1
1
4
4
3
4
1
0
0
0
1
2
-1
-3
-2
-4
-3
-4
0
0
0
1
0
-1
1
1
1
1
2
3
1
-1
-3
2
0
1
0
-2
-2
0
1
-1
-3
-1
2
-2
0
1
0
2
0
0
-1
-1
1
0
1
0
1
4
0
0
-2
0
-1
2
2
-1
2
0
0
0
0
1
0
-1
-3
-1
-1
1
2
-1
1
2
-3
0
-1
-1
2
0
0
0
0
1
-1
-1
-1
-1
-2
-1
0
0
0
-1
1
0
-2
1
0
1
1
1
2
0
3
4
3
0
0
0
0
1
1
1
2
2
0
1
1
0
1
-1
-2
-1
-2
-2
1
1
-1
2
2
1
-1
0
0
-1
-3
-4
-5
-2
1
-2
0
-2
-2
-2
2
2
0
0
0
-2
1
1
-3
-3
-1
0
-1
3
0
1
-2
2
3
0
2
1
0
1
0
-3
-1
0
0
5
2
1
0
-1
-2
-5
-3
-3
1
3
2
1
-1
1
3
2
-1
3
0
0
-2
-1
0
-1
0
-3
0
1
3
1
0
3
2
3
1
2
2
2
1
1
1
0
1
1
3
2
-2
0
-1
1
3
1
1
-1
-2
-1
-1
-1
-5
-3
-1
-3
-2
-1
1
-1
-3
-4
-2
0
-1
-4
-1
-3
-7
-5
-3
-3
0
0
0
0
-1
1
2
3
0
2
1
1
2
2
2
2
3
2
2
2
4
3
3
1
0
-2
-2
0
0
0
2
2
1
1
-4
-2
0
4
1
2
1
-2
0
-1
1
1
1
-1
0
3
3
2
1
-1
-2
0
0
-1
-1
-2
-3
-1
-1
-2
-2
1
1
-2
-2
-1
-2
-1
-3
-1
-2
-4
-1
3
-1
-3
-1
1
-1
-3
0
-2
-2
1
1
1
1
1
2
4
2
2
3
1
3
4
4
3
0
3
0
1
2
1
0
1
1
-2
-2
0
0
2
2
2
0
-2
1
1
-2
2
0
-1
-3
-3
5
0
-2
-3
-4
-1
-3
-2
-3
-3
-1
-5
-3
-1
0
-3
-2
2
0
1
1
1
-1
2
0
-3
-3
1
-1
2
3
2
4
1
3
3
0
2
3
1
1
4
2
0
1
1
1
2
-1
-1
0
-1
-2
-2
0
2
-1
0
1
-3
-3
-1
0
0
-1
-1
-1
-1
-1
-2
0
-1
0
0
-1
1
0
-2
-2
-1
-1
-1
1
1
2
0
0
0
-2
2
1
2
2
1
1
1
1
-1
2
0
1
-3
-2
1
0
0
-1
1
0
-2
-1
0
-2
0
-1
-1
1
0
1
2
3
2
2
2
2
4
2
0
2
3
-3
0
2
1
0
0
1
2
2
0
-1
-3
0
1
-1
0
-1
-1
0
0
1
0
-2
-1
-2
-2
-1
-3
0
-1
0
1
1
-2
-2
0
-1
0
0
1
0
-2
-1
-3
-2
-1
-2
-1
4
-2
-1
0
-1
0
0
0
-4
-1
-2
-2
1
1
-1
-3
-2
1
1
0
2
3
3
0
0
-2
-1
1
2
1
1
1
0
2
1
1
2
1
1
2
2
1
1
2
3
2
1
-1
-1
0
-2
-1
0
-1
-2
-1
-2
0
-1
0
1
-1
1
0
-1
3
0
-2
0
1
1
0
0
0
1
1
1
0
-3
0
-1
-1
1
-1
2
1
2
-2
0
0
-1
-2
-1
-1
2
2
-1
0
-2
-2
-5
0
-2
-1
1
0
-1
2
0
0
1
-1
4
3
2
4
4
3
1
2
-1
-1
0
-2
0
1
-1
-1
-1
2
3
0
-3
-1
0
0
0
0
-1
-2
-4
-1
0
-2
-1
-2
0
1
0
1
-1
0
-1
-1
1
2
0
0
2
1
2
0
0
-2
-1
-1
-1
1
-2
-4
-3
-2
-3
-3
-1
-1
5
2
-2
0
-1
4
1
0
4
2
2
7
5
3
4
3
2
0
-2
2
0
0
0
1
-1
-2
-2
0
1
0
-1
-2
-2
-2
1
1
0
-2
0
-1
-3
-2
-1
-1
-5
-2
-2
-3
-1
-1
0
1
2
3
2
3
0
1
1
3
2
2
2
-2
-1
0
0
-2
-2
-3
0
2
-2
1
0
-1
-1
0
-1
-4
0
-1
0
-2
0
0
-1
1
-1
-2
0
-1
-1
0
-2
0
-1
1
2
0
0
0
3
2
3
1
0
1
0
4
3
2
1
2
0
4
2
-1
2
-1
-2
-1
0
1
-1
0
0
-2
2
0
2
-1
-4
-2
-1
0
1
0
1
-1
-1
-1
-2
0
1
1
2
0
-1
1
1
-1
-1
0
0
-1
1
0
1
2
2
1
1
0
-1
-1
-1
-1
0
2
0
0
0
0
1
-2
-1
-1
0
-1
2
1
0
1
0
-1
-1
3
2
1
-1
-2
-3
-3
0
-1
0
0
-2
-1
-4
-3
-1
0
-3
-2
-1
-1
1
0
0
0
3
-1
-1
-1
-2
1
-1
3
3
4
2
3
1
-1
2
1
1
3
1
1
1
-1
1
0
-1
-1
1
-2
-1
-1
-1
0
-2
-1
2
1
-2
-3
-2
-1
0
1
-1
0
1
1
-1
-1
-2
-1
-1
0
1
0
1
1
2
3
0
3
2
0
0
1
0
1
1
-3
-2
-1
0
1
0
0
0
0
0
2
3
4
0
1
3
3
1
0
1
0
-1
1
3
-2
-2
-2
-2
-1
-1
-3
-2
-2
-3
-1
-4
-1
-2
-1
-2
-2
0
1
2
-2
-2
0
-2
-2
0
1
1
-2
-1
0
-2
0
1
0
-2
0
3
3
4
3
2
0
0
0
-1
-3
-1
-1
-1
2
1
3
1
0
-2
0
-2
0
-2
0
2
1
4
1
0
-2
0
1
1
3
2
-1
0
-1
1
1
-1
2
3
2
2
1
0
0
0
0
0
0
-1
-3
-3
-3
-3
0
-4
-2
1
0
0
-1
0
-2
-1
0
-2
-3
-2
0
1
0
-1
-2
1
0
0
0
0
0
0
1
0
1
1
2
2
-1
2
0
1
1
1
0
-1
0
-3
-1
0
3
0
2
3
5
2
1
1
0
2
1
0
-2
1
0
-1
-1
-1
1
0
-1
-1
0
1
1
1
1
-2
-2
1
-1
0
-3
-2
-3
-2
1
0
2
1
-1
5
2
0
1
-1
-2
-2
1
0
1
1
1
2
3
2
1
0
0
0
1
1
-2
1
1
-1
-3
-4
-1
0
-1
-3
-3
-1
-4
-4
-2
-3
-1
-1
0
-2
-1
0
-4
-2
0
0
-1
0
-1
0
0
1
2
2
1
1
-1
0
2
3
3
1
2
2
2
2
3
-1
1
2
1
1
1
1
0
0
-1
1
3
2
2
-1
0
-1
1
1
0
1
1
0
0
1
0
1
-2
-1
-3
1
0
-1
0
-2
-4
-2
-4
-3
0
-2
-1
2
1
-1
1
1
1
0
1
-1
0
0
-1
0
0
1
1
1
0
-1
-1
0
1
0
1
1
2
1
0
0
1
-1
-1
-1
-3
-2
0
3
1
0
2
2
2
2
0
0
-2
0
0
-2
-2
1
-1
0
3
1
1
-2
-1
2
-1
-2
-2
-3
-2
-1
-2
-2
-3
-4
-2
1
-3
-1
1
-1
-1
0
2
1
6
4
0
1
0
1
-2
-2
-1
-2
-2
0
-1
2
1
-1
-2
-3
2
3
1
3
3
0
1
0
0
2
2
-1
1
3
1
2
0
0
1
2
1
3
1
-1
0
-1
0
1
1
1
1
-2
-3
-1
1
-1
-1
-2
-3
-2
-4
0
0
-1
-1
0
1
1
2
-1
0
0
-3
-2
1
1
1
1
-1
2
-2
2
-1
-1
0
0
-1
-3
0
-3
-2
0
0
0
0
1
-3
0
-1
0
3
3
1
0
0
0
1
1
2
0
1
2
2
2
2
1
4
4
2
1
1
-1
0
2
0
0
1
-1
0
-2
0
-1
-3
0
2
0
1
1
-2
1
0
-2
-2
-1
1
0
-2
1
0
-3
-1
-2
-1
0
-1
-1
-4
0
1
0
0
-2
-1
0
0
0
2
3
3
2
2
0
2
4
-2
1
2
-2
-1
-1
1
1
1
0
-2
0
1
-2
-6
-4
0
0
-1
-3
-2
-2
-1
-2
-1
2
1
3
3
2
3
2
3
2
1
0
0
2
2
0
-1
-1
-1
1
2
4
4
2
0
2
0
0
3
1
1
0
-1
-1
1
2
0
0
2
0
2
1
-4
-4
-3
-2
-2
-2
-1
-1
-1
-3
-4
-4
-2
1
-1
0
-5
-1
1
1
3
0
0
2
0
-2
1
-1
-1
-2
2
-1
-1
-2
-2
1
-1
1
1
-1
-2
2
0
-2
2
1
1
1
1
1
2
0
-1
1
1
-1
1
0
1
0
-1
0
1
5
0
-1
1
0
3
2
2
3
2
2
-2
1
0
0
-1
0
0
-3
0
1
0
-1
-2
1
1
0
2
2
0
-1
1
0
-2
1
2
0
0
-2
-2
-1
5
2
-2
-2
-3
-3
-1
-2
-2
2
-1
3
0
1
0
-2
0
-1
1
0
0
1
1
-1
0
1
0
-3
0
-2
-2
-1
-4
-3
-4
-1
1
0
0
0
-2
-1
-3
-2
0
-1
-1
2
0
1
1
-3
-1
1
1
1
3
1
5
2
3
2
2
2
5
3
1
5
2
3
2
1
0
-1
0
1
0
1
0
1
-1
1
2
2
-2
0
1
0
0
0
-1
1
-1
-1
0
-2
2
0
-2
-2
-1
-4
-6
-1
-1
-2
-3
-2
-1
0
0
-1
2
0
-1
-2
-2
-1
0
0
-2
0
-2
-1
-2
-1
-2
-1
-1
0
1
-1
0
0
1
3
0
0
0
-2
-4
0
2
1
0
0
2
0
1
3
5
4
1
1
1
3
4
3
1
1
-1
1
3
3
0
2
2
-1
-4
0
1
1
4
0
0
0
2
0
0
1
-1
-1
-1
-2
-2
-2
-2
-1
1
1
-1
-2
0
-3
0
-3
-2
-3
-3
0
4
2
-2
-2
-3
-1
-1
0
-2
3
1
1
4
3
1
1
3
5
2
4
2
2
2
-2
1
2
1
0
-2
0
-1
-1
0
1
-1
0
-2
-2
-2
-4
-3
-5
-3
-1
-1
1
-1
-1
-1
1
2
3
2
2
3
1
0
0
2
2
0
-1
0
1
-2
-2
-5
-3
-1
0
-2
-1
-1
-2
-1
-2
0
0
2
1
2
-1
0
2
0
4
2
5
2
1
2
0
3
0
-1
1
0
-1
2
4
2
2
2
0
-4
-1
-1
-3
-2
2
2
0
2
1
4
5
0
-5
-2
-3
-3
-1
-2
1
1
2
3
1
0
0
-1
2
-1
1
0
0
1
2
2
-1
-1
-2
-2
-4
-1
-2
-1
-2
0
-1
-3
-2
-1
0
-3
-2
-1
2
-2
0
-1
0
-1
0
2
-2
1
-4
0
-2
1
2
0
0
-2
2
3
4
1
2
-2
0
-2
1
2
2
2
1
1
0
2
1
0
0
2
-1
1
0
0
1
1
1
-1
2
0
-1
-1
1
2
0
0
-1
2
0
2
1
1
0
1
-3
-1
1
-1
1
-2
0
-2
-1
-5
0
-2
-3
-4
-1
0
2
-1
-2
-2
-1
3
1
1
-1
3
1
0
-1
-2
0
0
1
1
1
-2
-1
-1
0
1
1
-2
0
2
1
1
-4
-1
-1
-1
-3
-3
2
0
1
2
1
6
3
2
3
4
3
2
1
3
2
0
1
1
-1
-3
0
-3
-2
-3
-1
-2
-2
1
-1
-1
1
1
0
2
-1
0
-2
0
-1
-1
0
-3
-1
1
1
0
1
-2
-1
-1
3
3
1
1
0
1
2
2
-1
-2
-2
-2
-3
1
-1
-3
-2
-1
-2
-1
-1
1
2
2
2
1
0
-1
1
1
2
1
1
1
3
0
-1
0
-2
2
2
0
0
1
1
2
-1
-2
3
-1
-2
-2
-1
0
-1
0
-1
-1
-3
-1
0
-3
-1
0
0
3
7
2
2
0
4
2
0
2
1
4
2
4
3
3
1
-1
0
0
1
-1
1
-1
-2
0
1
-2
-3
-3
-2
0
0
0
-1
-3
-1
-2
-1
-2
-2
0
-2
-2
-2
-2
-3
-2
1
-2
0
-1
1
1
2
-2
1
4
3
3
3
3
0
1
0
-1
-1
2
3
1
-3
-3
0
-1
-2
1
2
0
-2
-1
-2
0
-1
-3
-2
0
0
3
3
-1
-1
-1
3
-1
0
-1
1
-2
-1
1
0
1
1
1
-1
0
-2
1
-2
0
3
1
2
0
-1
1
4
3
4
1
0
-2
-1
-2
-1
-1
0
0
-2
-3
-3
-1
-6
0
-1
1
-3
1
-1
-4
-1
0
0
-1
2
-2
3
1
0
2
4
3
2
4
3
4
2
1
2
1
-1
1
3
4
3
0
3
1
-1
-1
2
0
-1
-1
-1
-3
-4
-1
-2
-1
0
0
-2
-3
-2
-2
0
0
0
-1
1
2
1
-2
0
0
-2
-1
1
3
1
0
-1
0
0
-2
0
3
2
1
-1
-3
-2
2
-2
-2
-1
-1
1
2
2
0
1
2
1
1
0
0
-1
2
1
0
2
1
2
3
1
1
0
-2
-1
-4
-2
-1
-1
1
1
0
0
2
-2
-2
-3
-4
-3
-2
-3
-2
0
1
-1
-1
3
2
1
0
1
2
4
2
5
0
0
2
1
3
0
1
1
-2
-2
0
-1
5
2
2
3
2
1
2
3
-3
-3
-3
0
1
3
2
1
0
0
-2
-3
-2
-3
-3
-2
0
0
1
1
2
1
1
-1
-1
-2
-5
-3
-1
0
-1
0
-2
0
0
-1
-1
3
0
-1
1
2
2
3
2
3
3
2
0
-1
0
-1
0
-1
1
0
2
3
1
1
-1
2
1
-3
0
0
-2
-3
-4
-4
-2
-2
-1
1
-2
-1
-2
-3
-1
-1
0
-1
3
3
4
5
2
2
0
1
4
1
3
1
2
0
-2
1
-1
-3
-1
0
1
1
-1
1
-1
0
2
1
2
3
0
-1
0
-1
0
-2
-1
-1
1
2
-2
-1
-3
-6
-2
-2
2
-2
-2
2
0
0
1
0
-1
-1
-2
4
0
0
-1
-1
-4
-4
0
-2
2
0
-1
0
0
0
1
1
-2
-2
-3
-2
2
0
2
0
1
-2
-4
2
1
1
1
1
2
2
3
3
-1
0
1
2
4
4
3
4
3
1
3
2
1
1
2
0
2
3
1
0
0
0
0
1
0
-2
-1
1
-1
-3
-3
-1
-2
-4
-2
0
-2
-2
-1
-2
-5
-4
-2
-3
-2
-2
0
-2
1
1
1
0
2
0
-1
-2
-2
0
-2
0
3
3
1
1
2
3
2
0
3
1
-2
1
-1
-4
-1
0
-1
-1
-2
-4
-1
1
-1
-2
2
1
2
0
-3
-1
0
1
-1
0
2
0
1
-1
2
2
0
-1
2
1
1
3
-1
3
2
2
4
2
1
-3
0
1
0
1
0
1
2
3
-1
-2
-2
1
1
1
-2
0
-3
-2
0
-1
1
-1
1
2
0
-1
-3
-3
-1
-3
-4
-1
-2
0
1
3
2
-1
0
-2
-2
0
-2
-2
0
0
3
0
1
1
-1
0
2
3
2
1
-3
-1
1
1
1
0
1
1
1
2
-2
-1
0
0
0
-3
1
1
-2
-2
1
0
-1
-1
0
2
-3
-3
-3
-2
-2
-2
-2
-3
-1
1
0
1
-2
-3
-3
-3
1
0
2
1
2
3
2
1
3
5
3
3
3
3
4
4
1
3
1
0
3
2
0
-2
-1
-2
-1
-2
-2
-3
-2
-4
-4
0
-1
2
-3
1
-1
-2
0
-1
4
-1
0
-3
-4
-2
-2
-2
-4
-3
-4
3
3
2
-1
0
3
1
3
1
-1
-2
-1
-2
-1
1
2
4
5
3
1
1
1
-2
-2
1
-1
1
-2
0
-1
-1
4
0
4
5
2
1
0
-1
1
-2
-1
0
-2
-2
-1
0
-1
-3
-5
-3
-4
-2
-1
-1
1
-2
0
-3
-4
-3
-1
-4
-1
1
3
2
1
0
1
1
2
1
0
3
1
2
1
2
0
2
4
2
6
5
3
3
2
3
6
5
3
-1
-1
-4
-5
-2
-2
-2
-2
0
-4
-5
-6
-3
-2
-2
-2
-1
-2
-3
0
1
0
-3
-2
-1
-2
0
0
2
1
2
1
2
0
1
2
0
2
2
0
1
3
2
2
-1
0
1
2
2
1
1
2
4
-2
2
3
1
-1
2
3
1
-2
-3
0
-3
-3
-1
-4
-4
-4
-1
-1
-2
-1
-2
1
-2
-3
-1
0
0
-1
1
-1
0
-1
-2
-3
-2
-1
2
1
-1
1
-1
0
1
3
4
-1
2
3
2
3
3
2
3
3
1
2
0
-1
4
1
-1
0
0
0
-3
0
-2
-5
-3
-3
-3
-3
-2
-2
-1
1
0
3
1
-1
3
2
0
2
1
2
-1
0
2
2
1
2
3
2
2
2
4
1
0
1
-2
-2
0
-4
-3
-3
0
-1
-1
0
2
1
1
0
-3
-1
-1
-1
-1
-1
-1
-1
2
2
-1
0
-1
-3
0
-1
-1
-1
-1
0
0
1
0
0
3
0
0
-3
-2
-1
-5
-1
0
2
3
2
1
0
0
-1
1
2
0
0
0
-3
-5
-3
-2
-1
0
-1
1
-1
-4
-4
-1
-2
-1
1
2
2
0
4
5
2
1
-2
0
-1
3
3
5
2
3
4
3
2
2
1
0
-1
-2
-3
-3
1
2
5
2
2
2
1
1
-1
0
-1
-1
-3
2
-1
2
0
-3
-1
-1
2
0
1
0
0
-2
-1
-1
-2
-2
2
0
1
0
0
0
0
2
-1
-3
-1
0
-1
-3
-2
0
2
2
0
0
-1
0
2
-1
-3
-1
1
0
-3
-2
-2
-2
-1
-1
-3
-2
2
-3
-3
-3
0
-1
-2
-1
0
0
-1
2
3
2
0
0
-1
1
1
1
2
3
1
-1
-1
-1
2
2
3
0
0
0
-2
2
1
3
2
2
1
0
0
2
1
0
2
-1
0
1
3
5
5
2
2
5
2
1
0
3
3
3
3
1
-1
1
-1
-1
-1
-1
-2
-4
-3
-4
-2
0
-1
-2
-2
-1
-1
-3
-3
-6
-1
0
0
0
-1
0
2
0
0
1
-1
-1
-2
0
0
-1
-1
-4
-1
-2
0
-2
-3
-1
-1
1
0
-3
-1
1
-1
5
3
1
1
0
-3
-3
-3
-1
-1
0
1
-2
1
2
0
3
3
4
3
2
1
0
-1
2
4
1
2
2
5
3
4
2
1
-2
-2
-2
-3
-1
1
-1
3
2
3
-2
0
1
-1
1
-2
-2
-5
-2
-3
-2
-1
0
0
0
0
-2
-1
-2
-1
-3
-2
-2
-3
1
-4
-3
0
2
5
3
6
5
3
1
2
3
2
3
2
4
3
4
4
1
0
3
-1
0
-1
-1
0
-1
1
2
-1
-1
1
-2
0
-2
-4
-1
-1
-4
-2
-2
-5
-5
-7
-4
-5
-4
0
-2
1
2
-2
-2
-2
-1
2
0
-1
-1
0
1
2
1
3
1
0
0
-2
0
1
1
0
1
-1
1
4
1
2
-1
1
0
1
-1
1
0
0
1
1
3
1
3
5
2
3
3
2
2
1
0
0
1
1
2
2
2
0
-1
1
-1
1
-2
-1
-1
1
1
0
3
3
1
-1
-1
-3
0
-1
-1
-4
-2
-3
-3
-2
0
1
-1
-2
-1
0
-2
-1
2
-1
-3
-2
1
-1
0
1
1
0
2
0
2
0
-4
-1
-2
-3
-3
0
1
1
-2
-1
1
1
-2
0
3
3
3
3
2
2
-1
1
0
-1
2
-3
2
1
-1
-1
0
-3
-1
0
-1
-4
-2
-1
-1
1
-2
1
0
1
3
1
0
-1
-1
0
0
1
2
3
5
1
2
2
1
3
3
0
2
2
1
1
0
-1
-3
0
1
-1
0
-1
0
1
0
0
1
-1
-1
-1
0
-2
-1
-2
-2
-1
-1
-3
-2
-1
0
0
0
2
0
2
0
0
2
3
6
4
2
0
0
0
2
-1
0
0
1
-2
-2
0
0
0
-2
-2
-5
-3
-1
0
-3
-3
-4
-4
-2
0
-3
-2
-3
0
-3
-1
0
3
1
-1
1
1
3
2
-1
1
0
-1
-1
0
1
2
2
0
2
2
0
1
1
0
3
4
0
4
4
1
2
3
2
-2
0
-3
-1
2
2
2
0
-2
-1
-1
1
-1
-2
-2
0
0
2
1
-2
-1
2
-2
0
3
0
0
0
2
2
1
2
1
0
1
0
0
-2
-2
-2
-2
-3
-3
-3
-3
-2
-5
-6
-3
-5
-3
-2
-2
0
-1
0
0
1
2
1
1
1
1
2
2
3
4
1
1
1
-2
1
3
1
5
3
1
3
3
-1
-1
-1
-1
0
1
0
-2
-2
0
0
0
2
0
-1
0
1
3
3
4
2
0
1
0
2
-2
-2
1
0
-2
-4
0
0
-2
-1
2
-2
0
0
1
0
-2
-3
-3
1
1
0
-3
-1
-2
-2
-1
-1
-1
-2
0
1
-2
-1
-1
-1
-2
-2
0
1
1
2
3
2
2
0
1
4
1
0
0
4
2
0
0
-1
0
-1
-1
-1
0
-1
0
2
3
1
-1
2
0
-1
2
-1
-2
-1
0
0
0
-2
0
-2
0
2
1
1
2
2
0
1
2
2
-1
0
0
-2
-2
-1
-2
-1
-1
-1
-2
-3
0
-2
2
0
2
2
2
0
0
-1
1
1
0
0
-2
0
-1
-2
-1
0
-3
1
2
0
-1
-1
-1
-1
-4
-5
0
0
0
0
0
3
4
4
1
-1
-1
3
1
2
4
2
0
0
2
3
1
2
3
2
4
0
-1
-2
-1
-1
0
0
0
1
3
3
2
2
-3
0
-3
-2
-2
-2
-4
-5
-3
-4
-2
-1
-1
0
0
-1
-3
0
1
4
2
-1
2
0
-2
-4
-2
-2
-2
-1
1
1
1
3
3
2
0
-1
-3
-1
-1
-1
0
-3
0
1
1
0
-1
0
2
2
2
1
1
0
-1
0
1
2
-2
-2
0
-2
0
-1
1
3
5
1
3
4
3
2
1
2
4
4
-1
-1
-1
0
-3
0
1
2
1
4
1
2
1
0
-1
-4
-4
-3
0
-3
-3
-3
-4
-4
-5
-4
-3
-2
-2
-2
-3
0
0
-2
-4
-4
-4
-1
1
-1
0
-1
1
1
2
1
1
3
0
1
0
-2
-1
2
4
5
5
5
4
3
4
2
0
0
2
0
3
4
0
2
2
1
-1
-1
-1
-1
-2
0
0
0
1
0
-1
-1
0
-2
0
-2
0
-1
-2
-1
1
-1
2
0
-1
-3
-2
0
-1
-2
-2
0
-3
0
-1
-1
-2
-1
1
0
-4
-1
-1
0
3
1
2
1
1
-3
-3
-2
-2
-2
-1
1
1
1
1
0
4
2
2
-2
-1
3
2
-2
-1
0
0
1
4
5
2
1
0
-1
-2
0
3
2
0
-2
-2
-1
-1
-1
0
-1
0
0
0
0
-1
-1
-1
1
1
1
2
0
2
1
3
-1
-1
0
-1
0
2
1
0
2
1
0
2
1
-1
1
-1
-3
-3
-4
-4
0
1
0
1
-1
-3
-2
-5
-4
-4
-3
-3
-1
-1
-2
0
1
2
3
2
3
0
0
-2
-2
2
2
4
3
3
3
1
-2
-1
-1
0
-1
1
-2
-4
0
-3
-1
-2
-2
-1
1
1
1
2
1
1
1
1
-2
1
0
2
3
1
3
2
-1
1
3
3
1
-1
1
1
1
-3
-3
0
0
0
1
-1
-1
-3
-2
0
0
1
0
-1
-3
-4
-3
-1
2
1
1
1
-1
-3
-1
0
1
1
-3
2
1
-1
3
0
2
-1
0
-3
-1
0
-1
1
0
-1
-1
-1
-2
-3
-2
1
1
-1
0
0
0
-1
-1
1
-1
0
3
2
0
0
0
-1
-1
0
1
2
3
4
2
3
3
1
3
-1
0
-2
-2
-1
-3
-3
1
-1
0
2
3
3
2
-1
-2
0
-3
-4
-3
0
-2
-3
0
-1
-2
0
-3
-3
1
-1
-3
-1
-5
-3
-1
-2
-3
-1
2
0
-1
2
0
0
2
1
3
4
3
4
4
2
3
-1
-4
1
3
-1
2
1
2
2
1
0
2
1
0
1
2
1
3
2
0
-2
0
0
-1
2
1
1
0
-1
-2
1
0
0
1
-1
-3
-3
-2
-1
-3
-1
-2
-1
-1
-4
-2
1
2
0
-2
0
-3
0
-2
-4
-2
-2
-2
0
2
0
3
4
2
-1
1
1
-2
1
2
-1
0
0
1
2
0
-1
3
3
-2
0
1
3
3
3
1
2
1
1
1
4
1
-1
0
3
1
1
-1
-2
-1
-4
-1
0
-1
-1
0
-1
0
0
2
0
0
-1
-1
-1
-1
1
-1
-1
-1
-3
-4
-2
-3
-3
-2
-1
-4
-1
-1
-2
2
1
-1
-1
0
0
1
1
0
4
4
1
-1
1
1
-1
1
-1
2
1
1
2
1
4
3
3
1
1
-1
1
0
-3
-5
-1
2
2
3
0
-1
-1
-1
1
1
4
1
-1
0
-4
-4
-2
-1
1
2
0
-1
1
1
1
2
-1
-1
-2
-4
-5
-2
-1
0
0
1
1
2
0
-2
-3
-2
0
0
1
1
2
2
2
0
3
2
0
0
-2
1
1
7
2
0
-1
-3
-2
-2
-2
0
-1
-5
-1
-1
1
3
2
2
0
2
0
-1
-3
-4
-2
-2
-1
-2
-2
0
-1
1
0
0
-1
3
1
-2
-2
0
2
-1
0
1
2
4
3
4
2
1
0
2
2
0
1
0
1
1
1
-1
-1
2
0
2
0
0
-2
1
-3
0
0
-1
2
-2
1
1
-2
-1
-1
0
2
-1
0
1
-3
-2
-2
-3
-3
-2
-3
-1
0
-3
-1
1
2
0
0
2
3
1
-1
1
-1
-1
-1
-1
-1
-4
0
4
2
-4
-3
-2
-2
2
0
0
0
2
-1
0
2
1
1
-1
-1
0
2
1
1
1
0
2
4
2
2
1
-1
-2
-2
-2
-3
1
1
-1
1
1
2
2
1
0
-2
0
-1
-2
-2
-2
-2
-2
0
-2
-3
1
0
-4
-1
2
1
3
1
2
1
2
-2
3
4
2
4
2
1
-1
0
-1
1
0
3
0
0
0
-1
-5
-4
-2
-2
1
-1
-4
-3
0
-2
-1
-1
-1
0
1
3
1
4
0
-3
-1
-1
1
0
-1
-3
-1
0
0
2
1
1
0
2
2
-1
2
0
0
1
-2
0
0
-3
-1
-2
-3
1
0
1
2
-1
0
0
0
0
-1
0
-1
1
3
2
3
4
4
1
-1
1
0
-2
-2
-1
2
1
1
1
-2
-2
1
-2
1
0
1
-3
-2
2
1
2
0
-1
-1
-4
-4
-1
2
1
0
1
2
0
1
3
3
0
-2
0
-1
0
1
2
-1
-3
-2
-2
0
2
1
1
-1
0
2
2
1
1
2
1
0
1
1
0
0
1
1
1
-1
-1
0
-3
-1
-1
-2
-2
-1
-3
-2
0
-1
-1
-2
-2
-1
0
-2
0
0
-2
0
2
-1
1
1
0
1
3
0
-1
0
1
1
2
4
2
5
5
3
1
0
-1
-1
-1
1
1
0
0
2
-2
-4
0
-1
-2
0
1
0
0
-1
-3
0
-1
-1
-1
-2
-2
-1
-2
2
-1
-3
0
1
-1
-1
-1
-2
1
-2
-1
-2
2
3
3
2
2
1
0
0
-1
2
0
1
-1
0
0
0
0
-1
-2
-4
0
-2
0
4
3
0
-1
1
1
-2
0
1
1
0
1
0
2
3
2
1
2
0
2
2
2
2
2
3
0
2
1
0
1
0
-3
-3
-4
-4
-4
-2
-1
-1
-3
-2
-1
0
1
1
-2
-3
0
0
0
-2
0
-1
4
3
2
-1
-2
1
0
1
0
1
0
1
-2
-1
-2
1
-2
-3
-1
-2
1
-1
0
0
3
2
1
1
0
1
1
1
1
0
2
2
2
1
0
1
0
-1
0
-1
-1
-2
-3
-3
-3
-2
0
-2
-3
1
-2
0
0
2
2
2
1
4
4
3
3
2
-1
3
-1
0
1
-1
1
-4
-3
-1
-2
0
0
0
0
-1
1
0
-4
-1
0
-2
0
1
1
0
1
0
1
3
1
1
3
2
-1
1
1
2
2
1
-1
2
2
-1
-1
0
-1
0
-1
-3
0
-1
-2
-1
0
0
-1
-1
-1
-2
-2
0
0
-3
-3
-1
0
0
-1
0
-3
1
0
-1
1
1
0
-2
0
1
2
0
2
2
0
3
-2
2
0
-2
1
2
1
4
1
2
1
-1
1
-2
3
2
2
2
3
3
1
1
1
0
-1
0
0
-2
-2
-2
-1
2
2
0
1
0
-1
-1
-1
0
2
-2
-2
-2
-2
-3
-3
-2
-3
-3
-3
-3
-2
1
0
1
3
-2
1
0
0
3
2
2
0
3
0
0
2
0
-1
-1
3
0
-1
0
0
1
0
2
1
-1
3
4
1
3
3
2
1
-2
-1
-3
1
1
2
1
0
3
-1
-3
-1
-2
-4
-1
0
-1
-1
0
2
0
2
0
-1
-1
1
0
0
-2
-3
-1
1
-3
-3
-1
-1
1
2
1
0
2
2
2
3
3
3
0
-1
-3
0
1
1
1
0
-1
1
-2
-2
1
-2
-3
-1
0
1
1
1
0
0
1
-1
1
3
2
1
-1
0
2
0
0
-1
0
0
1
1
-1
-1
0
2
-2
-1
-1
-3
-2
-2
0
-2
-3
0
-1
-1
0
-1
0
2
1
2
1
1
0
1
0
0
-1
1
1
-1
0
-1
2
-2
1
-1
1
-2
-1
-3
-3
0
-1
-1
-1
1
1
0
3
3
2
-1
-1
-1
1
3
3
2
0
-1
-2
0
0
3
2
2
-1
-2
-1
-1
0
0
-1
-2
-1
0
1
2
0
-1
-1
-2
-2
-1
-2
-2
-4
-2
-1
-2
2
2
2
2
2
1
2
1
3
3
3
3
0
2
3
1
3
2
-1
2
2
3
1
0
0
1
0
-4
-2
-2
-1
-1
2
1
0
1
1
0
-2
0
-1
1
0
-1
1
1
0
0
-3
-2
-2
0
-4
-1
0
-1
1
-4
0
-1
-2
-1
-1
-3
-1
-2
-1
-1
-3
0
0
-1
-2
-2
-4
-4
-1
-3
1
0
2
2
1
3
3
1
1
1
0
0
0
3
3
4
2
1
1
-1
0
0
1
3
0
-1
-2
-3
-1
0
2
2
2
-1
0
-1
-1
0
1
2
1
2
1
-1
1
1
-2
-4
0
0
2
2
-1
-1
-2
2
1
0
-2
-1
2
3
2
0
0
-1
-1
-1
0
-1
-2
-2
-3
-2
-2
-4
-1
0
0
-2
0
1
-1
0
0
1
0
1
2
0
1
2
0
-2
0
0
0
2
0
-3
1
2
4
2
0
-1
-3
0
0
-1
-2
2
0
-1
0
1
1
-3
1
0
4
3
2
0
-2
-4
-2
-2
0
2
1
0
3
0
-2
-3
-2
2
0
1
0
-2
-3
0
-2
-4
0
-2
2
1
-2
0
-1
0
-2
1
-1
-3
-3
-4
-3
-3
-2
-2
1
2
3
2
3
1
3
1
2
5
1
7
4
2
3
2
2
1
3
1
1
1
1
3
4
3
1
2
2
0
3
-1
-1
-1
0
0
-3
0
-3
0
-2
-5
-1
-1
-1
-5
-3
-2
-1
1
-1
-2
-2
-2
-4
-3
-1
-1
-4
-6
-4
-2
0
-2
0
0
-2
-2
3
0
-1
0
1
1
-1
0
3
1
2
3
1
0
-2
1
1
3
0
2
1
2
1
0
1
3
3
3
1
-2
1
-2
-2
3
4
1
2
-2
2
1
1
4
1
1
1
-1
2
1
3
2
2
1
-2
-1
-1
2
2
1
0
-3
-5
-2
-4
-5
-3
-2
0
-2
1
-1
-2
-4
-3
0
-1
2
-1
-3
-2
-1
-1
1
2
-1
0
0
-4
-2
-2
-2
-2
0
-1
0
2
1
-1
-1
4
-1
-1
0
0
1
3
2
1
0
4
3
3
0
-1
2
2
3
1
3
0
0
1
0
2
2
2
0
0
0
0
2
-1
0
-2
0
-2
-6
-4
-2
-2
0
-1
-2
3
-1
0
0
-2
-3
-1
2
1
3
0
2
1
1
0
0
1
2
4
2
-1
-1
3
1
4
0
-4
-1
2
1
0
1
-1
0
-3
-3
0
-1
0
-3
-2
1
-2
-2
-3
-1
-2
-2
-1
0
-1
1
1
1
2
-1
0
-1
2
1
0
1
-2
0
-1
-1
2
3
1
-2
-2
2
2
2
-2
1
3
-1
-1
-1
-1
0
-1
-1
0
1
-1
-2
1
1
-3
0
1
2
1
1
1
-1
-1
1
1
0
0
1
-2
0
4
2
2
1
1
3
3
2
2
0
0
2
2
2
-1
1
3
0
0
-1
1
0
1
-2
1
0
0
1
-1
0
-2
-2
-1
-2
-2
-2
-4
-3
2
1
0
-1
-1
-4
-4
-3
1
-1
-3
-4
-2
-2
0
0
-1
-2
-1
2
1
2
0
-1
-2
-1
-1
0
0
-1
0
-1
3
1
-1
1
2
2
1
2
0
2
3
1
1
3
2
3
6
3
4
1
0
4
2
2
1
1
0
-2
-3
-3
-3
0
-1
1
1
-1
-1
-2
0
-1
-2
-3
-1
2
-1
-3
-3
-1
0
0
-2
-3
-2
0
0
0
0
-1
1
1
0
0
0
1
3
1
1
1
2
1
0
0
0
1
2
0
0
4
2
-1
-1
0
1
2
-1
-3
-1
-1
-3
-2
-2
-2
-1
-1
-2
2
1
1
2
-2
0
0
0
-2
-1
-1
-3
0
0
0
1
3
2
0
1
1
-2
-1
0
-2
0
-1
-4
-2
-3
-3
1
2
0
1
3
2
2
3
3
0
3
1
0
3
3
3
1
2
0
0
-1
-2
0
-3
1
2
2
2
0
0
0
1
2
3
2
3
3
0
2
2
2
0
-2
-1
1
1
0
0
1
3
3
0
0
-2
0
3
-1
-1
-2
-1
-1
0
0
-3
-3
-1
-1
0
0
-4
-3
-1
-1
-2
-4
-2
-2
-4
-2
-3
-4
-3
-2
0
2
-2
0
0
2
1
-2
-3
-1
0
1
1
0
0
-1
0
1
0
1
0
0
1
0
2
-1
-2
0
-1
2
2
3
-1
2
4
3
3
2
1
1
4
2
4
2
-1
1
3
3
5
3
4
2
2
1
1
1
3
1
1
0
0
-1
-1
1
-1
-2
-2
1
-1
-3
-1
-1
-1
0
1
-1
-1
-2
-1
-2
-1
-3
-3
-1
-3
1
1
1
1
0
0
-2
-3
-1
3
5
0
-1
-1
-1
0
0
2
-2
-1
-3
-4
0
-2
-1
-1
1
-1
-1
1
0
0
1
2
0
0
1
4
0
2
1
-2
1
0
1
-1
0
0
-1
-1
-3
0
0
-1
-2
-1
-2
0
0
2
3
1
1
4
1
2
3
0
1
2
-1
1
1
0
0
-1
0
0
0
-2
1
1
0
3
1
-1
-2
1
2
0
1
1
-2
-3
-1
-1
3
2
-1
-2
-1
-1
0
1
-1
1
1
3
2
-4
-2
-2
-2
-2
-2
1
-2
0
0
1
1
0
-3
-1
1
-3
2
2
3
3
4
-2
-2
-2
-1
2
2
0
1
4
3
1
-1
1
0
0
2
0
0
2
2
1
-4
-2
-1
0
0
1
2
-3
-1
0
-2
-1
-2
-1
-2
-1
-3
-2
-2
0
2
4
2
3
3
4
3
2
1
-2
-5
-4
-3
-3
-3
-2
-1
-3
-2
-2
-3
-1
-2
-1
3
-1
0
-1
-2
-1
-3
-2
1
1
2
3
1
1
2
2
3
3
2
1
3
1
1
3
0
0
0
1
2
2
3
2
-1
1
-1
0
1
-1
1
1
0
-4
-2
-1
2
0
0
1
1
1
0
0
1
1
-1
-2
-1
-1
-4
-2
-1
0
-2
-1
-2
1
1
3
0
0
-1
-2
0
0
0
-1
0
-2
0
0
-2
-2
1
3
2
2
3
2
0
-2
-1
2
0
-1
-2
2
-1
-1
-4
0
3
2
3
-1
-2
1
-1
-2
-2
-3
-1
-2
-2
-1
-1
-1
1
0
-2
1
1
1
0
0
1
2
-1
0
2
1
0
5
3
3
1
1
-1
2
4
3
2
0
0
-2
1
2
1
1
-2
-1
0
-5
-2
-2
-2
-2
-1
-1
0
-2
-2
0
-2
0
0
0
-1
0
1
0
1
-1
-1
1
1
-1
-2
-1
-1
2
4
0
1
4
0
0
3
0
-2
-1
2
0
0
-1
1
-2
-1
-2
-3
0
-4
-1
-1
0
1
-3
0
0
-1
1
2
2
1
1
-1
0
0
-1
1
4
2
0
0
0
2
1
1
0
-2
-2
2
1
-1
-1
-1
-3
0
2
3
2
2
4
1
2
0
-1
-1
1
3
-1
1
-1
-2
0
-2
1
2
3
-1
-2
-1
-1
-1
1
0
0
1
0
1
1
1
-2
-3
-1
-4
-1
-1
-1
-1
-1
0
-3
-2
-1
-1
-1
-1
-2
1
0
0
-2
1
0
-3
-4
-2
-4
-1
1
-2
0
2
-1
-1
2
2
2
1
1
-1
-1
2
-1
-1
1
1
-3
2
-1
0
1
0
2
3
3
2
1
3
3
6
3
2
2
3
4
1
0
1
1
0
1
1
2
3
1
1
1
2
1
2
2
0
1
1
1
0
-2
-2
-1
-2
-1
-1
-2
-4
-5
-4
-4
-2
-5
-5
-3
-4
-2
-2
-4
-5
-4
0
1
3
-2
-3
0
-1
-2
-2
1
2
1
-1
-3
0
-1
-1
-1
-1
-1
0
0
1
2
3
1
1
1
0
2
0
3
0
2
3
0
3
1
-2
2
2
1
2
3
3
3
2
1
3
1
2
1
0
0
1
-2
-2
-2
-3
-1
-1
-2
0
0
-1
-2
-2
-4
-2
2
1
-1
0
-2
-1
1
-1
-1
1
-1
0
-1
2
2
-1
1
2
1
-1
0
0
0
0
2
1
1
1
0
0
0
1
0
-1
-2
-3
-2
-2
-1
0
-1
2
-1
-3
1
-1
-1
-1
0
-2
-2
-1
0
1
1
0
-1
1
-1
0
2
-1
-1
-1
2
1
-1
-1
-2
-2
-1
1
2
-2
-3
-2
-1
-1
0
3
2
4
2
0
1
2
0
0
1
1
0
1
2
0
1
2
0
-1
0
0
2
1
1
2
0
-1
-3
0
0
0
0
1
-1
-2
-1
-2
-1
1
1
3
0
1
1
-1
-1
-3
-1
-2
-2
-2
2
0
3
0
0
0
-2
-2
1
3
2
1
0
1
1
2
-1
0
0
-1
0
-1
-1
-3
-1
-1
0
2
0
1
-1
-2
-2
1
2
1
-1
1
2
2
-2
-1
1
-2
1
1
0
0
0
0
1
3
1
2
0
0
-1
0
0
-3
-3
-1
-1
-1
1
1
0
-3
0
1
3
2
0
0
1
3
-1
1
2
2
0
-2
-1
2
-1
2
3
0
-1
-1
-2
-2
1
0
-2
0
-1
0
0
0
-1
-3
-1
1
2
0
-1
1
0
0
1
0
2
2
2
0
-2
-3
0
1
-1
-2
-1
-3
0
1
-1
-3
0
2
2
3
1
0
0
0
-1
0
