2
-2
-6
-12
-11
-8
-4
7
20
34
43
46
45
31
17
-7
-26
-37
-43
-37
-27
-12
3
23
31
31
23
9
-9
-27
-39
-43
-37
-26
-9
11
28
42
40
37
27
11
-5
-18
-26
-22
-20
-17
-4
-1
5
1
-6
-19
-32
-40
-43
-32
-16
5
31
58
79
90
88
75
51
21
-11
-40
-53
-61
-59
-44
-26
-6
5
10
8
2
-8
-21
-32
-34
-36
-26
-15
-1
10
18
25
21
14
7
2
-4
-6
1
10
19
34
40
40
35
25
9
-10
-27
-40
-45
-42
-35
-24
-5
9
20
24
22
18
8
-2
-12
-15
-18
-13
-6
1
12
18
26
32
33
26
19
12
5
0
-8
-9
-11
-10
-7
-11
-12
-12
-19
-24
-31
-36
-38
-39
-34
-28
-17
-6
8
18
24
27
28
24
14
8
5
-4
-6
-2
6
13
18
24
26
26
25
24
11
1
-4
-9
-10
-12
-11
-5
-1
-6
-3
-5
-11
-16
-17
-17
-19
-24
-16
-4
4
18
25
32
35
32
27
16
5
-1
-1
-2
-5
-5
3
13
14
10
-1
-17
-30
-40
-52
-65
-68
-55
-35
-18
-1
17
37
50
54
43
23
8
-4
-15
-30
-39
-33
-10
15
36
53
66
77
81
64
38
7
-17
-34
-51
-65
-68
-59
-42
-23
-9
2
15
22
17
5
-9
-21
-24
-26
-27
-26
-22
-8
9
20
26
32
42
46
50
43
27
15
2
-8
-20
-30
-34
-30
-18
-5
6
16
28
31
30
18
4
-10
-22
-31
-37
-41
-39
-30
-13
4
17
26
30
32
25
12
-3
-15
-23
-25
-21
-12
-3
6
16
19
18
13
2
-7
-16
-22
-23
-18
-9
0
8
13
17
13
11
9
5
2
4
8
11
17
22
22
15
8
0
-10
-22
-32
-39
-42
-44
-35
-25
-12
8
19
28
31
29
23
17
10
1
-6
-9
-5
-5
2
9
14
17
17
14
7
-1
-10
-14
-19
-19
-16
-15
-6
3
12
17
22
23
22
18
13
4
-4
-9
-16
-19
-19
-14
-10
-5
-3
2
3
3
1
-1
0
-2
-5
-3
0
0
0
-1
-2
-2
0
-1
-2
0
1
1
2
2
1
0
-4
-3
-7
-7
-4
-4
-4
-2
1
-1
3
3
0
1
0
-1
-2
-4
-1
-1
-2
-1
-3
1
1
-1
3
8
6
4
5
8
4
3
0
1
4
6
8
10
16
16
17
21
22
22
16
13
11
8
8
3
-2
-5
-10
-9
-9
-5
-2
0
7
14
20
27
26
20
11
-1
-18
-32
-45
-55
-61
-61
-51
-35
-18
-2
13
21
20
13
-3
-21
-40
-59
-68
-71
-64
-50
-30
-7
11
22
26
20
4
-19
-46
-63
-70
-69
-53
-24
18
66
105
144
166
167
156
127
89
49
8
-25
-44
-49
-40
-20
6
24
40
48
41
21
-5
-34
-66
-90
-100
-99
-77
-41
2
45
93
118
127
121
96
62
14
-28
-67
-96
-113
-116
-110
-93
-73
-55
-36
-21
-9
-4
1
-1
-3
-1
-1
7
16
24
40
46
48
51
49
46
35
25
12
2
-7
-11
-14
-15
-12
-7
-5
0
3
8
6
4
0
-2
-2
-2
4
10
22
32
41
43
42
34
14
-11
-38
-62
-80
-92
-90
-74
-51
-22
9
39
61
76
75
66
51
28
5
-14
-31
-41
-40
-39
-30
-19
-7
1
6
14
15
14
9
4
-6
-17
-21
-23
-28
-24
-14
-4
8
21
29
33
36
31
22
9
-5
-12
-16
-18
-18
-13
-3
4
10
12
10
5
-2
-12
-21
-31
-32
-28
-20
-4
10
24
36
45
50
50
40
29
14
-1
-15
-26
-33
-32
-31
-25
-14
-2
6
11
17
17
13
9
1
-6
-10
-20
-23
-24
-22
-18
-12
-4
6
13
20
25
25
26
24
17
7
-1
-10
-16
-22
-27
-26
-26
-23
-16
-6
0
9
15
20
22
21
21
13
5
-2
-7
-12
-16
-20
-18
-15
-13
-6
2
7
10
16
18
17
13
6
4
0
-5
-9
-12
-8
-5
-3
0
-1
3
7
7
7
6
4
2
-2
-2
-4
-6
-6
-8
-8
-4
-5
-2
0
1
2
0
1
-1
1
2
3
8
12
16
14
15
15
11
9
5
-1
-6
-11
-14
-19
-21
-18
-14
-10
-6
1
6
6
7
8
9
8
6
2
0
-1
4
4
4
5
4
4
3
0
-3
-5
-9
-16
-19
-19
-21
-22
-17
-10
-6
-1
5
10
14
16
15
14
13
8
9
11
5
-1
-3
-8
-7
-9
-7
-11
-7
-5
-5
-1
-1
1
-1
0
2
2
3
1
2
5
7
11
10
12
8
8
8
4
-3
-5
-9
-10
-12
-10
-8
-7
-5
-1
5
5
8
6
7
5
1
-1
-3
-3
-5
-2
-1
-1
3
6
4
0
0
0
-3
-6
-7
-6
-7
-4
-5
-4
0
3
4
6
6
4
6
2
3
3
3
-1
-1
-1
0
-2
-2
2
4
5
2
4
4
2
0
0
-4
-4
0
-4
-5
-5
-8
-7
-10
-5
-3
-1
3
6
7
7
6
6
0
-3
-6
-10
-9
-7
-6
-6
-6
-3
-1
2
5
4
3
4
3
3
1
1
0
-1
0
0
0
0
0
-3
-1
-1
-4
-4
-2
-1
-2
1
1
2
6
5
5
5
5
5
2
1
1
2
3
2
3
5
2
4
3
2
2
2
-1
0
0
-3
-4
-2
-2
-3
-5
-5
-4
-3
-2
-2
1
0
0
2
5
7
3
3
1
-1
0
-3
-1
-3
-6
-4
-3
-4
-1
-2
-2
-4
-2
-4
-5
-4
-6
-3
-2
0
0
0
5
5
4
6
6
6
3
4
2
1
2
-1
-2
-2
-1
-2
-1
-1
-1
0
1
0
1
0
-3
-1
0
-1
-4
-5
-2
-2
1
2
-2
1
4
3
0
1
2
-5
1
-4
-2
2
0
3
2
4
2
2
5
0
0
3
-2
1
0
-1
-2
-1
2
0
-3
0
2
0
-2
-2
-3
-2
2
3
0
0
-4
-2
-1
-1
-2
0
2
3
1
-2
0
-1
0
-1
-3
-2
-2
-2
-4
-2
0
2
2
1
4
2
2
3
1
4
1
0
0
1
5
2
1
0
0
-1
-1
2
2
0
0
0
-1
-3
-2
-2
-2
-1
1
-1
1
2
1
0
-2
0
0
1
0
-2
-1
1
1
0
3
1
-2
0
-5
-4
-1
-3
-1
-3
0
0
1
1
-1
-3
-4
-2
0
3
0
0
0
0
-1
-1
2
-1
-1
-2
1
1
2
4
2
1
1
1
-2
-1
3
0
-2
-1
-2
-2
2
2
-2
-1
0
1
-1
2
-1
-4
1
0
-1
0
2
1
2
2
-2
-1
-2
0
1
1
1
2
1
1
0
1
0
2
3
1
3
4
3
1
1
0
2
1
1
0
-2
-2
-5
-4
-5
-4
-2
-2
-1
-4
-1
-2
-1
-1
1
-1
-4
1
0
3
1
0
-1
-1
3
4
1
-3
2
2
3
2
0
0
-1
-2
-2
-2
-2
-1
2
-1
-4
-7
-3
0
4
3
-5
-6
-6
-1
2
-1
-1
3
3
2
-2
-5
-5
0
7
7
6
-1
-1
0
-2
-1
-2
-2
0
2
0
0
-2
-1
1
3
6
1
2
1
-1
-1
2
2
1
3
4
1
-1
-1
1
0
2
2
1
-2
-4
-3
-1
0
0
1
4
3
3
2
-1
3
0
-3
-1
1
3
2
2
0
1
-3
-4
-4
-2
2
1
-1
0
-1
-3
-3
-5
-2
-2
0
2
-2
-5
-4
-1
2
2
3
3
-3
0
1
-1
0
0
-1
0
2
0
0
2
2
2
4
3
2
2
1
0
-3
-4
-3
-3
1
2
-1
2
0
-3
-4
-2
0
-1
-1
0
0
-3
-2
-1
-1
-1
-2
1
2
-2
0
3
2
2
4
3
-2
0
2
0
2
5
4
4
6
2
2
3
2
-1
-1
0
-2
-2
-2
-2
-2
1
1
1
4
3
2
-1
-2
-1
0
-1
-3
-1
-1
-3
-4
-3
-2
-2
-3
-1
-1
-2
-2
-1
-1
-2
-3
-3
-2
-2
3
2
2
2
2
1
3
5
5
3
3
0
2
3
1
1
1
-3
-3
0
-1
0
-3
-2
2
-1
-1
-1
1
-3
-4
-3
-1
0
0
3
-1
-2
-3
0
-3
-6
-3
-1
-2
2
3
1
0
0
2
2
3
1
2
1
6
4
3
5
1
1
0
2
2
2
2
-1
1
-2
-4
-4
-3
-2
-1
-1
0
-2
-2
-5
-3
1
-2
1
1
0
1
-1
-1
3
4
4
5
4
4
2
0
-1
0
0
2
4
2
2
2
2
0
-5
-1
1
0
1
-1
-3
-3
-3
-3
-1
-1
-2
0
1
2
0
-3
-1
1
-1
1
-1
-1
0
-2
-4
-2
-3
0
3
1
-2
-3
0
-3
1
0
0
0
0
3
3
0
-1
0
-1
-1
-3
-2
-2
-1
2
0
0
-1
-1
0
1
-1
-1
-2
-2
1
-1
2
5
2
0
-1
1
2
2
4
2
3
2
2
2
1
3
2
4
2
4
4
3
-1
-3
1
-1
1
-1
1
2
3
1
-3
-2
-1
1
3
2
2
0
-1
-1
4
0
-2
-3
-4
-1
-3
-1
-3
-7
-2
-1
-2
-3
-4
-3
-2
-3
-1
-6
-1
0
-1
-2
0
1
2
3
0
-2
-2
-1
-1
-1
0
1
0
-1
0
0
2
0
0
-2
-3
1
2
4
2
4
1
-1
0
2
0
2
3
4
3
2
2
3
1
-3
3
1
2
1
2
1
0
0
0
-1
-2
-1
0
0
-1
-1
-1
-1
1
2
1
1
3
1
0
0
1
2
0
-1
2
-1
-1
-2
-5
-4
-3
-3
-1
2
2
0
-1
-1
-1
2
0
0
0
-5
-2
0
0
-2
1
3
1
0
-1
-3
-2
-1
-3
0
0
-1
-4
-5
-4
-1
0
2
-1
-2
-1
0
-2
-4
2
-1
-1
1
-1
-1
2
5
2
1
1
4
1
1
2
1
3
2
1
0
-2
-3
1
3
0
2
0
3
3
-2
-1
-2
-2
-1
-3
-1
1
-3
0
0
-1
0
2
2
5
0
0
1
1
4
3
3
3
0
0
2
0
-1
0
3
5
4
3
-4
-2
-2
-3
-1
-2
-4
-3
0
-1
0
-1
-2
-2
-5
-4
-4
-5
0
1
-1
-1
2
-2
-3
-4
-2
-3
-3
3
1
2
-1
1
0
5
3
0
4
2
2
2
5
3
2
0
0
1
0
5
2
1
3
-2
-1
-1
-2
-1
1
-1
0
-2
-2
-3
2
4
-1
-5
-6
0
2
0
-4
-3
-2
0
2
0
-2
-3
-5
-5
0
0
-2
-4
0
-2
1
5
4
4
1
3
3
3
3
1
3
0
3
2
2
2
-2
-2
-1
0
-2
-4
-1
1
2
2
2
0
3
2
0
0
-2
-1
1
0
3
-3
-1
1
1
-1
0
3
1
1
-2
-2
1
-2
1
2
0
1
1
-1
-2
0
2
0
0
3
-2
-2
1
-1
0
-2
-3
-2
-4
0
2
1
0
-3
-2
-3
0
0
-4
-3
-3
0
2
1
1
3
2
2
-1
0
0
0
0
0
1
-1
0
-1
1
-1
-1
3
3
2
0
-1
-5
0
2
1
1
-1
1
1
5
6
2
-2
1
2
2
2
3
-1
-2
0
-1
2
-4
-4
0
-4
-3
-1
-1
2
1
2
3
0
-3
-5
-4
-2
-3
-3
0
0
0
0
3
3
5
2
1
2
3
2
5
2
-1
-2
1
4
1
4
0
-2
1
1
1
-1
-5
-4
-1
-3
-2
-4
-1
-5
-4
-4
-3
-3
-3
2
-2
-4
0
2
1
2
-2
-1
1
4
3
0
0
0
2
2
4
1
-4
-2
-1
-1
1
1
0
0
1
1
3
2
3
3
1
3
1
2
4
6
5
3
5
1
-1
1
0
-1
-2
-2
-1
0
-4
-5
-4
-2
-2
-3
-1
-1
-2
-1
0
-2
-3
-2
0
1
3
3
5
3
0
1
0
-2
-3
-1
-1
-1
-2
-4
-1
-1
-2
0
1
2
-2
-3
-3
-1
-1
-3
-1
-4
-3
-3
0
2
0
2
2
2
1
-1
0
2
2
0
2
-1
-3
-4
-5
3
2
0
3
3
2
-1
0
1
5
4
3
1
-1
3
3
3
0
-1
-1
1
2
3
2
4
1
-3
0
-3
-2
-3
-1
-1
0
1
1
2
-1
0
0
-2
-1
0
0
0
-4
0
0
-1
-2
0
-3
-5
-2
-1
1
-1
3
0
-1
2
2
1
0
-1
2
-2
-2
-2
0
0
-1
-1
-2
3
3
4
1
0
-4
1
2
-1
3
1
1
-3
1
1
-2
-1
0
-1
-4
-1
-2
-3
-1
-1
1
2
1
0
1
0
-1
-1
0
2
0
-2
-2
-1
3
3
2
0
1
0
1
2
0
1
-1
-4
-1
-4
-1
-3
-2
1
2
1
-1
1
0
-2
2
4
0
3
-1
-5
-4
0
0
2
3
2
0
1
1
1
0
1
-1
-2
-5
0
2
0
0
1
2
2
3
3
0
-1
0
-1
-1
-1
-2
0
1
0
-2
-2
-1
-1
-4
-3
0
1
0
3
1
-1
1
0
0
3
0
-2
-2
-1
-1
-1
4
-1
-2
2
5
2
3
3
1
0
-3
-1
0
-1
2
1
-2
-3
0
5
2
-4
-4
-4
1
2
-2
-3
-2
-2
-2
0
-2
-1
-4
-4
-2
-3
3
5
3
2
1
2
-3
0
6
6
1
-3
-4
-1
2
2
4
-2
0
-1
-1
2
-1
4
3
1
-1
-5
-4
3
3
-4
-6
-5
-2
-4
-5
-1
2
2
-2
0
-1
0
3
3
4
2
-2
-3
1
4
2
1
1
6
3
0
-3
0
1
4
1
-2
0
-1
-2
-3
0
3
4
0
0
0
4
5
2
2
7
10
7
-2
-6
-5
-2
-2
0
-3
0
0
-9
-8
-4
2
-1
-5
-11
-13
-1
7
3
-1
-2
0
0
-2
-4
-1
5
5
0
-1
0
2
5
3
-2
-4
0
-2
-5
-3
4
2
-3
-1
6
8
2
2
-2
1
3
-4
-4
3
3
-2
0
-3
-3
-2
2
-2
-3
-2
-3
-2
1
3
0
4
3
1
-1
-1
1
5
3
-3
0
2
4
0
1
5
5
0
1
3
6
9
5
0
0
3
6
3
0
1
1
-2
-3
-3
-4
-1
0
0
-1
-3
-2
-2
-4
-5
-1
4
6
3
-7
-8
-3
3
3
-3
-3
-3
-1
3
0
-7
-2
-1
0
-3
-3
1
5
4
-1
-6
-3
1
2
0
-1
-1
2
4
0
-2
0
-2
0
2
1
1
-3
-5
-6
-4
1
1
-2
1
-2
-4
2
1
1
1
1
-1
-1
2
6
3
-2
2
2
4
3
-5
-5
-1
5
4
-1
3
-1
-6
-2
4
6
4
1
-1
-3
0
8
10
5
-4
-9
7
17
9
-4
-4
-2
0
1
-2
4
3
1
-10
-18
-12
11
24
8
-26
-41
-9
38
40
-1
-38
-36
-2
22
18
7
-1
-20
-25
-4
22
28
15
-6
-28
-28
2
28
33
13
-16
-26
-11
3
2
18
46
14
-61
-69
-1
62
69
9
-74
-82
2
67
56
9
-39
-57
-15
35
24
2
7
-1
-32
-30
11
42
36
-9
-62
-45
29
57
11
-34
-25
-3
9
4
-1
13
20
-7
-32
-16
25
39
9
-30
-36
-4
24
28
4
-20
-22
-8
6
8
9
6
-5
-16
-10
4
15
17
2
-14
-9
11
13
3
-3
-3
0
1
5
-3
-4
3
8
-2
-3
0
1
5
8
-2
-9
0
9
6
-1
-4
-3
-1
1
-7
-6
2
6
2
-5
-3
2
9
3
-4
-8
-3
4
2
-1
-3
0
1
1
2
0
-1
0
0
-3
-3
-2
1
-3
-5
0
1
-2
-5
-4
-4
0
-1
-2
-2
-2
5
2
-4
-6
-3
3
1
-4
-5
0
4
8
4
0
0
0
0
0
-1
1
2
0
2
-1
2
5
3
0
0
2
-1
-1
4
0
-2
-4
-3
-4
-2
2
-1
-2
-2
1
4
2
5
5
2
-3
0
2
3
2
0
-2
-1
1
-1
-1
1
2
-1
-2
1
2
3
4
1
-3
-3
2
3
0
-1
-3
-1
-1
6
4
1
0
-2
0
0
2
-2
-6
-6
-6
-5
-1
4
-1
-2
-3
-5
-1
-5
-5
-5
-7
-6
-1
-1
0
3
6
-2
-5
0
4
9
7
3
2
1
3
8
5
4
1
-2
1
3
6
6
0
-5
-4
-2
5
6
3
-4
-6
-2
4
6
3
0
-3
-3
-2
3
5
2
-2
-2
-5
-1
0
0
-3
-6
-5
-3
-2
0
-2
-4
-2
-1
2
3
3
1
-4
-8
-7
-2
3
3
-1
-5
-3
0
6
3
-2
-1
0
1
3
2
3
1
0
-1
-2
-2
2
4
1
0
-2
0
3
3
2
1
0
4
7
6
3
1
1
0
-2
-3
0
3
3
-3
-4
-3
1
5
2
-4
-3
1
4
0
0
-3
-4
-2
-1
3
2
0
-1
-2
-4
-4
-2
-3
-5
-4
-7
-7
-1
2
2
-2
-4
-1
2
4
4
1
2
3
1
-1
2
1
0
0
-2
-2
-1
2
3
4
-2
-5
3
6
2
-3
-5
-4
-3
4
3
-1
-1
-1
1
4
1
1
4
6
-1
3
5
2
0
0
-2
-1
0
1
1
-2
-2
-5
-5
-3
1
1
0
1
0
-4
-2
-2
-1
-1
1
0
-1
-3
-1
2
4
3
4
2
2
3
0
1
-2
-2
-2
-3
0
3
5
1
-4
-2
0
3
5
3
-3
-3
1
4
2
0
-1
-4
-4
-1
2
1
-1
-2
-5
-4
-2
1
4
-1
-3
-4
1
5
5
1
-1
-3
1
5
5
2
0
0
-2
-2
0
1
3
-3
-6
-7
-3
2
2
3
-2
-5
-3
-3
0
-1
-3
-6
-5
1
3
3
1
-1
-2
0
0
1
4
1
1
0
3
3
6
3
1
2
1
2
1
1
-1
-3
-2
-2
0
0
-1
1
2
-1
-1
-2
-1
1
-1
-1
0
0
3
2
0
2
2
1
1
2
2
-2
-3
-4
-2
-2
3
3
-4
-5
-6
-1
4
2
1
-1
-1
0
0
0
2
-1
-2
-2
-2
-2
-1
0
3
1
0
0
2
5
-1
-5
-4
1
4
4
5
-1
0
1
5
8
0
-3
-2
-1
5
6
1
-6
-3
2
3
4
1
0
-1
1
0
1
1
-2
-4
-2
2
-1
-5
-6
0
1
3
3
1
0
-2
1
1
1
0
-1
-3
1
0
-1
-3
-4
0
0
-1
0
-2
-4
-3
-1
1
1
-2
-3
2
2
2
2
1
1
0
4
3
4
3
-1
-2
-4
-3
-1
-1
-2
0
3
1
4
3
2
-2
-2
-4
-3
-3
0
1
1
3
2
4
1
3
5
3
1
-3
-5
-2
-1
0
0
-2
1
1
1
3
1
-1
0
0
3
3
0
2
1
2
1
0
0
1
-2
-4
-4
-3
0
-2
0
-2
-3
-4
-1
0
2
0
-3
0
-1
0
0
-2
0
1
-1
1
0
4
1
-2
0
-1
2
2
2
1
1
1
0
1
0
1
-2
-3
1
5
7
6
4
1
0
-2
-2
-2
-3
-3
2
3
-3
-3
0
-1
-3
-2
-2
-5
-2
-2
-1
-1
-4
-3
-1
2
3
3
1
-1
-2
-5
-4
1
1
2
2
4
4
6
4
3
1
1
0
1
-2
-2
-1
1
1
0
1
1
2
-2
-6
-5
-2
-3
-1
1
-3
-1
2
3
1
-2
-1
3
3
1
2
1
-3
-5
-3
-3
0
-1
0
0
0
1
-1
3
2
-1
-1
0
1
0
-1
-1
2
-2
0
0
2
4
1
3
3
3
1
1
3
1
3
-1
-2
-2
-4
-5
-3
0
-1
0
-1
-3
1
0
0
1
1
2
3
2
1
0
1
3
1
-1
1
0
2
2
0
0
1
1
0
1
0
0
-2
-2
-3
1
1
0
1
1
3
3
-2
-1
-3
-2
0
-1
1
0
-2
-1
-3
-1
-3
-3
-2
-3
-2
1
1
0
-2
-4
-2
-1
-1
0
0
-1
-2
-2
1
4
6
4
1
-1
-1
-1
-2
0
-1
0
0
-2
-4
-1
-3
2
4
4
3
1
0
3
3
5
5
4
5
2
1
-1
0
-3
-3
-3
-2
1
2
0
-2
-3
-5
-5
-4
-2
0
0
0
2
1
0
0
-2
-1
2
5
5
2
2
2
3
2
2
-1
-3
-6
-6
-3
-4
-4
-3
0
-1
-1
2
2
1
2
3
4
5
2
-1
-6
-6
0
0
0
0
2
5
6
6
5
1
0
2
-1
1
-3
-3
-2
-3
-1
1
1
3
0
1
2
1
0
2
1
0
-1
-1
0
-1
-2
0
-2
-1
0
-1
3
1
3
3
-1
2
1
0
-1
-1
-4
-5
-5
-4
1
2
2
2
1
0
-3
0
3
-1
-4
-2
0
-2
-1
1
0
-1
-3
0
2
3
0
0
0
-1
0
-1
-2
-1
-5
-5
-3
-1
-1
1
2
-1
-1
0
2
1
1
1
-1
2
3
3
4
4
1
0
3
4
2
3
0
-2
-1
0
1
1
0
-1
0
1
2
4
4
1
-2
-2
1
0
-1
0
0
1
1
-1
1
-1
-1
-4
-3
-1
2
-1
-1
-1
-1
0
0
2
2
-1
-1
-1
-1
0
-1
-1
-2
-1
1
-1
-2
2
1
3
-3
-3
-1
3
4
2
1
-2
-1
3
4
1
-3
-1
0
-2
-2
-2
-1
-2
-1
1
0
0
0
0
-2
-3
-4
-5
-3
-2
-4
-2
-1
0
4
3
3
2
0
0
3
3
3
1
3
2
4
3
4
1
-2
-2
-3
0
-1
-2
-4
-1
-5
-4
-1
2
3
2
0
3
2
3
0
0
0
0
2
2
4
3
0
0
3
2
3
3
0
-4
-1
2
2
0
0
-1
0
3
-1
-2
-2
0
-2
-3
-3
-2
0
1
-1
-1
-1
0
-1
-3
-2
-1
0
-2
-4
-1
-1
-1
-2
0
0
-2
-1
-3
0
-4
-6
-5
-4
-3
-1
1
2
1
0
0
-2
-1
-2
0
0
2
4
2
2
2
3
3
1
1
4
2
4
4
2
2
2
2
-1
1
2
3
3
0
2
3
3
1
-2
1
2
3
2
0
2
0
-2
-2
1
-2
-2
-2
0
-2
-1
2
1
2
1
1
-2
-3
-5
-3
-2
-2
-1
-1
-2
-2
0
-4
-1
0
-1
-1
-2
0
-3
-3
-1
-1
-2
0
0
0
2
1
-2
-2
0
1
-1
2
4
1
3
3
0
0
1
3
2
0
-1
3
2
2
3
2
3
2
0
1
1
2
1
-1
-1
-2
0
3
1
1
-2
-3
0
2
2
0
1
0
1
0
0
-1
-3
-2
-5
-2
-2
-4
-3
-4
-3
-3
-5
-3
-2
-4
-6
-6
-4
0
-3
-3
-3
-1
0
0
1
0
3
-2
3
3
2
6
2
1
2
3
5
3
5
5
5
5
4
3
2
4
2
0
-1
1
0
3
1
0
0
-1
2
1
0
1
0
0
-3
-2
-1
-2
-2
-3
-3
-1
0
-1
0
-1
-3
-2
0
-1
-2
-4
-3
-1
0
-1
-3
-1
0
0
3
3
1
0
-2
0
1
-2
-1
-2
-2
1
1
1
1
-1
0
-1
0
-1
-1
-1
-3
-2
0
0
-2
-1
-1
0
-2
0
-1
2
2
1
1
1
1
0
2
0
1
1
1
1
1
4
3
2
1
3
3
3
3
3
3
1
2
2
1
0
4
2
-2
-2
-3
-2
-2
1
-1
-1
-3
1
-3
-1
-4
-3
0
-1
2
-1
-1
-1
-1
-1
2
0
3
1
1
0
-4
-2
-1
-1
-1
-2
-1
-1
0
2
2
1
-1
0
3
0
1
3
-1
-2
1
2
-3
0
3
2
-1
-2
-2
-3
-2
-1
-2
-1
3
3
-2
-2
0
-2
0
4
0
0
-2
2
2
1
2
0
-1
-1
-1
1
1
0
1
2
2
2
4
4
3
2
2
1
0
0
-1
-2
0
-2
-1
0
-1
0
-2
-2
1
-2
0
-1
0
-1
-3
0
-1
1
-1
-2
-2
-1
1
-3
-2
-2
2
0
0
1
0
0
0
0
2
3
1
1
-1
1
-1
2
0
0
-1
-2
2
0
3
3
2
3
3
2
1
-1
0
1
4
1
0
3
0
-1
0
-1
-3
-2
-2
-1
-2
-1
-2
-3
-1
-3
0
-2
-3
-3
-4
-3
-2
1
-1
0
0
0
2
0
1
0
-2
-2
0
0
1
2
0
0
3
2
-1
-1
-1
3
3
-1
-1
-2
0
-1
0
2
-1
-2
0
0
0
-1
0
2
-1
-1
2
-1
0
-2
0
0
-1
0
1
3
3
3
1
-1
-1
1
2
2
-1
1
2
0
0
-1
0
1
1
2
0
1
2
2
-1
-4
-1
-1
0
-2
-2
-3
-4
-3
-3
-2
2
2
2
2
2
0
-2
-1
-1
0
-2
-2
-2
-2
-3
-1
0
-1
-1
0
-1
2
0
1
3
2
2
0
-2
2
0
1
2
2
2
1
2
3
4
0
2
0
1
2
-1
1
0
-1
-2
0
2
1
-1
3
0
0
0
-1
3
0
-1
-2
-3
-4
-2
2
0
-1
-2
-2
-2
-4
-3
-4
-3
-1
0
-2
-2
-1
-2
0
-4
-2
-4
-1
-2
-3
0
1
3
-1
0
1
2
2
-2
2
1
-1
-1
0
0
1
3
3
3
2
4
3
4
3
4
4
0
2
4
2
-1
1
-2
-1
0
0
-2
-3
-1
-1
-1
0
0
0
-1
-1
1
1
-1
2
2
0
-1
0
0
3
3
0
1
-1
-1
-2
-3
-2
-1
-1
0
1
-1
2
0
-1
0
-1
-4
-2
-3
-1
-1
-1
-1
0
-4
-4
-1
-2
1
2
3
0
-2
-1
1
1
-1
-1
1
1
2
3
1
0
0
-1
0
3
4
3
-1
-1
0
-2
0
1
0
0
-1
1
0
0
-3
-2
-2
-1
-1
-3
-2
0
1
0
1
-1
0
0
0
-2
0
1
1
2
2
0
2
1
-2
2
1
1
0
1
1
1
0
0
-1
0
0
-2
-1
-1
-2
-1
0
-1
-1
1
1
-1
-3
1
1
1
0
0
0
-2
0
1
0
2
3
2
0
1
-2
-2
-2
-2
-4
-2
-3
1
2
1
1
0
-1
1
2
0
3
2
1
2
0
-1
1
1
0
0
-1
0
-1
-1
0
-2
2
0
-1
-2
-2
1
-1
-1
2
2
-2
-2
0
0
-4
-2
-2
-2
1
0
-1
-2
-1
0
1
3
3
1
2
2
0
-2
-1
0
0
-2
2
4
2
2
1
2
2
1
1
-3
-2
1
0
0
-2
-3
-1
-3
1
-1
0
1
0
2
-2
-1
0
2
2
-2
1
4
1
-1
0
-2
-1
1
0
-1
0
0
-2
2
2
2
-1
2
3
1
-1
0
-2
-2
1
-2
0
-1
-1
-1
-1
-1
1
1
1
0
2
-1
-1
-1
-1
2
-3
0
-2
1
2
1
0
2
3
2
3
3
1
4
2
-1
1
-1
-1
2
0
-1
-1
1
2
1
1
1
-1
1
3
-1
-2
-1
0
0
-2
-1
-1
-3
-3
-2
1
1
0
-1
-1
0
2
-1
1
3
0
0
-1
-2
-4
-1
-2
-3
0
-1
-2
-3
-5
-2
-1
1
-2
0
0
-2
1
-1
-3
0
-2
-1
2
-1
-1
2
2
0
2
0
1
2
-1
1
1
-2
1
4
1
2
3
3
1
0
-2
2
1
3
5
-1
3
2
2
-1
3
5
0
2
4
5
2
1
1
0
1
-1
1
2
-2
1
-1
1
1
-3
-2
-3
-2
-2
-2
-1
-1
-2
-2
-5
-3
-2
1
2
-4
-2
-5
-2
-3
-1
-1
-1
-2
-1
-1
-2
2
-1
-1
-1
-3
-3
-1
1
-2
-2
-1
-1
-1
-1
-2
-1
-1
1
1
-1
0
0
3
2
4
3
4
2
2
1
2
3
1
1
1
2
2
1
0
0
-2
0
-2
-1
0
0
1
-2
-3
1
1
0
0
-1
4
2
-2
-1
-1
-1
-1
1
1
2
1
3
1
-1
2
-3
-1
-1
-1
-4
1
1
-1
-1
-1
1
0
2
1
2
0
3
5
5
5
2
2
1
1
1
2
0
1
2
1
2
2
1
0
-1
-2
-3
-5
-4
-6
-7
-4
-4
-2
-6
-6
-3
0
1
0
1
1
1
0
-1
0
0
2
2
3
3
0
2
0
2
1
0
1
0
2
0
-1
-2
2
3
-1
3
1
2
3
2
4
5
5
4
1
0
0
0
-2
-3
-2
-4
-2
-4
-5
-4
-6
-3
-1
0
0
-1
-1
-1
-2
0
2
2
-1
-1
0
1
2
2
0
-1
1
2
1
1
3
3
0
-1
0
2
1
-1
-3
-3
-2
1
0
1
1
-1
2
1
1
0
1
-1
-2
0
1
0
-1
1
-1
-3
0
0
0
1
2
-1
-3
2
1
0
3
2
-1
0
1
2
2
3
2
0
4
1
-1
-1
-2
-1
-4
3
1
0
0
-4
1
1
2
2
2
1
-1
-1
-1
1
-3
-3
-1
-1
-1
-2
-1
-2
-1
-2
3
1
3
1
2
2
-1
1
1
1
0
1
0
1
0
0
-3
-1
3
2
2
-1
1
-1
-1
0
-1
0
0
-1
0
-4
-4
0
-3
-2
-2
0
-2
-1
-1
-2
-1
0
-1
0
0
1
0
2
1
0
1
2
0
-1
3
3
1
2
-1
-1
-1
-1
-1
0
-2
-2
-1
0
-1
-4
-1
1
-1
-1
1
-2
-1
-1
0
-2
2
5
1
2
1
2
-2
1
2
1
1
-1
1
0
1
1
2
0
1
-1
-1
0
-1
1
0
0
1
1
1
1
4
4
1
2
0
-2
0
2
0
-3
1
1
-1
0
-1
1
2
2
3
2
0
-3
-1
-1
-1
-1
1
0
-2
3
0
-2
0
-1
0
-2
-2
0
1
1
1
-2
-3
-3
-3
-1
-1
-2
-1
-1
-1
-1
0
2
0
1
-2
0
2
3
0
2
-1
-3
0
-1
-2
-2
-1
-1
1
0
-2
-1
-1
2
0
-2
-1
-2
-3
-3
-1
-1
1
1
-1
-2
-1
-1
0
4
3
4
2
2
2
4
-1
-3
0
0
-1
0
1
3
3
1
2
1
4
3
5
2
0
1
-1
-1
-2
-1
0
1
1
1
2
1
1
5
-2
-1
-1
-3
-1
-1
-1
-2
-2
-3
-1
-1
-2
-5
-1
-1
-3
2
0
-1
1
2
-1
-2
-3
-2
-3
-2
-2
-3
-1
-3
-1
0
-2
-3
2
1
0
0
1
2
0
1
1
0
2
3
1
4
4
3
3
1
2
2
2
2
0
0
-1
0
0
0
-2
-3
-3
-1
0
0
1
-2
2
4
2
0
2
4
2
1
3
-1
-2
0
-1
-5
-1
-1
-2
2
-1
0
0
-3
-2
-1
1
-2
0
0
0
-3
-1
1
-2
1
-1
0
-1
1
-2
-2
0
1
0
1
1
-1
-1
-1
0
0
1
-1
-2
-1
-2
-2
-1
1
-1
-2
-3
-4
-2
-2
-1
-1
-1
0
0
3
3
4
4
0
1
2
1
2
2
1
2
1
1
2
2
3
2
3
2
1
4
3
2
0
0
0
-1
-1
-3
-1
-2
-1
0
0
-1
0
-1
-2
2
-1
-2
0
-1
0
1
-2
-1
2
-2
-2
0
0
2
-1
-1
-1
-3
-4
-2
0
-1
-1
-1
1
3
0
-1
1
0
-1
-4
-2
2
1
0
1
2
0
-1
-1
-1
0
-2
-1
-1
0
0
3
-1
-1
0
0
0
1
0
0
1
2
3
3
3
2
2
1
3
0
1
2
2
0
0
-2
-2
0
-1
-6
-3
-5
-4
-2
-3
2
1
-2
1
1
-2
0
1
2
0
1
3
-1
1
0
-1
1
-3
-1
2
1
0
0
1
3
-1
1
3
0
1
2
1
1
2
3
1
2
-3
-3
-1
1
1
0
1
-2
-2
1
0
2
-2
-2
-4
-4
-3
-4
1
-1
-1
1
0
1
-1
1
1
-1
1
1
0
0
-4
1
1
0
-2
-3
1
-2
-4
-2
0
3
2
0
0
-3
-3
-1
2
2
4
3
3
5
0
3
2
2
1
-1
-2
-3
-1
1
0
0
1
1
0
-1
-1
-3
-2
-1
0
3
3
2
0
1
2
2
1
1
0
2
0
2
2
-1
0
0
0
0
0
1
0
1
1
3
5
1
2
-2
0
-3
-3
-3
-4
-2
-2
-2
-2
-4
-3
-2
-1
-2
-1
-1
-2
0
1
1
0
0
-1
0
-1
-3
-1
-3
0
-2
-2
-1
-2
-1
-1
-1
-1
-2
-1
-1
3
0
-2
2
2
2
0
2
1
-1
1
1
2
2
3
3
2
1
1
1
2
1
-1
1
-1
3
4
4
1
0
0
-1
1
-2
-2
1
3
-1
0
-2
-4
-1
-1
1
-2
1
2
2
1
1
2
2
1
4
1
0
2
1
2
-1
0
0
-1
0
-3
-5
-2
-5
-3
-5
-3
0
1
-1
-1
-1
-3
-3
-1
-1
-1
2
1
1
1
0
-1
-3
0
-2
-1
1
1
-3
-1
0
-1
-2
-1
-2
0
0
2
1
3
3
1
2
5
3
4
2
-1
0
0
2
2
1
1
1
1
-1
-1
1
-2
-2
2
0
-1
2
0
2
0
-2
-1
-1
-3
-4
0
1
1
-1
-2
2
2
1
-1
-1
1
-1
0
-2
0
0
1
-2
-4
-1
0
-3
-4
-4
-2
-2
-2
0
2
3
6
2
0
0
-2
-3
1
3
0
2
0
-1
-1
-2
-3
-2
-5
-4
-2
-2
-3
-3
3
2
3
6
8
7
6
5
2
1
3
3
3
3
4
2
2
1
2
0
-3
-2
-3
0
1
0
1
0
-1
-3
-3
-1
-1
1
0
-1
-2
-1
-2
-1
0
-2
0
0
-2
-3
0
-1
-6
-1
-1
-1
-2
-5
-6
-4
-7
-6
-5
-4
-2
-1
-1
1
3
3
3
4
5
5
3
5
4
2
5
0
-1
0
3
3
0
-1
0
-1
-2
-1
3
1
2
5
4
4
3
3
3
3
1
0
-2
-4
0
-2
-2
-3
-1
2
-1
-1
-2
-4
-5
-6
-6
-4
-5
-4
-4
-3
0
1
0
0
-1
-2
-2
1
0
-2
-2
-1
0
-1
0
0
-3
-2
-3
-2
1
2
3
5
6
8
5
7
7
4
6
4
4
3
1
4
2
1
3
0
-1
0
-1
-1
-1
-3
0
1
0
-2
-2
0
-2
-3
-3
0
0
-2
-2
-2
-2
-1
-4
-1
-4
-2
-5
-3
-4
-4
-5
-4
-5
-7
-2
-4
-5
-2
0
1
2
0
1
2
3
2
3
4
2
2
3
4
6
5
5
3
3
2
1
-2
-3
-2
-2
-2
0
3
2
2
-2
-1
3
2
2
3
2
5
2
1
3
1
0
-1
-3
0
0
1
2
-3
-4
-2
1
1
2
0
-2
-1
3
3
3
0
-4
-1
0
-2
-3
-4
-3
-6
-5
-7
-7
-6
-5
-5
-3
-4
-2
3
2
5
2
1
3
4
1
3
1
2
3
2
3
3
4
-1
1
0
0
-1
-3
1
2
2
1
3
4
2
-1
1
-1
-1
-2
0
1
1
4
1
4
5
5
4
6
5
2
4
2
1
0
1
1
1
-1
-2
-1
-1
-1
-6
-7
-5
-5
-3
-5
-4
-1
-4
-4
-2
-2
-4
-4
-3
-1
0
0
-1
-2
-2
2
-3
-1
-4
-7
-4
-3
1
4
3
4
2
3
2
3
2
-1
1
0
6
0
3
0
1
-3
-1
1
0
2
1
2
0
1
2
3
2
2
2
0
4
4
3
3
4
2
3
5
0
0
-1
-2
-2
-3
-1
0
-1
0
0
-5
-4
-3
-2
-5
-3
-3
-2
-3
-5
0
-2
-2
0
-2
-3
-5
-6
0
-1
2
1
0
0
3
2
2
4
6
5
3
5
5
8
2
2
2
0
-1
2
0
-4
-5
-5
-3
-4
-3
-1
0
0
-2
0
1
2
1
1
3
6
4
3
4
3
2
3
2
1
2
-4
-1
-4
-4
-1
-7
-6
-6
-5
-2
-2
-2
-3
-2
-3
-2
0
0
1
-1
2
3
4
4
5
4
3
3
1
1
1
0
-1
1
1
-1
0
0
-3
-3
-5
-5
-4
-3
0
0
0
0
1
2
4
1
1
-1
0
1
2
3
4
5
1
3
2
-1
0
1
0
0
-1
-2
1
-2
-2
0
-2
-1
1
2
0
1
2
-2
-1
-2
-3
-3
-1
-1
0
1
-2
-1
2
2
0
1
1
1
3
4
2
2
1
0
-1
-1
-3
-3
-2
-3
-2
-6
-2
1
-2
-1
-1
-3
-3
-2
2
3
3
3
4
2
3
6
4
2
5
2
0
1
2
3
-1
-2
-4
-1
-2
-5
-4
-2
-1
-3
-6
-9
-8
-5
-3
-1
-2
1
1
1
2
2
2
4
2
5
7
5
4
4
1
0
-1
-4
-1
0
-1
0
-2
-1
0
-4
-4
-4
-5
-1
1
-1
2
3
2
3
2
5
3
4
3
1
1
-1
-3
-3
-5
-4
-4
-5
-6
0
-4
-3
-1
-2
2
-1
0
0
3
4
6
6
7
8
4
3
4
2
2
3
0
1
2
1
-1
-2
-2
-2
-2
-4
-1
-2
-3
-1
1
0
0
1
0
2
2
0
-1
0
1
0
3
3
2
1
1
-1
-1
-1
-3
-3
-5
-2
-1
-3
-4
-3
-3
1
2
-1
-4
-3
-3
-2
-1
-2
-2
-1
-1
-2
2
1
2
4
3
2
4
2
0
2
0
-1
1
0
-2
0
1
1
0
4
3
4
2
1
1
1
3
3
3
1
1
0
0
5
2
3
1
-3
0
-1
-2
-1
-4
-2
-3
-5
-5
-3
-2
-4
-1
1
3
-2
0
-2
2
4
2
2
1
2
2
0
-1
1
0
-1
0
0
0
-1
0
0
-3
0
-2
-3
-1
0
0
-2
-1
0
1
-1
1
0
0
3
1
5
3
4
5
1
2
2
0
2
1
-2
-3
-2
-2
-3
-2
-5
-5
-5
-2
-1
-2
-3
-2
-2
-4
0
2
2
1
3
4
1
2
5
1
0
-1
0
1
0
1
0
2
2
-1
2
5
3
3
3
0
-1
1
-2
-1
1
0
-1
0
3
2
0
1
-2
0
-1
3
1
2
2
-1
-1
-1
0
-4
-2
-5
-6
-4
0
-2
-2
-2
-1
-2
-3
-2
-3
-1
-1
1
1
1
3
3
5
7
4
2
3
-1
-1
0
0
-1
1
-1
-3
-1
-2
-3
-2
-4
-3
-3
-2
0
-2
1
2
2
3
5
0
2
2
1
1
2
3
1
2
4
3
4
1
3
2
-2
1
-2
-3
0
0
1
-1
-1
-1
-2
-3
-3
-3
-5
-4
-1
-1
1
3
3
1
2
-1
-3
-4
-3
-2
0
4
3
2
3
-1
-2
-1
-2
-2
-2
1
1
-1
-1
1
4
2
2
0
0
0
-3
-1
0
0
1
4
3
3
3
2
0
0
1
0
2
0
1
2
2
2
1
0
-1
-4
-5
-3
-1
-2
-3
-3
-2
-4
2
2
0
2
1
1
1
-1
1
1
2
3
-1
4
2
-2
-1
-1
0
-2
2
0
-1
-2
-3
-2
-1
1
1
0
1
1
1
1
2
3
4
1
2
-1
-2
-3
-1
1
-4
-3
-1
2
2
5
2
1
1
2
2
6
3
0
1
1
-2
1
-1
-3
-5
-8
-5
-6
-4
-4
-4
-3
0
0
2
0
2
2
0
2
1
3
2
2
4
6
6
7
3
2
3
0
1
0
1
-1
0
-1
-3
-2
-3
-1
-5
-4
-1
-1
-3
-1
-2
-1
-2
-2
1
2
4
-1
-1
1
2
1
-1
1
1
3
-1
-1
-4
-1
1
2
0
2
2
2
1
1
2
0
1
0
0
-1
-1
-3
0
1
-1
2
-2
-4
-1
1
-4
0
0
-2
-2
0
3
3
3
4
5
5
6
6
6
3
1
-2
-3
1
-1
-2
0
-1
1
0
-2
-3
-2
-5
-3
-3
-2
-1
-3
-2
-1
0
1
3
-1
-1
1
0
-1
0
1
0
-3
-3
-1
-3
-3
-2
-3
-3
-3
-3
0
1
-4
-2
-2
-4
-2
-2
2
-1
1
1
1
1
0
0
1
2
2
2
4
5
6
3
1
-2
-1
-1
0
3
3
5
6
7
6
4
3
0
0
2
0
1
-2
-2
-3
-3
-2
-3
-2
-4
-6
-5
-3
-1
-3
-2
-2
-2
2
0
-1
-1
1
1
3
3
4
4
4
3
1
0
1
1
1
2
2
1
2
2
-1
2
-1
-1
-2
-3
-3
-3
-3
-1
-1
0
0
1
-2
-4
0
-3
1
2
-2
-3
-1
0
0
1
1
0
0
0
-1
-2
-4
-5
-7
-5
-2
-5
-5
-4
-2
-4
-1
1
2
2
1
2
3
3
1
3
3
3
4
1
5
3
1
6
3
5
2
4
4
5
6
3
5
0
2
2
1
2
-3
-4
-2
-3
-4
-5
-6
-6
-6
-5
-5
-3
-2
0
-2
0
-1
-2
1
-2
2
1
2
5
7
5
2
2
2
4
1
-2
-2
-2
0
1
-2
-3
-3
-3
-4
-4
-3
-3
0
-1
-2
-2
-1
1
0
-2
-1
0
0
-1
1
1
4
2
1
3
3
-1
-1
-3
-1
-3
-1
-1
2
4
1
2
2
7
3
4
1
0
3
3
2
2
1
0
-1
-2
-3
-4
-4
-4
-3
-3
-4
-2
-3
0
1
-2
-1
-1
1
2
2
5
1
2
0
0
3
1
-1
-3
2
-1
-1
-2
1
-2
0
2
0
4
0
3
3
3
6
3
2
0
0
0
2
1
2
1
-2
-1
-5
-3
-4
-4
-2
-3
-4
-4
-3
-4
-1
-2
0
1
4
0
-1
0
0
1
1
0
1
0
-1
2
2
3
4
4
2
-1
1
0
-1
0
-1
0
1
-1
-2
-4
-1
-1
0
0
0
2
3
0
-2
0
2
3
1
3
3
2
0
2
1
-2
-1
-3
0
-2
-3
-2
-3
-1
-1
-2
-1
1
1
0
0
1
2
2
1
4
6
6
7
7
6
5
4
4
3
0
0
-4
-6
-5
-6
-4
-3
-1
-3
-3
-2
-2
-5
-4
-4
-2
-1
-2
0
-2
1
-1
-2
0
-3
-6
-2
-5
-4
-5
-6
-5
-2
-1
-1
0
3
1
0
2
3
3
2
5
6
6
6
5
4
0
3
1
0
-1
0
-3
1
3
2
1
4
5
1
5
1
4
3
3
1
2
1
0
1
2
2
3
0
1
0
-1
-3
-2
-4
-4
-2
-2
-2
-4
0
-6
-2
1
-1
-1
1
-1
3
0
0
0
-3
0
-3
-1
-3
-4
-1
-1
-2
-2
0
-3
-1
-2
-2
1
-1
2
2
2
3
2
1
1
1
-1
-1
-1
0
3
1
1
3
0
-1
-1
-3
-1
-2
-1
-2
0
-1
0
1
2
3
3
1
1
3
2
0
0
0
-1
1
0
0
-3
-6
-3
-5
-4
-3
-1
2
0
-2
-2
0
-2
-4
-2
-3
0
0
1
4
4
5
4
3
2
2
3
4
2
2
1
0
0
0
2
1
2
2
1
2
1
3
3
0
1
2
0
0
-1
0
2
-1
1
0
1
4
3
1
3
-3
-3
1
-2
-2
-4
-4
-3
-4
-5
-2
-2
-1
0
-2
-3
0
5
0
-3
1
0
0
0
-2
-2
-1
-4
-1
-1
-2
-3
-3
-3
0
-1
-4
-3
-1
-1
0
1
-3
0
0
1
3
3
-1
0
2
2
3
0
1
0
0
1
2
-3
-2
1
1
2
2
1
3
2
0
2
6
3
2
3
5
3
3
3
1
0
0
2
3
2
1
-1
0
0
-2
2
0
-1
-1
-3
2
-2
-1
1
-2
-2
0
1
0
2
-2
-2
1
0
-1
-3
-2
-1
-2
0
-1
-1
-1
-1
-3
0
-1
-2
-1
-3
-2
-7
-2
-3
-2
-4
-2
0
-3
-2
-1
0
0
2
0
0
1
1
1
0
1
2
1
5
6
2
1
-1
1
1
1
2
2
1
1
6
4
1
0
-1
0
-1
0
1
-2
-2
-2
2
-2
-1
0
-2
0
0
2
0
-1
3
0
-1
-3
-2
-2
-3
-3
0
-2
-1
-1
-2
1
-3
-2
0
1
2
2
1
2
4
4
-2
2
1
-2
1
3
3
0
-3
1
2
1
1
0
2
-1
1
1
0
0
1
2
1
0
0
1
2
1
3
2
-1
0
-2
2
1
0
0
-1
-2
0
0
-4
-2
-3
-1
-1
-1
2
1
2
1
0
1
2
1
0
-1
-3
1
-1
0
2
-3
-4
-3
-2
-1
-3
1
2
-3
-2
-3
-1
-5
-2
-4
-5
-3
-2
0
-1
1
-1
1
2
1
2
5
2
3
2
2
3
3
3
3
1
2
0
1
2
-1
1
0
2
-1
0
0
0
1
1
2
1
0
1
2
1
4
3
3
2
-1
0
1
1
-1
2
2
0
-1
-4
1
-2
-1
-2
-1
0
0
0
1
3
0
1
0
1
3
-2
-3
-3
-3
-6
-4
-4
-5
-5
-3
-2
-1
0
0
0
-2
-4
-2
-1
0
0
-1
0
1
-1
-1
2
2
0
0
0
1
1
3
2
1
2
3
-2
-3
0
3
5
4
1
-2
-1
1
1
2
2
3
5
5
2
1
3
2
0
0
0
-1
2
-2
1
0
-1
-1
-2
1
0
1
2
0
2
2
0
0
-3
1
2
-2
-2
-1
-1
0
-2
-2
2
1
-1
0
-4
-3
-4
-4
0
-2
-1
-5
-5
-2
-2
-3
-1
-2
-1
-1
-4
-4
-6
-4
-2
0
4
2
4
0
1
1
-1
1
1
5
4
1
3
2
1
0
3
6
3
1
4
1
0
3
1
3
3
4
4
2
2
0
1
1
0
0
3
0
-4
-3
-3
-4
0
-7
-5
-4
-4
-2
-4
1
-1
1
2
4
7
5
7
4
4
2
3
0
0
0
-4
-6
-3
-3
-2
2
1
0
-2
0
-3
-3
0
-3
2
4
1
2
-2
0
-3
-4
-5
-3
-1
-1
-2
-3
-3
-3
-3
-1
3
1
3
2
2
0
-4
-1
0
0
0
0
0
1
-2
-1
1
3
4
3
3
1
2
2
4
3
4
5
4
3
-2
-2
-3
0
0
2
3
4
1
0
0
0
1
2
3
3
1
-1
-1
-3
0
-3
-5
-3
-1
-3
-4
-4
-3
-4
-2
2
0
2
1
1
4
2
0
-1
2
-1
-1
-3
-5
-7
-1
-1
-1
-1
-2
0
-3
0
0
0
-1
1
2
-1
2
2
1
1
1
0
1
1
0
1
2
5
4
5
4
4
2
2
1
-1
1
1
1
0
0
-2
-1
-4
-2
0
1
0
-3
-1
-3
-2
-2
0
1
-2
-2
-1
1
0
1
1
-1
0
-2
1
1
-1
2
2
1
2
4
0
3
3
2
-1
-2
1
-2
-2
-1
2
-1
0
-1
-2
-1
4
3
-2
-1
2
5
0
-3
0
1
0
-2
0
3
4
1
-4
-3
-1
3
0
1
-5
-8
-2
5
-5
-8
1
5
-1
-5
0
3
1
-2
-6
-2
2
-1
-4
-5
-2
0
-3
-1
0
-1
-7
-5
5
6
-2
0
5
5
1
5
7
3
1
2
6
5
0
-3
0
0
1
3
-2
0
2
1
0
-2
3
-1
-3
1
5
4
3
2
0
-4
-1
4
-1
-3
0
2
3
2
1
1
-1
-1
1
0
-1
-2
-3
-6
-6
-5
-5
-3
-4
-5
-3
-4
0
0
-4
-3
-1
3
6
6
2
1
3
4
3
-2
2
1
0
1
1
-2
-2
-1
-3
0
-1
0
1
3
-1
0
-3
-4
-4
-1
0
0
0
-1
-4
-3
-1
-2
1
4
1
2
2
-1
0
3
2
2
4
3
-1
-3
0
5
0
-1
2
3
3
1
1
-1
0
-1
-3
0
-1
-4
-2
-2
2
0
3
4
1
4
2
4
2
4
1
-3
1
1
0
-2
0
0
-3
0
2
2
2
-2
-2
-2
-3
-2
-3
-5
-3
-2
0
-2
-1
0
0
0
-2
-1
1
3
5
3
-2
-2
2
-1
-5
-4
1
1
1
-4
-2
3
-2
-4
2
4
0
-2
-2
3
1
4
4
3
5
3
-2
-3
-1
-1
-1
-5
-2
-1
0
1
0
-4
-2
-2
-1
0
-1
2
4
0
-1
1
8
3
-2
2
2
3
-6
-1
4
-2
-6
-4
0
-1
-2
-3
-3
-2
0
-2
2
5
4
-1
-1
3
0
-1
-2
-2
-1
0
0
2
1
-1
-6
2
5
1
-3
3
5
1
1
0
3
1
-1
2
5
3
-3
-6
0
3
3
0
-4
1
3
0
0
4
2
0
0
1
0
-2
-2
-5
-2
1
-2
-4
-2
3
-1
-2
-3
-1
0
-3
2
1
1
3
5
1
-2
0
-3
-2
-4
-4
-2
0
-2
-6
-7
0
1
-5
-4
3
3
3
-2
-2
1
1
1
-1
1
3
1
-4
-3
1
-1
0
0
-3
-2
-1
-1
-3
-2
1
-1
-3
1
2
1
1
0
2
2
4
5
5
5
5
4
-1
0
4
2
-3
-1
4
7
2
-1
1
2
1
4
6
3
1
2
2
0
2
3
1
3
2
-6
-6
0
3
-3
-7
-5
-1
3
2
-3
-2
-1
-4
-2
0
1
-1
-1
1
1
1
-1
0
-1
-3
-4
1
-1
-3
-3
-3
-4
0
5
0
-5
-4
-1
-2
1
-4
-5
1
1
-4
-3
0
-1
0
1
0
0
0
0
1
2
3
0
-2
3
2
-3
0
4
6
1
2
5
2
1
0
1
1
3
4
2
-1
0
1
-2
-1
3
-3
-3
1
0
-2
0
3
-1
-1
-1
5
3
-2
0
3
1
-4
-6
-4
-2
1
0
-3
-1
1
6
4
0
2
3
-1
-1
-1
-1
-1
-3
-1
2
-1
-3
-4
-2
-1
1
2
1
-1
-1
2
1
1
4
5
1
-3
-3
-2
0
1
-4
-2
4
2
0
-5
-1
3
-2
-4
-1
2
1
0
-1
0
4
7
5
2
1
-1
-1
-1
2
0
-3
-2
2
3
3
0
-4
-6
-1
2
-1
-3
-4
0
-2
-3
-1
-6
-3
1
-2
-5
-5
-1
-3
-5
-5
-4
2
5
4
2
3
3
1
2
4
4
2
2
3
3
1
0
-1
0
0
0
1
1
1
-4
-4
-1
4
3
0
-1
2
-2
-1
1
0
4
0
-3
-1
2
0
-1
-2
-1
5
3
2
4
6
2
0
2
0
0
2
2
0
2
1
-1
-4
-3
-2
-1
-1
-2
4
3
0
2
1
-2
0
2
1
-4
-3
-3
-2
0
0
1
-2
-7
-3
1
0
-3
-4
-2
1
1
-1
-2
-2
-4
-2
-1
0
1
0
0
0
-1
-1
0
1
0
-2
1
0
1
0
2
3
0
1
1
4
3
2
-1
1
3
1
1
0
2
2
3
-3
-1
1
0
-4
-5
0
-4
0
6
3
1
0
3
4
1
0
3
2
-1
-4
2
1
-1
-1
-2
-1
0
1
-2
-6
-1
-1
-1
0
2
-1
-3
-2
-5
-3
0
2
-1
-1
-1
-2
-1
2
2
-1
0
-5
-3
2
5
0
0
2
4
2
3
4
2
4
3
3
2
2
2
-2
-2
0
0
0
0
0
-3
-2
-1
-1
-1
-1
-1
-2
1
-2
0
0
-1
-3
-3
-1
-2
0
1
0
3
0
1
0
2
0
-1
1
1
1
1
1
0
-1
-1
-2
-2
0
1
0
-1
-2
-3
0
1
-1
1
2
3
-1
0
3
0
-4
0
0
-1
1
-1
0
1
1
1
-4
-4
0
-2
-1
-1
0
3
2
-2
-1
0
1
0
1
1
1
3
1
1
0
0
2
0
3
1
4
4
1
0
-1
2
2
-2
-3
1
0
-3
0
0
2
0
1
2
0
-2
-1
-2
-1
2
0
1
-1
1
-2
-2
-2
-1
-1
-1
-1
-2
-1
0
-1
-1
0
-1
-2
0
-1
-3
-2
1
0
0
1
2
-1
0
-1
-2
-1
0
0
0
-1
1
-2
-1
3
-1
0
0
3
0
-1
0
1
2
2
5
1
0
5
4
4
4
3
2
1
3
2
0
-1
0
2
0
-2
-4
0
-3
-3
-1
-2
-2
-1
-1
0
1
-1
-3
-3
-3
-3
-4
-1
0
-3
-4
-4
0
2
-1
-2
-1
1
3
1
0
4
3
-1
-3
0
2
-1
0
1
-1
0
2
2
5
2
-1
0
1
2
1
0
0
0
-1
0
-2
1
2
-4
-2
-3
-5
-3
-1
0
-1
3
0
2
1
1
3
1
0
0
0
3
3
2
0
-1
0
-2
0
-3
2
3
2
5
4
5
2
2
0
-1
1
0
-2
-2
-2
0
-2
-5
-1
1
-2
-3
-1
-2
0
-3
-4
-1
1
1
-3
0
1
1
1
2
2
1
1
-1
-2
-2
-2
-2
0
-1
0
0
2
0
-3
1
-1
0
1
-1
0
5
1
-2
1
4
2
-1
-2
-1
0
-2
-2
-1
0
-2
-2
-3
-1
1
0
-2
-3
-2
2
0
-2
-1
-2
1
1
2
2
0
0
0
1
1
2
1
1
1
1
0
1
3
3
5
2
-1
0
3
1
0
2
4
2
0
2
1
-1
-4
1
-1
2
-1
-4
0
0
-2
-3
-3
-2
-1
2
0
-1
0
-3
1
1
0
-5
-1
0
0
2
1
2
3
-1
0
2
2
2
-1
-1
0
-2
-2
-2
2
0
1
0
-2
-2
1
2
1
2
0
-2
-1
2
-1
1
-2
-2
-1
-2
-1
-2
-2
-3
-1
-2
-1
0
2
0
0
1
3
2
0
2
-1
-1
-1
0
0
-3
-3
3
1
1
1
0
1
-1
-4
0
0
-2
-1
0
2
3
4
0
0
0
0
0
-2
-1
-1
0
1
-1
2
2
1
2
2
-1
-1
0
-1
-3
-1
0
-2
1
-1
-2
1
3
3
-4
-2
4
3
1
-2
0
1
-1
1
0
2
-1
-3
-4
-1
0
-2
2
-1
2
1
1
-2
-1
2
-1
1
1
3
1
-1
1
0
-2
1
0
0
0
2
2
0
-2
-1
-2
0
0
0
-3
2
2
1
0
2
2
1
5
0
0
1
0
-1
3
-3
0
1
-2
-2
-3
-2
0
3
1
-1
-1
-2
-1
3
0
-2
-5
-3
-1
-3
-3
-4
-3
-5
-3
-2
0
1
-3
-1
-1
0
1
2
1
0
2
0
1
2
1
1
3
1
-2
-1
-2
0
-1
2
2
0
-1
1
1
2
2
2
0
0
-1
0
-3
-2
-3
2
4
1
1
0
0
1
3
3
3
4
3
1
1
1
2
-1
1
0
1
-1
0
-1
-2
-2
0
-3
-4
-1
-3
0
3
1
3
1
0
0
2
1
-1
-5
-1
1
1
1
1
2
0
0
0
0
-2
-1
-2
-3
-1
-1
-2
-4
2
2
-2
-3
-5
-2
-4
-4
-2
-3
-2
-3
0
1
2
0
2
1
0
3
3
3
3
4
2
2
2
0
1
-1
0
1
-2
0
0
4
3
-2
-1
1
0
-2
2
3
4
0
0
2
-3
-2
1
0
0
-1
-1
-2
-6
-4
-1
1
2
4
2
-1
0
-1
-1
-2
-1
1
1
-1
0
-3
-5
-1
0
-3
-6
-1
1
-2
0
1
0
-3
2
2
2
6
1
-1
1
1
2
0
1
1
1
2
1
0
-2
-4
-1
0
0
0
3
2
1
-2
0
2
-1
-2
-1
-3
0
3
2
0
-2
-2
1
2
2
-1
-3
-3
-1
2
-2
0
0
0
0
0
1
0
1
3
-1
0
2
0
0
-1
-2
2
1
2
1
0
-2
-2
1
-2
1
-2
-2
1
-3
-1
1
0
-1
-2
-3
-2
0
0
-3
-1
3
2
1
-1
2
3
1
1
-3
-2
3
6
0
1
2
0
3
4
2
0
1
0
0
0
1
-1
-3
-1
0
-1
-1
-1
0
1
-1
1
-1
-2
-2
0
2
-3
0
1
-1
-1
2
0
-1
3
0
-2
1
-2
0
1
1
1
-2
-1
1
0
-1
2
1
1
3
2
1
0
1
3
2
-1
1
0
-1
-3
-1
-1
-3
-1
0
0
-1
2
0
1
0
0
2
-1
0
-4
-1
4
1
-1
-2
-2
1
-1
-2
0
0
0
-2
-2
0
1
0
4
2
-1
0
-1
1
-1
-2
-1
-1
-1
0
2
4
3
0
2
2
2
0
-5
-1
1
1
2
-1
0
-2
1
0
2
-1
-1
1
-1
0
1
1
-2
-2
-4
0
4
1
2
1
0
-1
-2
-1
-3
-2
-4
-3
-1
1
0
0
2
1
2
2
1
2
2
1
-1
-3
-1
0
-2
-3
-2
-2
-3
0
-2
-4
0
0
0
1
2
0
2
-1
2
3
3
6
2
2
3
3
1
3
2
0
0
-2
-1
2
0
-1
-1
-2
0
-2
-3
0
1
1
1
0
-1
3
2
0
-1
0
1
-1
-1
-3
-2
2
1
2
3
3
-2
-2
0
1
-2
-1
2
-1
-2
-1
-1
-4
-1
-1
-3
-3
-2
4
1
-1
-1
-3
-2
1
0
-1
-2
-3
-3
-1
-1
0
0
1
-1
0
-1
0
1
2
1
-1
0
-1
-1
1
2
2
2
3
3
2
-1
-2
-4
-1
2
1
-1
-2
0
0
-1
0
4
2
0
3
4
2
3
3
2
4
1
0
-2
1
-1
3
1
-1
-1
-2
-3
-1
1
0
-1
-3
-1
1
-1
-1
1
-3
1
1
0
2
2
-2
1
-1
-3
-3
-2
1
-3
-1
0
-3
-3
-3
-3
-3
-1
-2
-1
-1
0
2
-1
0
0
0
0
1
3
0
2
1
0
2
3
3
2
0
0
1
1
4
3
1
1
1
-1
-2
0
-1
2
0
-1
0
-1
-1
0
-1
-2
2
1
-1
1
1
-2
-1
-3
-1
0
0
-2
-3
0
-1
-2
-1
1
-1
-1
-2
-2
1
-1
-3
-1
3
2
2
0
-2
0
0
-1
0
1
0
1
0
1
2
6
5
4
4
0
-1
0
1
-2
-1
-1
3
2
-1
1
-1
-1
0
0
1
1
-3
-2
0
-2
-3
-1
1
-1
0
-2
0
1
0
-1
2
3
2
4
0
-3
-3
-3
-2
0
-2
-2
0
-1
-1
-2
0
3
0
-1
2
3
3
1
2
3
0
0
1
3
3
1
0
1
0
1
2
1
-1
0
0
0
-1
1
0
1
2
1
2
1
-1
0
0
-1
-2
-2
1
-1
-2
-2
-2
-4
-4
-3
-2
-1
-1
-1
-2
0
-1
-1
0
0
-1
0
1
1
1
1
-1
1
1
0
0
0
0
-1
-1
0
1
0
0
1
1
0
1
-2
1
-1
1
-1
-2
1
-1
1
-1
-2
-4
-5
-3
0
1
-3
2
2
3
4
1
3
2
3
2
-1
1
1
4
1
2
3
3
1
1
3
2
1
2
-1
-1
-2
2
3
1
2
2
1
3
3
1
1
0
-2
-1
-6
-4
0
-4
-4
-3
-1
-2
0
0
-3
-1
0
0
-2
-1
-1
0
4
-1
0
0
-2
-2
-1
2
0
-2
-2
-1
-3
-3
-3
-2
-3
-4
-4
-3
-1
1
0
0
1
1
1
2
3
2
1
2
1
0
-1
2
1
2
3
3
5
3
4
4
2
2
3
4
5
1
0
-2
-3
-3
-1
-4
-2
-2
-1
-2
-3
-2
-3
-2
0
0
1
2
2
-1
-1
1
2
2
1
2
0
1
1
1
1
2
0
-1
-1
0
-2
-3
-1
1
0
-2
-3
-1
-1
-3
-1
0
-1
-1
2
0
0
-1
-2
0
1
1
0
0
3
3
2
1
0
0
1
-1
1
0
0
1
-1
-1
0
0
-2
-1
-3
-3
-1
0
-3
-3
-1
-1
0
1
1
-1
3
2
0
0
0
2
-1
3
3
3
1
0
-1
4
4
4
3
1
1
0
2
-2
-1
0
-2
-2
-1
-3
-1
1
-1
0
1
1
0
0
0
1
0
1
2
0
-1
-1
3
3
-1
0
0
-1
-1
-2
0
0
-2
-2
0
-1
0
-1
-4
1
-1
1
0
-3
-3
-5
-4
-3
-1
-1
-2
1
2
1
2
2
3
1
4
3
2
2
1
0
3
3
1
5
1
4
1
2
2
2
1
-1
0
-3
0
-2
1
-1
0
2
2
-1
-4
-3
-1
1
2
1
0
3
3
0
0
-1
-3
-3
-2
-3
-2
-2
-1
-2
-1
-3
-1
1
-2
-1
-3
-1
1
0
1
-2
-1
-1
-1
0
1
4
2
0
0
1
2
1
0
0
1
-1
1
-1
1
4
4
2
2
1
2
3
3
3
3
4
1
1
1
-1
0
-3
-1
0
1
0
-2
-2
-2
-2
-1
-3
-5
-3
-6
-4
-2
0
1
-1
1
0
0
-1
-2
-1
0
0
-4
-2
2
0
-1
-1
1
1
4
4
0
1
1
2
2
1
1
0
2
1
3
3
3
2
0
-2
0
2
3
2
1
0
-2
-3
-3
-2
-3
-3
-3
0
0
0
0
-1
-1
-2
-2
-2
-1
-1
-1
1
3
-1
0
1
1
3
1
0
1
2
-1
-1
-2
0
0
1
0
-1
0
0
0
-1
-1
1
1
1
3
4
2
1
-1
1
0
-2
-3
-2
-2
-2
1
0
0
2
0
-1
0
-2
0
-1
-1
2
-2
0
-1
1
2
-3
-1
0
1
-2
0
0
3
1
-1
2
-2
-3
0
2
0
0
1
0
4
2
2
2
1
5
3
1
3
3
2
1
0
-2
0
-1
-1
-1
-1
-2
-2
0
-4
-2
-1
-3
0
0
0
0
0
0
1
3
1
-1
1
1
1
-2
-2
-1
-1
0
1
-2
-3
-2
-3
-1
-1
-1
-1
-1
1
-1
0
2
-1
2
-1
1
0
-1
0
-1
0
0
-1
2
1
1
1
1
-1
0
1
1
3
4
0
-3
-1
-1
1
0
1
2
-2
0
0
-1
-1
1
0
0
1
-1
1
0
-2
-1
3
1
1
3
-1
-2
-2
-2
-1
-1
0
-1
-4
1
0
0
1
0
-1
1
0
0
1
-1
1
0
-1
0
1
2
-3
-1
-1
1
3
4
1
0
1
0
1
4
0
2
2
2
1
0
1
0
-1
-2
-1
-2
-1
-1
-1
1
-2
-3
-1
-3
-2
-1
1
-1
-2
-1
0
-1
-4
-2
-2
-1
0
0
0
2
1
1
2
1
-2
0
-1
-2
0
-1
0
2
0
0
2
1
0
1
1
1
1
3
1
1
4
3
2
2
1
3
1
-1
1
0
-1
1
1
-2
0
0
-1
-2
-1
0
-1
0
-1
-1
1
-1
-4
0
1
1
0
-1
2
0
-1
0
1
1
1
0
2
3
1
0
-2
3
-1
-1
1
1
0
-1
-2
-2
-1
-1
0
1
0
0
1
3
2
1
0
1
-2
-2
-2
-3
-3
-3
-1
-1
1
0
-2
-2
-3
-1
-2
-1
-3
0
-1
0
1
0
3
-3
1
4
1
1
0
0
-1
-1
0
-1
3
0
1
0
4
2
-2
4
1
1
2
0
-1
-1
-1
3
4
1
1
0
0
1
4
0
1
1
-1
-1
-1
1
0
0
0
3
0
-2
1
-1
-3
-1
0
-2
-2
0
1
-3
0
0
-2
-1
-3
0
-2
1
1
0
-1
0
1
-1
0
0
3
2
2
2
-1
3
2
3
1
1
-1
-1
1
1
3
-2
-1
-1
-1
-2
-3
-1
-3
-5
-2
-5
-3
-1
0
-1
-1
1
-1
0
-1
4
-1
0
1
0
-1
-3
0
-1
0
3
1
0
2
3
1
0
1
1
2
3
0
1
3
1
-1
-1
-2
-2
1
-1
-1
0
-2
-1
-1
-2
-1
-1
1
3
2
4
0
-1
0
-2
2
3
1
1
1
1
0
-2
-1
-1
-1
0
-1
-1
2
0
0
0
0
-1
-2
1
2
-2
1
1
1
0
1
1
1
-1
-3
0
-2
-2
-1
0
0
-4
0
-1
1
3
-2
0
-2
-1
-1
-1
-2
-1
-1
-2
-2
-1
2
0
1
1
2
0
1
0
-1
-1
1
0
1
1
3
5
2
2
2
4
1
3
0
-2
0
0
3
2
1
1
-2
-1
0
-1
0
0
0
1
-2
0
1
-1
0
0
-1
1
0
-1
1
-2
-1
0
-1
-1
0
-2
-1
0
0
2
0
2
0
-2
0
-2
0
2
-2
-2
-3
-1
1
-3
-1
-1
-2
-1
0
2
0
-1
2
4
1
1
1
-2
-1
-2
2
4
2
1
-2
1
0
2
4
3
-2
-1
1
-2
-1
0
-2
-1
2
3
2
2
1
1
2
2
0
-2
-2
-1
-2
1
-1
0
0
0
0
-3
-1
0
0
0
-1
-1
-2
0
1
0
0
0
2
2
-2
0
0
-2
-1
-2
-2
0
-1
-2
3
3
0
1
1
0
-3
-1
-3
0
0
-2
-6
-1
1
1
1
0
0
-2
1
0
-1
-1
0
-1
-3
-1
-1
2
0
1
2
-1
2
2
2
-1
1
1
2
2
1
4
2
1
1
1
0
1
3
-1
1
0
2
1
0
0
0
0
1
-1
1
0
-1
-2
-4
-1
-1
-3
-3
-2
-1
0
1
2
1
2
-2
0
-1
-1
4
2
2
2
3
5
4
3
4
0
0
0
-2
-1
-2
-2
0
0
1
0
1
1
0
-2
1
3
1
-2
-1
1
-1
0
-1
-2
-2
-2
-1
1
-1
-1
-2
-3
-3
-2
0
-1
0
1
-1
-4
0
-1
-2
-1
0
-2
-2
1
1
1
-2
0
4
0
-3
0
0
1
1
1
-1
-1
1
2
2
0
1
0
-2
0
-2
-1
1
2
1
4
0
1
2
1
1
2
3
3
4
3
2
3
0
0
1
0
2
-3
-1
1
1
2
2
2
0
-1
-2
-2
-2
0
2
-1
0
1
-1
-1
-4
-1
2
1
2
-3
1
0
-2
0
-2
1
0
-1
-1
-1
0
-1
-2
0
-3
-1
0
-2
0
-1
-1
0
-1
-3
0
0
1
2
3
1
-2
0
2
0
-1
0
0
-2
-3
-3
-4
-1
-2
0
1
-2
0
1
2
0
0
-2
1
1
0
1
3
-1
-1
3
1
1
1
0
3
0
1
-1
-1
-2
2
3
1
3
2
3
0
-1
-2
2
1
1
2
-3
2
1
-1
0
2
-1
-2
-4
-4
0
2
3
-1
0
1
-1
-3
-1
-2
2
3
1
1
1
-2
-1
0
0
2
1
3
1
0
-1
-1
1
1
3
2
-3
-2
-2
-3
-1
0
-1
-1
0
-3
-4
-3
-4
-3
-1
-1
-1
0
-1
0
2
2
1
-2
-2
-3
0
1
-1
1
0
1
-1
-1
1
2
3
2
0
1
0
2
3
-2
-1
0
3
1
1
2
-1
-2
-1
2
5
2
0
1
-1
1
2
-1
0
-1
0
1
0
-1
0
0
-1
0
-1
-1
-1
1
0
-2
0
1
2
-1
1
-2
-2
1
-2
-1
-2
0
-2
-1
2
1
0
0
1
1
0
1
-3
1
-1
-3
0
1
0
1
1
3
2
0
-1
-1
-2
0
-3
-4
0
-4
1
1
-3
-1
1
2
3
2
0
0
-1
-3
-3
1
2
1
-2
0
1
3
2
2
1
1
0
0
0
0
-2
-5
-1
0
0
0
0
-2
-2
0
0
1
0
0
2
-1
-1
2
1
-1
1
-1
2
1
-1
1
3
3
1
-1
2
2
-1
0
1
2
1
2
2
1
1
-2
-3
-4
-2
-2
-2
-1
-1
-4
-3
0
1
0
-2
1
-1
0
-1
0
2
1
4
4
2
2
1
1
0
3
-1
1
0
2
-1
-3
0
-3
-1
-2
-3
-3
0
-2
-2
-1
-1
-1
0
0
-1
0
-1
-2
-2
-2
-2
0
1
0
1
-2
0
1
-2
-1
1
1
0
0
0
0
2
2
1
1
1
1
2
3
2
1
1
0
-2
1
0
-1
0
0
3
1
1
1
3
3
3
1
-2
-2
-2
-1
-3
-1
3
1
-2
-2
-2
1
1
2
0
-2
1
0
-1
1
2
0
-1
0
1
-3
-1
-1
-3
-2
1
1
0
0
0
-1
1
0
0
1
0
-2
-2
-1
1
2
1
2
1
-2
3
1
1
2
1
-2
0
-1
-3
-3
-2
1
-2
0
-1
0
-1
2
-1
-3
-2
-3
0
-1
0
-2
-4
-1
-2
-2
-1
0
2
2
0
2
3
4
1
2
3
2
-2
-2
0
1
0
2
1
0
-1
-4
-1
1
-4
-1
-1
1
0
0
-1
-1
2
2
1
0
5
2
3
1
0
1
2
2
0
0
0
-1
2
2
4
0
-1
1
-2
-2
-1
1
0
0
0
1
1
0
-1
3
-1
-2
-1
-2
0
0
0
2
3
2
-1
-2
2
-1
2
0
0
-1
-1
0
-3
-1
0
0
-1
-1
1
1
0
1
-3
0
1
-2
0
-1
-3
-3
-1
-3
-3
-1
0
-2
2
2
0
1
1
-2
0
0
-1
-3
-3
0
-3
-3
-1
1
0
0
0
0
-1
2
5
1
1
4
3
2
2
1
2
0
1
0
1
-2
1
2
-1
2
3
6
4
2
2
0
1
1
0
1
3
2
1
-2
-2
-1
-2
-2
-3
-1
-2
-1
-2
-1
-4
-1
-1
-2
1
-3
-1
-1
-2
-3
0
-1
-3
-2
-3
-2
0
3
4
2
5
2
1
0
1
4
2
0
3
2
0
-1
-3
0
0
-1
-2
2
1
0
-1
2
0
-2
2
0
-2
-1
-2
-2
-2
-2
-1
-2
-1
0
-2
-1
0
-1
-1
0
0
1
1
0
1
2
-1
0
0
2
0
-2
-1
1
0
-1
1
1
2
3
1
-1
0
-1
-2
-1
-1
0
1
-3
0
-1
-3
-2
0
1
-1
0
-2
0
-1
-3
-2
-2
4
2
3
3
1
0
1
2
1
1
3
3
1
0
0
1
4
0
2
0
0
2
1
3
2
1
-1
0
-1
-1
-1
-2
-3
-4
-3
-4
-2
-5
-3
3
-1
-1
0
0
2
1
-1
1
2
2
4
2
-2
-1
-1
1
1
1
0
-2
-1
-1
-3
-3
-1
0
-1
0
-1
-1
1
-1
0
2
0
0
0
1
0
-2
-2
-2
0
-4
-2
2
-1
0
1
0
3
0
-2
0
-2
-1
0
4
2
0
-1
1
2
1
1
1
0
1
1
1
3
-3
-1
2
2
2
-2
0
-1
0
2
0
0
-2
-1
1
3
1
-1
1
1
2
2
3
1
-2
0
-1
-2
-2
0
2
3
5
2
1
1
0
2
2
-1
-2
0
0
-3
-4
-3
-4
-2
-2
-1
-1
0
0
-1
0
1
-1
-3
-3
-2
-1
-1
-2
-2
-1
-1
-2
-2
-3
-1
0
-1
0
1
4
1
0
-2
-3
-2
-3
1
0
-3
-2
-2
1
1
2
3
5
3
2
3
5
3
1
3
1
2
2
2
1
2
1
1
0
1
1
0
0
-1
1
2
2
0
1
1
1
3
1
-1
1
0
-2
-2
0
-3
-1
-2
-2
-1
-3
-2
-1
1
-2
-2
-1
-1
-1
-3
1
0
0
0
0
0
0
0
-1
-2
-2
-1
-1
1
-2
-1
0
-1
-2
-1
1
1
1
2
0
2
3
1
0
-1
-1
0
1
0
-1
-1
-2
0
-1
-1
2
0
1
2
-2
0
2
0
1
1
2
1
3
2
-1
2
1
-1
2
1
1
0
1
1
1
1
-2
0
0
-1
-2
0
-2
-1
0
-2
1
-1
-1
-4
-1
-2
0
2
1
0
2
2
2
1
-2
-1
-3
-2
-1
-2
2
4
3
0
2
1
-1
0
2
3
-4
-1
1
-1
2
0
-1
-1
-3
-4
1
2
-1
-1
-1
1
1
0
1
0
0
2
3
-1
-2
-1
0
3
-1
1
0
0
-2
-2
-4
-1
0
1
-1
1
1
-3
1
1
1
1
-2
0
0
-2
3
0
-1
-3
-3
1
0
1
1
0
0
1
3
2
0
-1
-1
0
-1
-2
0
1
-1
1
1
1
-1
3
4
4
-1
1
-1
-2
-1
0
1
-2
1
-1
0
0
3
0
2
1
-1
2
0
-1
-1
0
1
2
-3
0
-4
-3
-3
-1
-2
-3
1
-1
1
-1
0
0
2
0
0
3
2
0
0
1
0
1
0
0
0
2
0
3
2
0
-1
-1
-1
1
1
-1
0
-2
-1
1
0
2
2
-1
-1
0
0
-1
0
1
-1
1
-2
1
1
0
1
0
-1
-1
1
0
-1
0
1
0
-1
0
-1
-1
2
-1
2
0
0
3
3
0
-1
-2
0
1
0
0
-1
-2
-3
-2
0
-3
0
1
0
0
-1
1
0
-2
-2
-1
-1
-1
-3
-1
0
-1
5
2
1
0
0
-2
0
1
1
3
0
0
0
1
-1
0
-1
-2
0
-2
-3
-1
1
1
2
3
4
3
-1
1
3
4
5
-2
-2
0
1
0
-2
-1
-1
1
2
3
0
-1
0
0
1
-3
-1
1
0
3
2
1
3
2
0
1
1
3
3
0
-1
-2
-2
-2
-3
-1
-2
-3
-3
-4
-1
-1
0
-2
0
-3
1
0
0
1
0
2
0
0
-2
0
0
-1
-1
1
1
1
-1
3
2
2
0
0
-1
-2
-1
-4
-4
-4
-2
-2
1
2
2
2
0
0
-1
0
0
1
2
0
-1
-2
-1
2
-1
-2
0
0
0
1
2
2
0
0
-1
-1
1
2
1
1
1
1
0
0
-1
-2
0
-1
1
3
1
1
0
0
2
0
0
0
-2
-1
-2
0
0
-1
-3
-1
0
1
1
-2
-1
-2
3
2
3
3
1
1
1
-1
1
1
-1
0
-2
1
3
2
0
1
2
-1
-1
0
0
-1
1
0
-1
1
1
3
2
0
1
-1
1
0
-2
-2
-2
-2
-2
-4
0
0
1
0
-1
1
2
-2
-3
-1
2
-1
-2
1
0
2
-1
0
0
-3
-1
0
0
1
0
2
0
-1
-2
-1
1
1
2
0
0
-3
-2
0
0
3
0
2
2
-2
-1
3
3
1
1
2
1
0
2
2
0
-1
-1
1
-1
0
1
0
-1
-1
-1
-1
-1
-1
-2
0
-3
-2
-1
-1
-1
-1
-1
-2
-2
-2
1
0
-1
-1
1
2
1
0
1
0
0
0
1
-2
1
2
1
2
2
3
4
2
1
-1
-1
-1
0
0
1
-2
1
1
1
1
4
3
0
3
-1
1
0
2
2
-1
-3
0
2
-2
0
-3
0
-2
-2
-1
-1
-4
-1
-1
0
0
0
0
-2
0
2
4
2
3
0
-2
-1
-2
-1
1
-1
0
0
0
-1
1
-1
0
2
1
3
1
0
0
3
0
-3
-1
0
0
-3
1
-1
-1
-1
0
-1
0
-1
0
1
-1
1
0
-1
-1
-1
-1
-3
-3
-2
-1
2
0
-1
-1
-1
1
1
0
1
1
-1
-1
3
2
0
1
0
1
2
0
0
-1
1
2
2
2
2
-2
-2
-1
2
2
0
0
1
-1
1
2
0
-1
3
3
3
0
1
2
1
2
0
1
3
0
0
1
0
2
1
2
2
-1
-1
-1
-2
-2
-1
-1
-4
-5
-4
-3
-1
-1
-3
-1
-2
-2
-2
-2
-2
1
0
-2
0
-1
1
-1
1
-1
-5
-4
0
2
1
-1
0
1
-1
1
2
2
0
3
2
0
1
3
2
0
1
0
2
1
4
2
2
1
0
0
1
3
4
3
3
-2
-2
-2
-2
0
-1
-1
0
-1
-1
-2
-1
-2
-1
0
-2
-3
-1
-2
-2
-2
-4
0
1
1
1
3
5
4
2
2
1
2
-1
0
2
0
0
0
0
-1
-2
0
3
0
0
0
-3
0
-2
1
0
-1
-3
-2
-3
-3
-2
-4
-2
-1
-2
-1
2
1
2
2
2
5
4
1
-2
1
-3
-1
1
1
1
-1
1
0
0
-3
-3
-3
-2
-2
-3
-1
-2
-2
-2
-1
-2
1
0
0
0
-1
-2
-1
1
2
0
3
2
3
5
3
3
4
3
1
3
3
3
6
4
2
2
-2
-1
-1
-3
-2
-1
-1
-2
-1
-2
1
0
-1
0
-1
-1
1
2
1
-1
1
0
1
1
1
2
0
-1
0
-2
0
0
0
1
0
-1
0
0
1
0
1
-1
-3
-1
-3
-3
-1
-4
1
-1
-2
-1
-4
-3
-2
-2
1
-1
-2
1
2
0
-1
-1
4
2
-2
0
1
-3
-1
1
-1
-2
-3
-1
-2
-3
-1
-2
-1
1
1
3
3
1
0
0
1
3
4
5
1
2
1
2
0
-1
1
1
-1
0
3
-1
1
0
0
1
-1
1
2
2
2
0
0
0
-1
0
2
-1
1
0
1
1
2
0
0
-1
-2
2
-1
0
-2
3
3
-1
-1
-3
-2
-2
-2
-1
-2
-1
-2
-1
-1
0
1
1
-1
-1
0
0
0
-1
2
0
-1
1
0
0
-2
-2
1
-3
-2
-1
2
1
-1
-2
0
0
1
4
2
-1
0
1
1
2
2
3
0
1
2
4
2
-1
-3
0
-1
-1
-1
-4
-2
1
1
0
-1
0
-2
-3
0
-2
0
2
3
0
-1
-1
-1
0
3
2
1
1
0
1
0
2
4
4
1
2
2
2
0
1
1
-1
0
0
-1
2
0
-2
-1
-2
-2
0
-1
1
2
0
-2
-2
0
-1
-1
-4
-3
-1
-3
-2
-3
-2
-1
1
-1
0
-3
-3
-1
-3
-2
-2
0
-2
0
1
0
0
-1
-1
-2
-2
-1
1
0
-2
2
-1
0
0
1
3
0
1
-1
2
1
2
1
0
2
3
1
2
0
0
2
1
1
2
3
4
5
4
4
4
4
4
2
1
1
0
3
1
-1
0
1
0
1
0
0
1
1
0
2
3
2
-1
-2
0
0
-1
0
-1
-2
-1
-2
-3
-1
-2
-1
-2
0
-1
-1
0
1
-2
-2
-2
-4
-1
-2
0
-3
-4
-2
-3
-1
0
-1
0
0
-2
1
-1
-1
-3
-6
-6
-5
-4
-4
-6
-4
-6
-8
-4
-4
-1
-4
-4
-4
-4
1
-1
-3
-1
0
1
2
3
4
4
0
2
4
1
3
2
1
2
5
5
5
5
6
6
6
5
4
3
3
3
4
9
11
11
10
9
11
13
14
14
15
15
21
21
18
22
22
24
27
27
28
30
28
27
28
26
25
24
23
24
26
24
24
22
20
23
23
23
20
19
15
15
12
8
6
-2
-10
-17
-27
-35
-46
-56
-69
-84
-97
-112
-127
-141
-163
-189
-203
-222
-239
-250
-285
-310
-323
-335
-339
-351
-378
-386
-377
-375
-366
-358
-360
-342
-317
-291
-252
-220
-194
-152
-108
-62
-17
31
79
128
174
220
263
303
341
377
407
435
459
479
498
513
525
532
539
539
536
533
524
510
497
484
466
447
429
409
388
368
346
326
306
289
274
258
242
229
214
206
199
191
182
175
173
167
161
157
149
143
133
123
114
98
79
58
31
-1
-35
-76
-117
-165
-214
-264
-316
-373
-428
-481
-533
-580
-621
-652
-681
-699
-708
-713
-711
-701
-694
-688
-679
-674
-675
-686
-699
-717
-740
-763
-781
-794
-797
-791
-779
-756
-722
-684
-639
-598
-558
-520
-490
-465
-444
-423
-396
-363
-319
-265
-192
-105
0
122
253
394
541
685
825
957
1076
1182
1273
1351
1414
1465
1504
1538
1564
1582
1597
1605
1604
1595
1577
1550
1505
1452
1384
1295
1191
1077
950
816
678
539
396
258
129
4
-110
-209
-293
-365
-425
-475
-516
-544
-567
-589
-607
-623
-635
-646
-657
-664
-665
-662
-658
-645
-631
-614
-599
-585
-576
-574
-574
-586
-594
-606
-617
-630
-641
-646
-646
-638
-627
-611
-597
-581
-569
-564
-567
-581
-602
-630
-663
-701
-744
-788
-829
-877
-929
-988
-1051
-1125
-1209
-1299
-1400
-1490
-1567
-1623
-1645
-1628
-1559
-1440
-1276
-1063
-806
-511
-185
155
500
844
1178
1492
1785
2050
2292
2501
2682
2834
2960
3064
3136
3183
3203
3195
3160
3099
3009
2886
2744
2577
2385
2166
1926
1660
1378
1081
770
451
132
-184
-488
-779
-1053
-1294
-1503
-1676
-1823
-1932
-2008
-2055
-2067
-2056
-2026
-1971
-1898
-1809
-1709
-1591
-1465
-1327
-1184
-1039
-884
-725
-562
-406
-254
-108
29
148
248
329
387
421
431
417
381
327
259
177
89
-1
-85
-161
-232
-292
-342
-380
-410
-434
-449
-462
-469
-472
-471
-466
-449
-427
-396
-350
-298
-229
-148
-57
46
160
278
404
539
682
828
979
1123
1251
1351
1412
1412
1345
1197
955
635
235
-221
-716
-1214
-1689
-2117
-2466
-2727
-2879
-2920
-2846
-2684
-2438
-2127
-1775
-1407
-1045
-694
-364
-67
193
422
629
831
1026
1229
1445
1682
1943
2224
2506
2786
3053
3293
3482
3610
3657
3631
3524
3333
3057
2713
2324
1904
1466
1023
602
215
-126
-429
-693
-910
-1084
-1236
-1373
-1506
-1628
-1743
-1853
-1963
-2063
-2138
-2180
-2192
-2174
-2111
-2000
-1840
-1650
-1434
-1199
-945
-693
-459
-260
-81
75
192
268
313
328
327
318
293
266
249
239
221
197
167
148
137
116
87
54
23
1
-22
-36
-41
-36
-30
-19
4
45
107
170
230
289
365
459
560
658
739
784
777
701
567
379
131
-197
-618
-1093
-1586
-2049
-2450
-2765
-2977
-3087
-3129
-3108
-2998
-2760
-2401
-2001
-1619
-1264
-915
-575
-236
96
420
720
965
1145
1316
1533
1823
2145
2438
2702
2968
3252
3528
3756
3932
4048
4086
4023
3865
3645
3389
3094
2733
2316
1883
1468
1068
669
265
-105
-408
-660
-895
-1136
-1370
-1569
-1742
-1894
-2036
-2166
-2278
-2393
-2500
-2567
-2557
-2472
-2356
-2229
-2076
-1875
-1628
-1361
-1095
-841
-607
-397
-230
-83
57
180
276
339
384
421
452
454
437
416
401
385
350
293
219
148
84
22
-41
-88
-110
-122
-135
-147
-147
-123
-102
-100
-106
-79
-14
71
138
186
250
352
469
558
627
732
874
988
997
917
821
725
557
226
-256
-788
-1299
-1815
-2333
-2761
-2995
-3068
-3141
-3262
-3295
-3071
-2639
-2208
-1893
-1620
-1271
-870
-516
-208
131
508
805
939
1018
1223
1606
2008
2275
2470
2743
3121
3485
3736
3919
4096
4236
4224
4057
3857
3698
3484
3117
2640
2193
1835
1478
1042
556
145
-147
-398
-687
-993
-1249
-1459
-1675
-1907
-2095
-2198
-2278
-2425
-2615
-2729
-2698
-2586
-2497
-2447
-2349
-2156
-1909
-1671
-1447
-1192
-915
-661
-471
-312
-141
39
167
218
257
340
446
501
495
463
471
507
516
482
428
384
338
272
211
191
190
163
82
-5
-43
-34
-36
-89
-157
-189
-166
-136
-101
-45
33
114
167
221
333
491
632
717
773
855
935
944
848
703
548
338
-21
-538
-1073
-1529
-1951
-2406
-2823
-3031
-3052
-3095
-3222
-3247
-2956
-2489
-2115
-1875
-1624
-1272
-913
-605
-296
62
441
721
861
979
1269
1784
2291
2590
2766
3063
3506
3892
4113
4266
4424
4504
4396
4174
3963
3752
3464
3050
2563
2101
1709
1346
911
391
-64
-348
-546
-824
-1190
-1493
-1696
-1863
-2053
-2224
-2322
-2408
-2550
-2729
-2831
-2778
-2635
-2514
-2432
-2311
-2072
-1753
-1461
-1222
-991
-727
-496
-349
-240
-102
45
126
144
165
228
294
305
269
249
260
285
278
243
211
206
205
176
135
131
155
131
36
-61
-68
-24
-13
-52
-82
-50
4
54
88
137
215
284
326
360
425
519
600
649
692
749
799
825
803
735
650
570
485
311
-37
-531
-1043
-1483
-1909
-2374
-2788
-3005
-3074
-3184
-3356
-3364
-3063
-2641
-2331
-2120
-1813
-1359
-923
-579
-261
137
569
896
1104
1318
1684
2186
2632
2928
3163
3491
3884
4169
4304
4386
4486
4515
4360
4095
3848
3622
3302
2828
2299
1823
1413
979
500
54
-292
-557
-827
-1143
-1425
-1624
-1772
-1952
-2165
-2323
-2394
-2454
-2585
-2729
-2754
-2637
-2491
-2409
-2315
-2101
-1801
-1521
-1323
-1115
-847
-612
-496
-448
-365
-218
-94
-66
-83
-58
27
101
117
94
107
178
218
195
155
187
271
278
182
84
64
65
-6
-105
-133
-64
10
9
-13
22
114
185
188
183
231
296
322
300
321
419
512
548
552
595
689
780
824
838
879
955
989
912
767
644
509
160
-416
-983
-1397
-1797
-2384
-2956
-3209
-3225
-3329
-3561
-3580
-3214
-2754
-2460
-2226
-1818
-1295
-883
-582
-250
193
666
1024
1255
1468
1826
2350
2839
3163
3418
3776
4190
4452
4545
4628
4743
4731
4468
4079
3726
3399
2994
2472
1927
1426
994
585
141
-316
-703
-987
-1231
-1502
-1770
-1948
-2069
-2224
-2426
-2595
-2656
-2668
-2714
-2762
-2722
-2560
-2349
-2162
-1984
-1756
-1482
-1218
-1004
-819
-633
-461
-357
-327
-307
-225
-113
-81
-137
-147
-56
32
27
-8
48
140
158
143
184
268
297
214
89
0
-17
1
-12
-47
-50
13
90
108
123
196
283
294
231
207
259
317
300
251
281
392
511
577
608
659
747
853
949
1017
1059
1083
1076
1026
945
877
806
632
280
-245
-810
-1278
-1681
-2164
-2750
-3215
-3396
-3450
-3597
-3750
-3629
-3245
-2892
-2645
-2311
-1790
-1259
-884
-570
-204
256
736
1131
1410
1685
2146
2778
3335
3727
4100
4552
4934
5106
5170
5228
5192
4940
4496
3978
3467
2992
2529
1988
1363
799
361
-86
-651
-1180
-1495
-1695
-1936
-2190
-2318
-2367
-2499
-2718
-2902
-2956
-2900
-2819
-2789
-2773
-2635
-2326
-1984
-1730
-1460
-1052
-618
-339
-211
-79
86
162
106
11
-12
35
48
-58
-201
-218
-74
73
88
46
80
168
177
101
37
19
-29
-135
-214
-201
-151
-168
-251
-306
-281
-206
-146
-109
-48
26
72
88
108
156
229
275
281
299
392
524
589
598
664
839
1017
1112
1177
1264
1353
1403
1397
1308
1145
958
781
569
281
-99
-605
-1234
-1847
-2311
-2747
-3333
-3921
-4184
-4160
-4171
-4281
-4151
-3654
-3116
-2735
-2311
-1644
-916
-371
62
568
1166
1753
2260
2675
3053
3525
4114
4651
5014
5295
5607
5835
5834
5688
5557
5385
4945
4224
3472
2854
2233
1426
522
-265
-891
-1473
-2052
-2489
-2705
-2815
-2953
-3107
-3171
-3125
-3021
-2953
-2960
-2958
-2822
-2566
-2341
-2206
-2014
-1659
-1246
-891
-541
-94
362
643
731
757
797
776
623
361
82
-124
-223
-246
-255
-245
-175
-78
-50
-106
-147
-139
-183
-335
-470
-471
-425
-503
-675
-750
-646
-476
-354
-240
-56
151
250
249
270
366
451
430
349
307
331
362
365
361
398
501
653
818
943
1030
1113
1182
1213
1221
1244
1265
1241
1166
1064
938
781
606
362
-132
-1038
-2162
-3024
-3528
-4188
-5337
-6401
-6642
-6345
-6299
-6440
-5985
-4840
-3774
-3074
-2174
-771
595
1447
2017
2704
3548
4376
4998
5311
5474
5864
6550
7121
7343
7518
7856
8010
7698
7185
6772
6218
5150
3690
2260
1046
-118
-1397
-2719
-3871
-4635
-5037
-5300
-5505
-5477
-5117
-4681
-4409
-4130
-3623
-3007
-2636
-2526
-2329
-1881
-1341
-944
-607
-107
585
1292
1831
2255
2657
2958
2997
2709
2311
1957
1544
890
32
-690
-1090
-1321
-1577
-1847
-1950
-1871
-1764
-1721
-1708
-1595
-1413
-1315
-1342
-1341
-1121
-785
-534
-379
-133
251
567
722
806
951
1114
1199
1162
1020
880
798
730
538
298
182
141
22
-206
-275
-101
109
156
113
278
579
793
774
763
952
1114
1116
969
914
847
366
-852
-2815
-4515
-5283
-5822
-7308
-9416
-10127
-9234
-8443
-8502
-8040
-5910
-3602
-2263
-1075
995
3476
4972
5625
6203
7066
8164
8942
9171
8931
9007
9736
10301
10243
9941
10022
10034
9239
7915
6697
5650
4036
1576
-1115
-3229
-4598
-5931
-7600
-9103
-9614
-9149
-8608
-8268
-7613
-6252
-4715
-3713
-2989
-2017
-781
116
359
489
1024
1949
2608
2696
2745
3233
3987
4246
3867
3468
3288
2894
1841
559
-325
-915
-1708
-2813
-3655
-3854
-3668
-3601
-3752
-3715
-3241
-2569
-2172
-2026
-1695
-1077
-543
-418
-354
100
766
1109
1064
1170
1636
2059
2045
1697
1408
1261
1036
573
-50
-487
-666
-825
-1132
-1376
-1223
-937
-800
-826
-769
-435
-89
202
332
455
778
1152
1410
1432
1703
2046
1989
1649
1060
-208
-2899
-5645
-6775
-7264
-9213
-12322
-13183
-11511
-10151
-9994
-8991
-5655
-2353
-474
1292
4096
7129
8592
9115
9519
10120
11038
11646
11605
10862
10697
11488
12029
11666
10860
10582
10053
8443
6269
4266
2528
182
-2907
-6153
-8535
-9535
-10146
-11140
-12003
-11485
-9686
-7975
-6680
-5074
-2895
-998
95
971
2054
3122
3600
3369
2990
3121
3811
4136
3664
2967
2830
3038
2573
1454
385
-326
-1238
-2614
-3811
-4416
-4552
-4790
-5173
-5166
-4481
-3323
-2362
-1868
-1420
-559
455
890
893
1153
1638
1824
1547
1415
1752
2015
1771
1188
833
796
589
-76
-1031
-1695
-1911
-2169
-2655
-2997
-2753
-2197
-1846
-1599
-1066
-230
429
621
857
1401
1868
1933
1662
1692
1939
2197
2224
2022
2254
2564
2791
2272
688
-2018
-5936
-8757
-9860
-10870
-13979
-17472
-16965
-14007
-11829
-10976
-8254
-2945
1049
3326
5693
9603
12875
13431
12894
12531
13244
14074
13962
12846
11640
11825
12566
12486
11323
10172
9364
7498
4367
1218
-1098
-3299
-6411
-9986
-12842
-13634
-12760
-12003
-11760
-10841
-7915
-4457
-2112
-307
1870
4151
4954
4799
4889
5425
5741
4845
3474
2587
2797
3223
2542
1129
-48
-388
-910
-2259
-3692
-4501
-4887
-5736
-6554
-6402
-5322
-4255
-3799
-3303
-2188
-526
856
1412
1505
1821
2490
2716
2331
2063
2308
2417
1807
1106
992
1159
653
-602
-1677
-2204
-2478
-3011
-3794
-4205
-4029
-3473
-3072
-2646
-1622
-368
541
765
1070
2020
2883
2946
2527
2533
2917
3043
2527
1988
1952
2213
2141
1778
1712
1624
1508
180
-3309
-8362
-12606
-13831
-14135
-16437
-20380
-20588
-15997
-11653
-9170
-6278
-300
5457
8233
9939
12799
16501
17165
15415
13498
12943
14195
14592
13314
11437
11156
12102
11982
10273
8022
6418
4016
-148
-4470
-7163
-8637
-10544
-13052
-14880
-14355
-11441
-8188
-6080
-4506
-1734
2003
4372
5197
5898
7062
7352
5820
4513
4485
4839
4108
2234
733
330
629
-54
-2011
-3922
-4908
-5252
-6137
-7159
-7058
-5944
-5238
-5026
-3923
-1846
236
1135
1084
1312
2197
3053
2877
2191
1892
2173
2421
1910
1460
1614
1543
516
-997
-1781
-1942
-2666
-4113
-5303
-5453
-4918
-4381
-3907
-3248
-2079
-677
393
1204
2070
2936
3243
2911
2673
3006
3331
3033
2326
1994
2194
2255
1971
1487
1282
1160
786
233
-242
-1151
-4632
-10920
-16815
-18124
-16320
-17164
-21082
-21391
-15219
-8647
-5134
-1874
4239
10393
12544
12730
14265
17158
17724
15162
12043
10711
12313
13997
13225
11071
10211
10746
10165
7637
4391
1750
-1156
-5425
-9650
-11723
-11375
-10473
-10333
-10178
-8117
-3857
77
2252
3388
4618
5764
6033
5652
5050
4987
4823
3598
2187
2000
2972
2879
907
-1495
-2795
-3321
-4581
-6347
-7710
-8212
-7781
-6983
-5981
-4313
-1998
-169
532
1004
2089
3200
3210
2083
1192
1260
1657
1789
1685
1742
1951
1851
1122
226
-544
-1460
-3073
-4922
-5921
-5803
-5293
-5098
-4753
-3572
-1850
-451
410
1110
1789
2199
2297
2203
2421
2857
2899
2540
2310
2551
2907
2726
1987
1538
1384
646
-254
-838
-1153
-1488
-1843
-1965
-1876
-3062
-7479
-13750
-17232
-16070
-14432
-16377
-19011
-15461
-8149
-3372
-751
3564
9809
13015
12821
12518
14080
15835
14289
11048
8685
9075
11443
12037
10338
8573
8400
7867
5408
2125
-438
-2540
-5518
-8838
-10498
-9060
-6244
-4442
-3797
-2323
1344
4964
6272
5497
4658
4676
4122
2583
1219
1302
1992
1690
481
12
918
1069
-780
-3662
-5490
-5912
-6376
-7325
-7981
-7094
-5148
-3372
-1944
-265
1864
3145
2849
1997
1864
2205
1915
928
229
615
1540
1935
1706
1519
1320
430
-1279
-3035
-4004
-4554
-5279
-5907
-5586
-4065
-2427
-1323
-509
414
1478
1890
1577
1169
1074
1178
875
598
1021
2095
2900
2983
2952
3038
2880
2096
933
-18
-554
-1145
-1891
-2182
-1759
-1159
-868
-761
-238
215
-1612
-6421
-12856
-16872
-16422
-14771
-15592
-17269
-13311
-5469
-29
2576
5835
10943
12853
10897
9167
9915
11318
9755
7280
6431
8213
11390
12498
11211
9305
8212
6414
2791
-978
-3457
-4992
-6792
-8351
-7832
-4579
-554
1763
2137
2830
4866
6211
5359
3346
1933
1190
455
11
330
1234
2014
1822
430
-917
-1309
-2197
-4893
-7833
-8704
-7941
-6963
-5876
-4242
-2128
-305
1088
1990
2443
2706
2404
1381
362
497
1465
1921
1801
1857
2170
2151
1497
459
-741
-2144
-3519
-4690
-5269
-4871
-4023
-3386
-2833
-1744
-334
537
613
380
399
567
530
502
845
1363
1831
1930
1893
2039
2135
1929
1203
613
531
554
213
-338
-198
225
174
-191
-412
-226
-341
-728
-933
-959
-432
-363
-2109
-6245
-11732
-15066
-14639
-12647
-12744
-13725
-10646
-4627
-3
2150
4451
7885
9088
7628
6474
7726
9654
9297
7881
7513
9065
11313
11702
9894
7240
5169
3059
238
-2096
-3121
-3367
-3895
-4216
-3037
-331
2257
2977
2136
1600
2284
2845
2409
1798
1801
2160
2104
2008
2358
2692
1950
-285
-2610
-3942
-4663
-5675
-7069
-7797
-7301
-5748
-3926
-2489
-1241
-157
396
462
732
1391
1808
1782
1681
1952
2653
3222
3080
2243
1205
234
-729
-1677
-2470
-2945
-3185
-3387
-3301
-2686
-1954
-1719
-1871
-1853
-1500
-985
-545
-273
58
766
1598
2128
2358
2496
2370
1690
886
454
212
-208
-517
-285
282
770
989
1017
952
784
410
-179
-660
-854
-971
-1091
-980
-439
335
983
1236
798
-849
-4681
-10542
-15091
-15406
-13253
-12365
-12326
-9300
-3451
1362
3385
4521
6231
6690
5072
3556
4413
6844
8026
7805
8177
10156
12280
12141
9646
6311
3499
1116
-1331
-2869
-2825
-1918
-1351
-1029
167
2074
3278
2649
812
-412
-368
192
638
1326
2550
3628
3905
3509
2943
2163
467
-2282
-4790
-5736
-5558
-5542
-5732
-5155
-3851
-2709
-2072
-1671
-1431
-1439
-1463
-1276
-487
999
2383
2970
3092
3392
3437
2696
1493
246
-777
-1508
-1872
-1887
-1691
-1385
-1315
-1565
-1908
-2187
-2403
-2708
-2921
-2682
-1814
-602
421
1167
1817
2259
2212
1877
1566
1196
688
233
117
264
499
656
648
619
457
174
-14
-116
-484
-1113
-1127
-496
-213
-447
-418
-51
53
-1
1
-155
-295
-88
-25
-614
-2392
-6266
-10860
-12667
-10861
-9102
-9267
-8348
-4752
-908
859
1554
2811
3863
3653
2697
3112
5688
8150
8673
8267
8998
10357
10297
8601
6162
3850
2002
530
-440
-483
587
1341
702
36
609
1406
861
-579
-1500
-1456
-638
541
1562
2374
3073
3113
2103
845
234
-394
-1881
-3377
-3661
-2927
-2331
-2368
-2606
-2736
-2838
-3172
-3483
-3180
-2383
-1631
-1039
-110
1274
2455
2857
2446
1806
1319
799
131
-394
-498
-546
-793
-1024
-1027
-945
-1206
-1813
-2351
-2412
-2061
-1677
-1281
-755
-102
418
621
665
737
818
684
469
528
866
1141
1143
1030
907
765
473
-36
-490
-607
-461
-421
-459
-195
269
519
402
179
122
112
-122
-576
-752
-329
188
342
393
597
748
411
-1108
-4646
-9303
-12123
-11664
-9863
-8979
-8113
-5356
-1705
262
225
335
1351
1844
1463
1956
4549
7728
9550
9961
10208
10705
10284
8208
5291
3188
2274
1612
969
1039
2069
2854
2370
1041
-188
-1075
-2134
-3194
-3510
-2637
-1010
481
1627
2657
3579
3589
2257
514
-586
-978
-1245
-1311
-917
-344
-142
-686
-1671
-2631
-3334
-3946
-4404
-4110
-2987
-1572
-465
379
1142
1485
1191
466
-82
-329
-457
-475
-298
234
725
758
302
-224
-472
-769
-1129
-1345
-1236
-906
-664
-523
-533
-496
-488
-723
-898
-789
-434
-217
-28
384
746
873
669
432
270
114
92
129
226
305
523
845
895
753
532
333
145
39
-58
-428
-612
-373
-135
-204
-325
-319
-573
-779
-730
-744
-706
-734
-1991
-5349
-8594
-9180
-7986
-7303
-7318
-6136
-3536
-1063
-7
22
508
1441
1971
2254
3820
6545
8156
8013
7538
7987
8443
7738
6072
4461
3826
3575
3078
2559
2569
2504
1278
-376
-1341
-1616
-2105
-2820
-2881
-2001
-476
762
1303
1467
1553
1287
441
-15
311
547
193
26
626
1004
366
-1003
-2326
-3036
-3233
-3219
-3095
-2502
-1652
-1274
-1227
-925
-481
-625
-1206
-1361
-830
-15
486
554
592
914
1185
900
420
263
241
1
-200
-9
216
-12
-661
-1295
-1568
-1542
-1546
-1707
-1658
-1161
-601
-395
-342
-111
196
315
295
418
705
908
800
634
806
1183
1265
924
655
642
505
30
-407
-431
-397
-713
-1091
-1036
-755
-791
-1002
-952
-714
-664
-772
-639
-193
167
138
-146
-864
-2809
-5687
-7418
-6855
-5637
-5318
-4811
-2902
-842
-294
-723
-703
-102
334
797
2204
4607
6706
7371
7185
7284
7621
7141
5699
4328
3644
3381
3142
3031
3071
2828
1848
355
-797
-1253
-1549
-2058
-2261
-1657
-636
111
386
240
-144
-367
-183
55
103
310
733
866
529
298
208
-364
-1368
-1980
-1856
-1600
-1545
-1573
-1567
-1555
-1565
-1570
-1611
-1533
-1294
-995
-592
67
706
861
679
606
691
650
478
322
211
115
39
-94
-326
-600
-937
-1286
-1463
-1344
-1167
-1076
-997
-860
-727
-614
-409
-182
13
184
397
618
743
755
602
408
285
249
191
76
59
138
187
105
-23
-88
-121
-187
-327
-450
-473
-477
-603
-787
-833
-719
-641
-613
-509
-317
-460
-1643
-3796
-5667
-6012
-5337
-4977
-4846
-3760
-1877
-896
-1175
-1255
-396
409
613
1445
3538
5604
6218
5879
5878
6166
5891
4985
4275
4118
4043
3789
3626
3739
3671
2885
1584
423
-191
-523
-921
-1182
-915
-228
249
300
137
-184
-712
-1158
-1155
-917
-753
-522
-103
191
107
-139
-412
-859
-1412
-1692
-1542
-1286
-1152
-1023
-802
-668
-723
-771
-702
-653
-660
-523
-193
101
210
201
153
40
-139
-325
-448
-465
-409
-377
-403
-472
-577
-716
-817
-799
-701
-589
-434
-230
-69
-1
34
83
101
70
19
-34
-105
-204
-344
-544
-727
-797
-770
-718
-648
-484
-205
80
230
203
66
-100
-229
-263
-207
-113
-23
81
179
179
36
-152
-292
-417
-572
-653
-601
-566
-801
-1407
-2190
-2758
-2880
-2684
-2389
-1975
-1270
-450
12
-30
-157
29
359
537
775
1399
2140
2500
2611
2918
3302
3281
2866
2599
2655
2723
2639
2579
2684
2803
2730
2488
2245
2036
1760
1411
1172
1119
1076
924
749
579
314
-62
-466
-863
-1211
-1480
-1588
-1483
-1284
-1206
-1392
-1655
-1723
-1690
-1727
-1715
-1556
-1356
-1190
-999
-781
-686
-801
-914
-883
-836
-746
-620
-471
-324
-301
-294
-281
-276
-357
-505
-595
-518
-313
-117
22
181
354
433
360
270
275
268
236
163
111
7
-130
-274
-476
-588
-608
-679
-688
-587
-358
-209
-152
-66
1
38
60
11
-16
62
273
382
532
647
725
673
528
456
155
5
-151
134
-364
119
151
249
548
273
609
310
332
364
175
139
162
-157
-476
-754
-953
-1044
-1093
-1140
-1339
-1723
-1942
-1942
-1858
-1624
-1375
-1127
-994
-780
-443
-131
179
453
665
735
936
1118
1266
1412
1677
1956
2165
2364
2499
2542
2383
2184
1983
1802
1733
1568
1404
1275
1117
1092
1021
921
694
424
127
-98
-134
-178
-133
-86
-124
-223
-401
-637
-823
-1045
-1252
-1361
-1377
-1217
-1164
-1188
-1134
-981
-875
-851
-744
-593
-469
-316
-137
90
310
414
403
358
239
209
92
-21
-60
-140
-138
-201
-252
-272
-321
-450
-611
-734
-745
-729
-646
-576
-493
-433
-418
-394
-351
-316
-280
-319
-317
-296
-283
-190
-187
-184
-221
-222
-198
-195
-208
-167
-85
67
213
339
514
650
691
515
421
420
420
184
-187
-611
-939
-1016
-1012
-944
-1088
-1395
-1853
-2183
-2162
-1917
-1598
-1326
-1085
-909
-695
-387
-35
211
346
433
629
918
1233
1534
1860
2140
2267
2431
2606
2727
2716
2598
2561
2591
2558
2505
2336
2197
2074
1860
1683
1488
1261
960
658
473
417
343
255
37
-262
-510
-711
-916
-1141
-1337
-1525
-1770
-1947
-1917
-1845
-1775
-1688
-1565
-1433
-1232
-1006
-819
-680
-554
-433
-368
-241
-81
-27
5
54
94
106
123
132
67
-22
-91
-102
-106
-106
-191
-342
-443
-523
-562
-568
-504
-424
-415
-404
-391
-335
-278
-303
-333
-321
-264
-232
-211
-133
-41
-20
-49
-67
-17
32
10
4
45
158
249
286
328
334
297
217
161
217
275
289
273
289
324
294
167
-96
-441
-828
-1121
-1236
-1154
-1000
-935
-1011
-1207
-1391
-1434
-1317
-1127
-955
-828
-708
-567
-346
-60
259
496
617
695
818
1006
1202
1409
1642
1881
2082
2232
2348
2436
2448
2422
2398
2397
2383
2305
2174
1994
1790
1588
1390
1139
813
474
225
64
-70
-256
-503
-780
-1051
-1250
-1372
-1432
-1495
-1572
-1637
-1635
-1564
-1447
-1324
-1204
-1087
-967
-834
-689
-557
-466
-382
-287
-190
-135
-122
-126
-126
-131
-145
-137
-99
-65
-58
-71
-76
-83
-117
-168
-214
-254
-291
-310
-299
-270
-263
-294
-326
-349
-343
-310
-242
-156
-89
-72
-90
-109
-108
-107
-117
-122
-110
-82
-49
-2
45
84
109
142
197
255
269
226
167
145
174
192
167
114
88
92
104
115
95
-14
-276
-638
-961
-1117
-1093
-996
-928
-954
-1069
-1208
-1270
-1196
-1014
-804
-654
-561
-464
-309
-79
166
390
559
696
816
941
1114
1347
1626
1870
2043
2156
2236
2281
2265
2209
2156
2114
2059
1954
1825
1697
1573
1432
1260
1052
772
427
89
-144
-243
-281
-353
-496
-694
-870
-978
-1026
-1068
-1140
-1232
-1324
-1375
-1354
-1283
-1207
-1138
-1059
-959
-838
-715
-637
-619
-613
-577
-516
-443
-364
-270
-169
-62
34
89
90
43
-34
-103
-137
-122
-88
-62
-52
-45
-31
-24
-37
-81
-152
-228
-300
-350
-352
-296
-220
-169
-159
-167
-172
-166
-151
-133
-109
-96
-94
-85
-58
-16
-2
-20
-50
-44
1
73
150
215
247
247
238
243
245
245
231
214
208
230
267
279
214
37
-263
-615
-924
-1096
-1119
-1053
-990
-1012
-1126
-1254
-1277
-1160
-942
-700
-497
-339
-198
-28
178
394
570
681
757
844
991
1196
1422
1617
1760
1835
1855
1839
1829
1831
1849
1859
1859
1829
1771
1678
1558
1417
1252
1060
835
591
365
182
46
-59
-176
-327
-527
-747
-946
-1098
-1199
-1264
-1317
-1363
-1382
-1361
-1311
-1250
-1176
-1082
-973
-848
-723
-611
-524
-445
-367
-297
-229
-180
-156
-144
-114
-61
-1
48
74
66
37
10
-13
-31
-66
-113
-176
-223
-232
-208
-163
-131
-129
-157
-199
-239
-264
-284
-315
-351
-378
-383
-363
-337
-315
-307
-298
-277
-243
-197
-144
-81
-6
103
235
356
437
472
475
460
458
473
470
430
366
285
204
149
107
55
-14
-82
-139
-209
-310
-458
-650
-824
-916
-912
-846
-791
-799
-873
-950
-944
-832
-655
-457
-295
-185
-96
24
163
297
414
505
597
737
943
1186
1427
1644
1811
1925
2005
2054
2055
2010
1937
1843
1741
1654
1554
1422
1269
1096
886
651
402
148
-84
-253
-359
-429
-487
-568
-688
-819
-918
-991
-1042
-1070
-1095
-1127
-1125
-1070
-996
-921
-841
-793
-789
-774
-743
-719
-679
-614
-557
-503
-435
-374
-335
-294
-235
-175
-120
-74
-47
-37
-13
43
107
170
198
166
89
-6
-93
-160
-199
-217
-232
-252
-289
-340
-394
-433
-446
-427
-386
-337
-278
-210
-128
-28
69
147
187
200
208
235
281
335
392
420
417
388
345
285
213
148
95
52
27
11
-5
-16
-11
-1
7
15
18
16
7
-7
-57
-155
-302
-465
-598
-676
-690
-673
-661
-671
-697
-714
-687
-607
-484
-345
-206
-64
85
248
408
541
645
724
795
887
1011
1156
1310
1444
1543
1605
1638
1637
1606
1545
1461
1367
1259
1136
1003
852
677
489
316
187
104
54
7
-60
-160
-287
-404
-504
-592
-664
-739
-825
-902
-954
-976
-990
-995
-996
-999
-985
-938
-861
-772
-676
-598
-544
-493
-446
-399
-350
-295
-237
-187
-143
-100
-60
-26
3
21
25
13
-16
-57
-90
-110
-117
-115
-106
-109
-122
-143
-159
-161
-148
-123
-95
-74
-65
-59
-54
-52
-50
-48
-52
-61
-72
-84
-94
-97
-96
-85
-61
-17
39
101
159
200
215
218
212
210
220
234
244
237
220
188
150
104
59
11
-29
-55
-74
-96
-132
-196
-297
-414
-514
-588
-614
-599
-565
-531
-505
-482
-454
-398
-306
-187
-51
89
219
333
427
507
580
656
730
810
892
975
1061
1145
1228
1299
1357
1397
1410
1399
1368
1315
1240
1143
1018
871
712
559
425
319
226
138
28
-101
-243
-381
-494
-581
-645
-698
-745
-799
-854
-909
-959
-1001
-1029
-1035
-1009
-944
-849
-737
-626
-540
-487
-457
-452
-456
-442
-413
-367
-307
-240
-185
-151
-132
-127
-126
-123
-110
-96
-71
-54
-46
-46
-56
-70
-93
-121
-150
-173
-196
-211
-221
-224
-217
-202
-184
-161
-138
-117
-95
-62
-21
30
79
108
117
105
88
78
91
122
165
216
260
287
298
289
264
236
209
191
179
177
179
174
170
153
134
112
94
82
76
61
34
-17
-95
-195
-300
-398
-475
-521
-542
-534
-513
-494
-469
-438
-391
-325
-236
-127
-6
118
244
356
459
553
640
720
794
869
943
1019
1082
1131
1162
1173
1170
1143
1104
1050
983
908
827
746
666
586
508
428
349
262
172
81
-16
-112
-199
-280
-359
-433
-511
-593
-670
-736
-792
-827
-848
-848
-838
-826
-810
-794
-778
-765
-744
-715
-677
-629
-579
-526
-481
-442
-409
-381
-358
-332
-302
-276
-243
-208
-174
-147
-119
-99
-84
-75
-75
-75
-82
-85
-88
-84
-73
-69
-66
-66
-74
-85
-93
-98
-93
-75
-48
-9
30
65
92
115
126
138
152
165
178
193
207
224
240
246
246
237
222
213
211
214
224
234
230
216
197
170
140
112
87
61
41
21
-9
-45
-93
-147
-208
-256
-290
-307
-312
-307
-296
-280
-247
-190
-116
-29
67
149
219
281
339
399
465
530
592
648
706
769
837
911
974
1017
1031
1016
981
945
914
874
824
749
640
519
409
323
265
208
120
-3
-140
-258
-348
-399
-446
-518
-615
-725
-820
-889
-930
-959
-999
-1039
-1060
-1052
-1013
-949
-879
-820
-773
-728
-676
-615
-540
-468
-397
-334
-276
-225
-182
-138
-92
-49
-3
42
74
95
106
107
105
104
97
82
62
42
23
18
28
44
58
72
81
79
76
77
75
70
69
73
82
96
113
120
122
127
133
140
150
163
179
193
203
212
214
216
220
210
198
187
169
153
134
121
107
98
93
88
87
86
86
81
74
60
41
11
-24
-67
-118
-172
-232
-285
-338
-385
-416
-429
-428
-412
-383
-344
-297
-244
-178
-103
-29
48
126
203
279
356
433
516
594
666
732
786
832
865
885
888
874
844
804
753
700
643
581
520
454
388
323
258
196
126
53
-21
-99
-171
-247
-321
-385
-449
-506
-559
-602
-638
-666
-686
-698
-712
-720
-724
-721
-706
-686
-660
-628
-593
-555
-510
-461
-409
-351
-295
-241
-193
-147
-104
-68
-41
-22
-10
-11
-13
-15
-21
-25
-27
-32
-37
-41
-47
-57
-69
-78
-86
-93
-100
-101
-99
-98
-90
-76
-62
-44
-20
5
32
63
91
120
151
182
216
240
263
282
295
308
318
325
327
321
310
297
281
262
240
219
197
168
140
113
78
42
2
-41
-86
-130
-173
-210
-239
-258
-268
-271
-265
-253
-226
-192
-150
-104
-53
1
53
105
157
208
256
301
350
397
445
493
537
575
615
645
664
681
687
684
672
652
625
588
549
507
460
413
362
307
247
187
123
59
-13
-84
-153
-224
-294
-360
-424
-487
-542
-594
-636
-669
-695
-714
-723
-724
-717
-702
-680
-648
-614
-580
-543
-503
-466
-422
-383
-346
-310
-281
-251
-224
-201
-180
-165
-150
-137
-124
-117
-111
-105
-105
-102
-101
-99
-97
-91
-90
-84
-78
-69
-58
-45
-25
-12
10
29
52
73
95
113
130
145
156
170
179
189
196
206
213
221
232
246
257
269
286
295
306
313
321
328
331
331
330
322
310
295
272
250
224
192
159
120
80
42
5
-31
-63
-88
-110
-134
-148
-155
-159
-155
-144
-128
-111
-88
-60
-30
0
35
66
98
131
163
191
223
253
276
295
317
335
347
356
363
369
365
364
357
345
329
313
285
254
224
189
151
105
59
13
-39
-85
-135
-179
-229
-274
-314
-352
-385
-412
-439
-461
-473
-485
-493
-497
-494
-491
-488
-482
-472
-455
-437
-421
-403
-380
-357
-331
-307
-283
-252
-222
-195
-165
-134
-107
-81
-57
-40
-19
-2
9
19
25
29
31
32
25
19
13
4
0
1
-3
-3
2
7
14
26
38
53
77
88
110
129
147
162
177
192
205
218
225
234
241
242
242
239
234
227
216
204
192
184
169
157
148
132
121
104
89
80
64
53
41
31
15
5
-6
-19
-23
-33
-38
-36
-41
-41
-35
-33
-26
-14
-1
13
24
41
56
76
93
108
130
146
163
180
200
218
237
258
270
285
299
302
310
307
307
301
286
272
251
229
201
168
137
93
51
5
-42
-87
-135
-176
-225
-264
-305
-341
-368
-394
-413
-429
-443
-449
-449
-447
-438
-429
-413
-395
-376
-354
-333
-310
-291
-267
-249
-231
-212
-199
-184
-172
-156
-144
-130
-118
-109
-100
-89
-81
-72
-61
-54
-42
-29
-16
-6
7
18
28
37
45
51
58
67
72
82
88
88
91
89
89
87
84
88
89
94
101
113
119
124
133
135
146
154
164
170
179
188
195
201
206
209
207
202
193
186
175
166
155
142
129
115
98
79
61
42
22
3
-11
-25
-36
-45
-51
-54
-51
-49
-48
-43
-38
-29
-21
-7
7
28
44
61
79
97
113
133
151
165
181
194
207
219
230
237
242
244
245
241
233
225
218
201
185
166
144
118
89
61
22
-18
-56
-88
-130
-171
-210
-249
-290
-322
-349
-380
-400
-414
-427
-432
-434
-431
-426
-416
-396
-381
-361
-331
-307
-287
-255
-224
-206
-186
-158
-139
-131
-112
-94
-89
-84
-70
-63
-66
-59
-47
-49
-55
-41
-35
-40
-29
-14
-14
-16
1
18
21
33
59
70
75
95
114
116
129
156
165
169
189
202
201
205
222
223
216
227
230
216
209
213
202
190
187
176
156
147
138
118
100
93
78
62
55
44
24
12
11
-5
-15
-14
-16
-28
-28
-23
-26
-32
-25
-23
-28
-23
-18
-19
-19
-9
-5
-7
3
14
18
24
38
51
60
77
93
106
121
136
149
159
172
184
190
196
198
196
189
184
171
154
134
110
84
61
31
1
-28
-60
-84
-116
-146
-170
-191
-212
-226
-236
-250
-254
-255
-258
-259
-250
-245
-240
-230
-218
-211
-201
-189
-180
-178
-170
-159
-154
-151
-145
-139
-139
-135
-130
-127
-125
-117
-110
-106
-98
-89
-87
-76
-69
-59
-55
-49
-41
-33
-24
-20
-11
-7
-3
3
8
13
18
23
26
29
35
45
55
59
68
75
83
96
103
116
131
143
152
162
173
183
190
196
203
208
207
205
203
200
192
184
172
163
152
133
119
101
84
71
54
38
20
6
-6
-20
-25
-33
-41
-42
-42
-43
-41
-38
-31
-23
-15
-4
9
20
31
41
51
59
66
71
75
77
78
79
75
74
73
70
66
59
59
57
54
54
52
50
48
40
33
27
16
7
-5
-20
-34
-47
-61
-76
-91
-106
-118
-134
-149
-155
-164
-172
-180
-184
-182
-181
-179
-176
-169
-166
-154
-144
-134
-126
-119
-105
-96
-87
-78
-69
-66
-65
-63
-61
-62
-63
-64
-70
-73
-78
-81
-87
-92
-95
-98
-100
-103
-96
-93
-88
-84
-79
-70
-58
-46
-34
-21
-9
6
16
28
43
54
64
76
85
93
105
115
119
124
132
142
152
159
166
170
174
182
188
192
198
198
200
194
190
183
176
169
155
142
129
113
97
84
65
45
32
17
2
-10
-21
-31
-38
-43
-45
-47
-45
-41
-37
-28
-21
-13
-4
5
11
20
26
33
43
48
55
55
62
65
65
64
61
56
52
47
41
32
23
14
-1
-9
-21
-33
-47
-60
-74
-86
-95
-105
-119
-128
-137
-143
-146
-150
-151
-154
-156
-155
-153
-150
-142
-138
-131
-125
-121
-110
-98
-86
-75
-64
-54
-44
-34
-24
-14
-8
0
4
8
11
12
15
15
15
13
8
3
1
-6
-10
-16
-20
-25
-31
-33
-38
-40
-40
-42
-43
-41
-41
-41
-39
-33
-29
-23
-14
-6
3
11
20
29
41
50
60
70
79
87
93
97
103
109
113
114
119
121
120
119
119
120
116
113
111
108
104
99
93
89
85
82
75
68
61
57
53
47
42
37
30
25
16
10
3
-2
-10
-19
-23
-27
-28
-33
-36
-38
-39
-39
-37
-37
-38
-32
-27
-23
-17
-10
-8
-5
1
4
10
11
10
13
14
12
11
8
3
-3
-10
-21
-24
-30
-41
-51
-62
-73
-82
-89
-95
-103
-109
-115
-118
-121
-127
-126
-124
-122
-114
-107
-102
-93
-81
-72
-59
-50
-42
-31
-24
-13
-7
1
9
17
21
27
30
29
31
29
27
28
26
22
19
11
8
1
-4
-11
-14
-20
-26
-32
-34
-39
-41
-41
-45
-41
-42
-38
-36
-31
-26
-19
-12
-6
1
9
15
22
29
38
48
53
62
68
77
83
85
91
93
102
104
103
102
105
108
105
104
97
89
83
78
72
64
57
51
44
38
33
23
19
10
6
8
6
1
0
0
-3
-6
-3
-1
-3
-4
-4
-2
-4
-2
-3
-4
-6
-7
-8
-10
-13
-17
-19
-20
-22
-24
-28
-30
-33
-39
-40
-39
-43
-45
-49
-51
-51
-55
-58
-60
-62
-64
-66
-69
-71
-70
-70
-65
-67
-62
-61
-57
-51
-49
-44
-38
-32
-28
-24
-18
-12
-5
-2
4
14
17
18
23
25
29
34
30
34
31
27
27
25
28
24
23
20
19
17
11
9
6
6
5
5
2
1
-3
0
-1
-1
-1
-2
-1
2
2
5
4
7
12
13
17
19
18
17
20
23
24
26
32
36
36
40
42
44
49
51
54
56
59
60
61
63
60
62
61
58
50
49
45
41
34
29
24
19
13
5
0
-6
-13
-21
-27
-30
-33
-41
-43
-43
-49
-50
-53
-53
-53
-51
-48
-48
-47
-43
-41
-34
-26
-27
-26
-21
-19
-19
-16
-15
-15
-18
-16
-11
-14
-13
-16
-20
-19
-21
-22
-27
-29
-31
-35
-37
-36
-38
-38
-33
-35
-32
-32
-32
-30
-30
-25
-19
-14
-10
-9
-8
-7
0
3
6
11
11
14
15
18
22
22
23
25
22
24
23
20
19
19
19
18
17
16
16
17
16
13
13
14
16
13
14
11
9
12
5
8
6
7
4
4
5
1
2
-1
3
1
4
4
3
4
6
5
8
13
18
20
21
25
27
27
27
29
29
30
29
27
27
27
24
23
21
19
17
12
6
4
3
0
-2
-3
-4
-6
-9
-14
-15
-18
-19
-16
-19
-18
-16
-16
-13
-14
-14
-11
-13
-13
-10
-12
-9
-7
-9
-7
-8
-8
-8
-7
-8
-10
-11
-13
-15
-15
-16
-19
-18
-19
-19
-19
-20
-20
-20
-20
-20
-19
-19
-19
-19
-14
-13
-13
-13
-12
-10
-14
-8
-6
-8
-5
-3
-4
-1
-1
2
1
3
6
8
7
9
10
11
14
13
16
17
20
21
20
20
21
20
24
21
18
20
20
21
22
23
21
17
17
17
16
16
18
14
15
11
9
10
8
12
11
11
12
11
12
13
11
7
7
10
14
12
10
10
9
7
7
9
7
6
6
4
3
0
0
1
-1
-2
-5
-8
-9
-7
-12
-13
-11
-12
-14
-16
-17
-17
-18
-18
-13
-15
-14
-16
-12
-11
-15
-13
-13
-13
-11
-12
-13
-11
-10
-11
-13
-11
-9
-12
-11
-10
-13
-10
-7
-9
-6
-4
-3
-1
-2
-1
-3
-1
2
2
1
0
3
2
5
3
4
6
3
9
8
5
9
7
7
11
10
9
8
8
7
7
6
6
5
6
8
3
5
4
1
2
2
-2
-2
-3
-1
1
-1
-3
-1
-2
-1
0
0
-1
-2
-1
1
0
1
-1
1
2
0
1
2
1
2
4
6
6
6
9
8
7
6
5
6
8
6
7
6
4
6
6
7
8
4
4
3
1
3
1
1
1
1
2
2
1
0
-1
-2
-2
-1
0
1
0
-2
-4
-4
-4
-5
-3
-4
-6
-6
-7
-8
-10
-7
-7
-6
-5
-6
-6
-6
-6
-6
-6
-6
-4
-6
-7
-3
-4
-7
-6
-6
-5
-3
-3
-3
-4
-3
0
-1
-1
-1
0
1
0
-2
-1
-1
-1
2
2
3
6
4
5
5
6
4
6
7
4
4
7
7
5
5
3
7
6
6
6
4
3
3
4
3
6
6
5
3
3
-1
0
0
-3
0
-2
2
0
-2
0
0
0
-1
-1
-2
-1
-3
-2
-1
0
-3
-3
-2
-1
3
2
4
2
2
4
2
-1
-1
-3
0
0
0
2
3
1
0
0
3
0
-1
3
0
1
-2
-2
-3
-2
0
-3
-1
-3
-2
-4
-5
-2
-1
-3
-5
-5
-5
-5
-4
-4
-5
-4
-3
-2
-2
0
0
3
2
0
-2
-1
-2
-3
-2
0
0
3
5
0
2
-1
0
2
1
1
1
2
1
4
1
2
1
1
0
0
0
0
0
2
4
6
3
3
2
1
1
2
0
0
-1
-1
0
1
1
1
1
1
1
2
4
3
3
0
1
0
1
2
-1
-2
-2
-2
-2
-4
-4
-3
-2
0
-1
4
0
2
1
-1
-1
-2
-1
0
0
1
1
-1
1
2
3
0
-1
1
-1
-2
-3
0
2
2
3
2
1
3
-1
1
-2
0
-1
0
-2
-2
-3
-4
-3
-5
-2
-4
0
0
3
0
-2
-1
-2
-2
-1
0
-1
1
0
0
1
0
0
1
-2
-3
-2
-2
-3
-1
-2
0
0
3
2
2
0
2
3
2
1
3
2
0
1
0
4
1
2
1
2
3
1
-1
1
0
2
1
-1
-2
0
4
-1
-3
-1
3
3
0
0
-1
-2
-4
-2
-1
-1
1
-3
-1
-1
1
1
1
-1
1
2
-2
-2
0
0
-1
1
1
1
2
1
0
3
1
-2
0
0
0
1
4
2
-1
2
2
-2
0
1
2
-1
-2
1
1
3
3
4
4
3
3
2
3
0
0
3
1
1
-2
-4
-2
-1
2
-1
-1
1
-2
0
-2
-5
-1
-6
0
0
1
0
-2
-2
-1
-1
-1
1
-1
-1
-2
3
0
-1
0
-1
-1
0
-1
-2
1
0
-2
-4
-3
-1
-3
1
2
1
0
0
-2
-3
-3
-1
0
-1
-1
-3
-2
-5
-2
-2
-2
-1
-1
-2
2
1
2
4
3
5
4
2
2
2
4
3
2
4
3
3
2
3
2
4
5
4
2
3
-1
0
-3
-3
-1
0
3
1
3
2
1
0
0
1
1
2
1
0
0
1
0
0
-2
0
-1
-1
-1
1
-3
0
2
2
1
-1
1
0
-2
-1
1
1
2
-2
1
-1
1
2
-2
-2
-4
0
-1
-2
-1
-3
-2
-4
-4
0
0
0
-1
-3
0
0
-1
-1
0
-1
0
0
-2
-1
-4
-4
-2
0
-2
0
0
2
3
2
2
0
3
2
1
3
0
-3
-2
-2
0
-2
-3
-2
-3
-1
0
-1
-1
-2
-1
0
2
2
1
-2
0
-1
2
-1
-2
2
-1
0
2
2
5
5
5
1
2
5
3
3
2
0
1
2
2
1
0
0
0
2
4
3
3
-1
1
-1
-2
0
-1
0
0
0
0
0
-3
-2
0
-1
1
0
0
0
-1
0
-3
0
1
2
1
0
0
0
-1
-1
0
-2
-2
-2
-1
1
-1
-1
2
1
2
3
3
3
2
0
1
0
-1
0
1
-1
-1
-2
-3
-3
-1
-2
-5
-1
-4
-3
0
3
2
2
1
-3
0
-1
-1
0
1
-1
-1
1
3
2
1
0
1
0
2
0
1
-1
-2
0
0
0
2
0
-2
0
-1
0
-2
-3
-1
-2
-3
-2
-1
-3
-1
-1
-2
0
0
-2
-3
-2
-1
-1
-3
-2
-1
-3
1
1
3
1
0
1
-4
0
-1
2
1
0
0
1
1
0
4
4
3
4
2
3
4
3
2
3
3
3
1
3
0
0
1
2
2
2
3
2
-1
-1
1
-2
-1
3
3
3
0
-1
1
2
3
2
-1
-3
-2
0
-1
-1
-1
1
2
0
0
-1
-2
0
0
0
2
2
0
1
-2
-3
-1
-5
-5
-5
-4
-1
-1
1
-3
-6
-4
-4
-1
0
-1
1
0
-2
-3
-2
-2
0
-1
-1
0
2
1
-2
-1
1
0
-1
-1
0
1
1
-3
-3
-1
-4
1
2
-2
-2
-4
-1
0
-2
0
-1
-2
-1
3
4
3
3
1
2
3
4
3
4
5
1
0
0
-1
0
3
1
1
-1
1
2
1
3
0
3
3
4
3
1
1
-1
2
3
2
0
1
-2
1
-2
-2
1
0
0
-2
-1
0
0
2
-2
0
-3
1
0
-1
-1
-1
0
-2
1
0
1
-2
1
1
-1
-1
-2
-1
0
-2
-4
0
-2
-2
-2
-3
-2
-3
-1
-4
-2
-1
0
0
1
0
0
0
-2
0
-1
-2
-4
-4
-2
-2
0
-1
1
0
-1
0
-1
-1
-1
0
2
3
1
0
0
3
4
0
1
0
-1
1
1
3
2
0
2
0
1
3
3
1
2
2
2
3
0
1
2
0
0
3
2
1
1
-1
-1
1
2
-1
-1
1
1
-1
0
0
-2
2
2
3
1
1
2
0
-2
-3
-1
-1
0
0
-2
-4
-3
-3
-3
-4
-4
-3
-5
-3
-3
-2
1
1
0
0
-1
-1
1
2
-1
-2
-4
0
-2
-3
-3
-2
-2
-2
-2
-1
-1
-2
1
0
0
0
1
-2
0
-2
-1
0
1
3
1
5
3
3
2
3
3
3
4
1
5
1
5
2
0
0
-1
-3
-3
-1
1
2
0
1
-3
1
1
0
-3
2
1
0
1
0
2
-1
2
0
1
1
1
-2
0
0
1
0
0
-2
-2
1
0
0
1
2
2
0
2
1
-2
1
0
3
1
1
2
-1
0
-1
1
0
1
0
-1
-1
-1
0
-3
-1
0
-1
-4
-3
-2
-2
-4
-2
-1
-1
1
0
-1
-3
-4
-3
1
-3
-1
2
0
-1
-1
0
-3
1
0
0
3
4
3
2
2
0
3
2
1
2
3
0
-4
-2
-3
0
0
-1
0
-2
1
1
1
0
3
0
4
3
0
1
4
2
0
-1
-3
-4
-2
-1
1
0
1
1
1
1
-1
0
-1
-4
-2
-2
-2
-2
-2
0
0
-1
-2
-2
0
-1
0
-1
0
-4
-2
0
1
0
3
5
2
4
3
3
1
0
0
1
0
1
0
-1
1
1
1
2
-1
0
-1
0
1
0
2
3
0
0
1
0
-3
-1
1
1
0
-1
-1
-1
-1
0
0
-3
-1
0
-1
0
2
-2
-1
2
2
1
1
-2
-3
-2
0
4
0
0
1
2
0
2
1
-1
-2
-1
-2
-5
-4
-1
1
0
-2
-1
-3
0
2
1
1
0
-1
-1
-1
-3
-1
0
-1
-1
0
1
1
0
0
-1
-2
1
-1
0
-4
0
2
-2
-1
-2
0
-1
-2
-1
-1
1
3
2
4
5
6
5
2
3
3
4
1
2
1
2
2
0
3
0
-1
1
-1
-1
-3
-2
0
0
-1
-1
0
-1
0
-1
0
1
-5
-2
-2
1
3
-1
-1
-3
-3
-2
-2
1
-2
-5
-2
-4
-2
1
0
-2
-2
0
-2
0
0
2
2
0
-1
-1
0
0
-1
0
-1
-2
-1
1
2
-1
2
2
0
-2
-1
2
-1
0
3
2
2
1
3
1
2
2
2
0
1
-1
-2
1
-3
3
2
0
-1
-1
-1
-1
0
0
0
0
1
1
1
1
3
2
-1
0
0
-1
0
-2
-1
-1
-2
1
0
-1
0
-2
0
0
0
-2
-4
-1
0
-2
0
0
-1
-4
-4
-2
-1
-2
-3
-4
-1
0
-1
4
1
1
3
5
0
0
0
-2
-2
-4
-1
-1
0
1
0
-1
0
-1
0
1
-2
1
2
1
1
2
3
3
2
-1
-1
1
2
0
3
0
2
3
1
2
1
1
2
2
1
1
3
1
-1
1
2
1
-1
0
-2
1
0
1
2
0
-1
-3
-2
-3
-2
1
-1
0
-1
-2
0
-3
-5
-2
-3
-2
0
-2
0
1
1
1
-2
0
0
-3
-1
-2
1
1
2
4
1
1
0
-1
1
0
2
-1
0
-2
1
2
2
5
3
3
1
1
1
2
-1
1
1
-2
-2
-1
1
1
2
-1
1
2
-1
0
-1
1
0
0
1
0
0
-1
0
0
-1
0
3
0
1
1
1
0
0
0
-1
-2
-1
2
1
-3
-2
0
1
-1
-3
-3
-3
0
0
-1
-2
-1
-2
-3
-2
-2
-3
-1
-1
-1
-1
0
1
2
2
1
2
2
4
3
2
2
0
1
0
1
0
2
1
-1
-2
-2
0
-1
-1
0
-2
-3
0
2
-1
-2
-1
0
1
4
1
-2
1
0
4
1
2
1
-2
2
-1
0
0
2
-1
0
1
1
0
0
-1
-2
1
0
-1
0
4
2
-2
-1
1
-1
0
0
0
-1
1
-1
0
-1
-1
0
1
0
2
-2
-2
1
-1
2
-3
-3
-1
1
2
1
-1
1
1
-1
-3
-4
-4
-2
-1
0
-2
0
0
0
1
2
1
-1
-1
-1
-2
-1
-1
0
2
-1
0
2
0
-1
1
1
2
1
3
1
0
0
3
0
0
2
-1
2
1
-1
1
1
-2
1
1
1
0
-1
0
0
2
1
0
0
2
2
-1
-2
0
2
3
1
1
-1
-1
0
-2
1
1
-1
-3
-1
-2
-1
-2
-4
-3
0
-1
-1
-4
-3
-1
-2
-1
-2
-1
0
3
-1
0
-1
-2
0
-1
3
0
0
-1
0
0
0
2
1
1
3
0
2
1
1
3
0
1
-1
1
0
0
3
0
-2
-3
0
-2
-2
-4
-2
0
-3
0
0
2
2
2
3
0
1
3
2
0
1
0
-1
0
2
2
0
-1
1
3
1
4
3
2
2
0
0
-2
0
-1
1
0
1
0
-1
0
0
0
1
2
1
0
0
0
-1
0
-2
-2
-4
0
-1
-3
-2
-3
-2
-4
-3
-5
-3
-2
0
0
1
0
-1
2
1
1
0
1
2
1
2
0
0
1
2
1
0
1
-1
0
-2
0
-1
1
1
1
-1
-2
-2
-1
-1
-1
0
0
-1
0
0
-1
2
0
0
2
0
0
2
2
0
-2
0
1
-2
-2
-1
1
3
1
4
3
3
0
1
3
6
4
1
4
2
6
3
5
0
0
1
0
0
-3
1
0
2
0
-2
-2
-2
-1
0
-2
-2
-2
-3
-2
-5
-5
-5
-1
0
0
0
0
-2
1
0
-1
2
1
0
1
2
1
1
-2
-5
-1
0
-1
0
1
3
3
1
-2
0
-1
-1
1
4
3
1
-2
-2
-2
2
3
-2
0
0
0
0
-1
-1
-1
-1
0
1
-3
-1
-1
-3
-2
0
2
-1
0
-2
-2
-1
-2
-1
0
1
1
1
1
-1
2
1
0
4
2
3
0
1
3
-1
0
-1
-2
0
0
2
2
3
1
-2
-2
-2
-3
0
1
-1
-1
0
0
-1
1
2
2
1
1
0
0
-1
1
1
3
4
-2
-1
-2
1
0
0
0
-1
-3
-1
2
1
3
1
2
1
3
0
1
0
-2
-1
-1
-3
-1
-2
0
-1
-1
0
-2
0
0
0
0
0
0
-1
0
1
0
-1
1
0
-1
1
3
0
0
0
0
1
4
1
-1
1
2
0
1
1
-1
1
-1
-1
0
0
-2
0
1
0
3
0
0
0
2
1
-1
0
2
1
-1
0
-3
-1
-2
-5
-3
0
-2
-2
-2
-3
0
-2
-2
-2
-1
1
-1
0
1
1
-1
-2
-1
0
0
2
3
1
4
3
0
3
-1
0
2
0
1
3
4
3
4
1
-1
-2
-1
-1
-1
-1
0
1
1
0
0
1
-1
-2
0
-1
-3
-1
1
1
-1
1
-1
0
-2
0
-1
-1
1
1
0
-1
0
-2
0
1
-2
-2
-1
-1
1
1
3
3
2
2
2
2
2
3
3
2
-1
0
0
-2
-3
-1
-1
-1
-2
-2
-3
-4
-4
-1
-4
-3
-3
-2
-1
1
2
-3
-1
-2
-1
4
3
0
3
0
3
-1
-1
1
2
1
0
-2
0
4
3
1
-2
0
0
0
-2
-1
-3
0
-1
-1
2
3
2
-1
-2
-2
-3
0
3
1
1
0
1
-1
-4
0
-1
-1
1
2
0
-2
0
1
2
1
1
3
1
3
3
4
4
7
5
3
1
1
3
1
0
2
1
0
-2
0
-1
-3
-2
-2
-3
-1
0
1
0
0
0
-1
-2
-3
0
-3
-3
-1
-3
-1
-1
1
0
2
-2
-1
-2
-2
-4
-4
-1
0
0
1
1
1
-2
-3
0
-3
-3
-1
3
1
0
1
-3
-2
-3
-2
0
0
1
2
1
1
-2
1
0
0
-1
3
3
1
1
0
2
3
5
-1
0
0
3
2
-1
-2
-2
-1
0
1
0
-1
-3
0
1
2
2
0
2
4
2
-1
1
2
2
2
0
0
0
1
-1
-2
-1
-2
0
1
0
-3
-3
-3
-5
-3
-1
-2
0
0
2
5
2
4
5
2
0
0
1
-1
0
1
0
-1
0
4
2
-2
0
0
-2
1
0
-2
-1
0
-2
-1
-3
-2
0
-1
-1
-2
-2
-4
3
0
-2
-1
-2
-1
-1
-2
-1
1
1
3
2
1
0
0
1
1
2
3
1
1
-2
-1
1
0
2
3
2
4
2
-3
-2
0
1
-1
-2
0
0
0
-2
-3
-3
-2
-5
-2
-1
-1
1
0
0
-2
-3
-2
0
3
0
0
1
0
-2
-2
1
0
2
-3
-3
0
1
2
1
2
1
2
6
4
2
1
0
1
0
1
1
-1
0
1
0
-1
-4
1
0
-1
0
-2
-3
-2
-1
0
1
-3
-2
1
0
1
3
4
2
1
3
1
4
4
1
0
1
1
4
3
1
0
-1
2
3
2
0
-3
-1
1
2
0
1
-1
-4
-1
1
2
0
-1
0
1
-1
2
2
2
-3
-1
5
0
2
1
-4
-5
-4
-4
-3
-5
-3
-2
-3
-6
-1
3
6
-3
0
2
-1
2
-1
-2
-3
-1
-1
-2
0
-2
-2
-2
-3
-1
-3
-3
0
-1
-2
1
2
0
-3
-3
0
5
1
2
2
1
1
5
3
1
5
0
1
4
2
3
6
3
3
3
5
2
1
3
3
-1
0
4
1
1
0
1
1
-2
-3
0
-1
0
-1
-1
1
2
-2
-1
-1
3
0
-3
1
2
-1
-2
-3
-1
-3
-6
-2
-1
-3
-3
-5
-4
-1
-3
0
-1
0
-2
0
-1
0
1
1
1
0
0
1
3
-3
-2
-1
-1
1
3
-3
-2
3
2
2
3
2
2
-1
-1
-1
1
0
-1
-2
1
1
-2
0
-1
0
2
-1
-3
0
1
-2
-2
-1
-5
0
2
0
4
0
-2
-2
-1
1
-3
-4
1
0
-1
1
1
1
0
2
2
2
6
6
1
1
0
1
2
6
3
1
-2
0
3
3
3
-2
3
0
2
2
0
-1
3
3
0
0
1
-1
-5
-1
2
-1
-2
-1
-2
-3
-1
0
-2
3
2
0
1
-1
-4
-2
0
-3
-2
-3
-1
-3
-3
-1
-2
0
-3
0
0
1
0
-3
0
0
1
-2
-1
-2
-2
-1
0
1
3
2
2
0
-1
1
-3
-4
-4
-4
0
7
10
16
16
5
-1
2
1
1
6
4
2
2
1
3
0
3
4
-5
-3
-4
-7
-6
-3
-4
-8
-6
-5
-5
-2
-2
3
1
2
-2
-1
-1
-2
-3
-4
-4
-3
1
-1
0
3
2
3
2
1
2
5
2
2
4
3
-1
-2
0
-2
-3
0
-2
-1
-1
-2
-3
-3
0
0
0
0
2
-1
-1
-1
-1
-3
1
2
2
1
2
4
3
6
7
6
4
2
2
1
-1
2
1
-1
1
1
2
1
1
4
2
-2
1
2
-2
-3
-4
-4
-4
-5
-3
-2
-2
-1
-1
-2
-2
-2
0
-1
0
-1
4
4
0
3
1
0
2
1
-1
-1
-1
1
1
-2
0
0
-1
0
1
-1
1
0
-1
-3
-2
-1
0
0
-2
-4
-2
-1
-3
-1
-1
0
-2
-4
-2
1
5
3
1
-1
-1
-2
-1
-2
0
1
1
-1
0
3
1
-1
0
1
-1
-1
2
2
2
2
1
4
7
5
4
0
2
0
-1
0
0
1
0
-3
-4
-2
2
2
2
2
3
2
0
0
-1
-5
-2
2
-3
-4
1
4
-4
-9
-3
4
0
-2
-1
1
3
2
0
-3
-3
3
4
-3
-4
0
-1
-5
3
5
0
-4
4
8
-4
-7
1
7
4
3
-4
-4
7
12
-4
-8
3
7
1
-1
2
5
3
2
0
-6
-6
-3
-1
-2
-5
-8
-2
0
-4
-15
-10
4
3
-3
-6
2
4
-6
-9
-5
6
9
4
-7
-1
4
0
0
9
20
15
-1
-4
1
4
10
9
7
8
3
-4
-18
-23
-16
-12
-12
-12
-5
-7
-13
-5
3
-4
-7
0
3
-8
-14
-21
-27
-20
5
29
37
44
39
33
37
47
39
21
-4
-28
-38
-19
1
-4
6
18
10
13
19
6
-13
-22
-21
-29
-22
-13
-28
-44
-19
14
19
13
11
10
3
-7
-7
9
18
2
-10
11
28
5
-17
-4
20
16
-9
-16
-3
2
-15
-21
-10
12
11
-10
-9
5
8
-5
-16
-4
11
5
-2
3
6
3
-1
3
7
-7
-18
-10
-5
-8
-11
-17
-8
-3
-1
1
-3
0
11
12
6
11
12
15
16
13
11
4
-4
1
-4
-14
-7
-1
0
0
1
6
8
5
8
3
-1
-2
-4
1
2
-5
-11
-4
4
-4
-8
-4
3
5
1
2
-1
-3
-3
-4
-10
-6
5
3
-3
-4
2
7
3
2
4
-2
-4
-1
0
-3
-3
1
-2
-6
-3
-1
-8
-8
0
2
-2
-2
1
6
8
4
1
5
7
1
1
5
4
5
3
0
4
-1
-4
-2
0
-1
-4
0
4
0
-2
0
-3
-2
-1
-1
-1
-3
2
-1
-1
3
-2
-6
-1
4
-3
-9
-2
3
-2
7
6
2
6
9
9
4
-1
-4
-3
-1
-4
-6
-1
-4
-2
2
0
2
1
-3
-1
-1
4
5
2
11
12
7
5
4
2
-4
-8
-7
-2
-8
-15
-10
-3
-8
-12
-9
-8
-8
-14
-14
-14
-28
-25
1
12
-2
-4
24
47
32
15
28
24
10
6
-10
-19
2
-8
-31
13
29
-16
-3
43
23
1
16
8
-2
10
-4
-27
-13
1
-19
-25
-4
-3
-18
-9
-2
-13
-4
6
-2
9
16
3
3
6
-3
-6
4
1
-9
0
8
10
-2
-11
13
30
6
-7
-2
6
7
-16
-21
16
15
-24
-13
35
24
-23
-22
-6
-15
-17
-17
-34
-36
4
34
7
-2
9
-9
19
59
24
-10
-1
12
3
-15
-24
-16
12
17
-2
9
14
-9
-7
8
-5
-9
25
35
-8
-44
-36
0
19
5
-19
-19
-2
14
17
-13
-21
12
37
23
7
0
-3
-4
-4
-18
-18
16
16
-20
-25
-8
-3
13
26
7
-5
11
17
8
-12
-30
-2
30
-3
-30
-13
0
5
-7
-12
12
17
5
2
-8
-24
2
11
-27
-20
9
-5
-20
2
15
3
5
19
22
1
-3
25
23
11
-4
-18
-6
6
-16
-28
-15
-5
-5
3
3
-2
9
6
0
20
19
1
2
1
-1
1
2
-1
-12
-4
3
-5
-3
-1
-8
2
9
-6
-1
14
5
-6
8
7
-11
0
14
1
-13
-10
-2
-10
-14
-6
-5
-9
-3
-2
0
0
1
5
5
4
6
1
-1
-3
-3
0
1
-7
-1
10
9
-1
-7
0
9
17
0
-15
-2
12
14
9
-9
-8
7
15
8
-10
-5
4
-1
1
2
-4
-1
7
-5
-3
1
-9
-8
6
0
-20
-10
6
2
-11
-6
3
5
-2
7
5
-14
-10
9
13
-10
-25
-14
6
16
2
-12
-9
7
15
8
-1
-4
5
20
8
-13
-9
16
6
-15
-8
1
5
6
4
-5
-11
4
21
8
-16
-11
17
13
-6
-4
5
-2
-5
6
-1
-9
6
9
-10
-12
3
5
-2
3
9
-3
-2
11
9
1
2
4
-8
-7
12
4
-16
-9
12
3
-15
-4
6
-2
-5
1
3
3
0
-4
1
10
-5
-10
4
2
-6
-2
0
-5
-2
0
2
0
1
-3
-2
6
2
-7
-6
-1
2
-5
-7
-1
0
1
-1
-5
-5
4
-1
-6
-5
-1
4
4
-3
-6
2
2
-1
1
-2
-4
-2
-4
-2
5
5
5
5
4
-1
-2
4
5
5
8
8
6
1
4
5
-1
-1
4
7
5
0
2
6
4
-1
2
9
8
2
-1
3
2
5
7
1
-1
2
3
-1
-7
0
0
-3
-3
-2
-4
-5
-3
-1
-1
-2
-1
0
0
-1
-7
-5
1
-4
-6
-6
-4
-7
-5
-7
-7
-8
-9
-5
-8
-9
-9
-6
-5
-8
-6
-2
0
0
-2
-3
-2
2
1
2
8
3
-3
-1
5
4
5
8
4
3
5
2
-3
1
11
7
-1
7
10
-2
1
8
5
2
1
5
4
3
4
3
4
8
4
-5
-2
3
0
-3
2
3
-1
-3
-3
-1
-5
-3
5
0
-5
-3
-4
-1
-2
-9
-6
1
0
-2
1
5
0
-3
1
4
-4
-2
4
-1
-4
2
-3
-4
4
2
0
0
-2
2
3
4
0
-1
3
2
-3
-4
2
-7
-2
-1
-5
-5
2
0
-7
0
3
-2
-5
3
5
-6
-3
7
4
-2
-2
0
3
1
0
2
5
5
-3
0
4
3
4
3
0
-1
3
1
1
-3
-1
0
-2
-1
2
0
0
2
0
2
1
-2
-1
3
1
0
-2
-2
3
0
-3
-1
1
3
-2
-2
-2
2
3
1
3
0
2
-1
-3
-3
-2
-4
-4
-3
-4
-2
-3
-4
-2
-2
-1
-3
-1
1
0
0
-1
1
-1
0
0
0
-1
-1
0
5
3
5
4
3
2
4
5
3
1
0
-1
-1
-1
-2
0
1
-2
-3
-2
2
2
1
3
-1
-2
1
3
0
-1
-1
0
0
1
-3
-1
5
3
-4
-2
-2
2
3
3
1
-3
4
3
-1
-5
-4
-1
1
-1
-1
-4
0
3
1
0
2
4
5
1
-1
-4
1
1
-3
-4
-3
-4
-1
1
-3
0
4
1
0
-1
-1
-2
-2
-2
-4
-5
-4
-2
-2
-3
-3
-2
2
5
3
2
3
1
1
2
-1
2
-1
-1
-4
0
4
0
-1
-1
1
2
5
3
2
1
1
3
2
2
5
4
2
0
0
0
-1
-3
-1
-2
-1
1
-2
-3
-2
-2
-4
2
4
2
3
4
3
2
2
1
0
0
1
-4
-4
-1
-1
-2
-2
-2
2
0
0
-4
-2
1
-3
0
1
-3
-3
-3
-3
-2
-1
-2
-4
-1
-3
-3
0
2
0
0
-2
-2
1
2
2
-1
-1
0
2
1
3
3
2
3
2
-1
1
5
4
-1
-2
1
4
5
3
-2
-1
2
3
-1
1
-1
2
1
2
1
-1
-2
-2
0
2
3
0
2
2
3
-3
0
2
2
3
0
-1
-1
1
4
2
3
-1
-3
-3
-3
-2
-2
-2
-3
-1
-2
-1
2
0
-3
-3
0
-2
-2
-1
-1
-3
-4
0
1
-5
-5
-3
-1
0
0
-1
-6
-1
1
-2
2
2
3
2
-1
3
-2
1
4
2
5
1
1
3
5
4
3
1
4
4
1
2
-2
-2
-4
-5
-2
-1
-1
0
-3
-3
-3
-2
-1
-2
-2
-1
2
3
3
-1
-2
0
2
2
2
3
4
4
1
1
1
0
2
2
3
1
-4
0
0
-4
-5
-4
-3
1
4
3
3
2
-2
0
1
1
1
0
0
0
0
-1
4
1
1
0
-1
1
0
0
0
1
1
4
4
2
-4
-3
0
-4
-2
-1
1
-2
2
1
-5
-1
0
0
-2
0
-1
-4
-2
1
0
-2
-2
0
-2
0
0
1
-1
-1
1
1
4
6
6
3
1
0
-1
-3
0
1
-2
-3
-2
-4
-5
1
-1
-4
-2
-2
0
-1
-1
1
3
1
-1
1
5
4
2
0
3
4
0
3
2
1
-2
0
0
-3
-1
-1
-1
0
-1
0
-2
1
2
-1
-1
-1
0
2
1
3
3
-2
1
5
4
1
4
5
3
1
-1
1
0
-1
-2
-3
-1
-1
-1
1
-2
-3
0
3
4
1
2
1
-1
-1
-2
-2
-1
0
-2
-3
-1
1
-3
-5
-1
-3
-4
-4
-3
2
-1
-3
-3
-1
-1
0
2
3
-1
2
1
2
2
3
2
1
2
1
1
-1
-3
-5
-3
-2
2
1
-1
-1
2
2
-1
-1
2
-1
-2
-1
2
4
2
-3
-3
-1
-1
-3
-4
0
-1
0
1
0
0
1
-2
1
3
3
3
1
2
-1
0
-1
0
1
2
3
1
0
-3
0
0
-3
-2
-3
-2
-1
1
0
-2
0
0
3
0
1
4
1
0
2
2
2
1
-2
-1
-2
-1
-4
-2
1
4
3
2
1
0
-1
2
5
1
1
2
1
-1
1
0
0
1
1
-2
0
-1
-4
-1
-4
-2
-4
-5
-4
0
0
-3
-1
0
-1
-4
-6
-5
-3
-2
-1
0
2
-1
-2
0
1
1
0
0
-2
-2
-2
-6
-3
-1
-3
0
-1
1
1
-2
1
2
0
1
-1
0
1
3
0
0
2
2
2
3
2
2
1
0
0
6
5
4
4
3
3
0
0
3
1
2
2
2
3
5
6
3
3
3
3
0
-1
-1
0
0
2
-1
-2
1
1
-2
-4
-4
-5
-2
0
-3
-3
0
-1
-5
-3
-2
-3
-5
-3
-3
-5
0
-3
-3
-1
-2
1
2
1
0
1
0
1
0
-4
-2
-1
1
-2
-3
-2
-3
-4
-3
-1
-1
-3
-5
-2
-1
-2
-2
0
2
2
-1
0
3
5
5
3
3
2
2
1
0
5
5
5
2
2
0
0
0
3
1
2
3
0
0
0
-2
-2
4
0
-2
0
-1
-1
-2
2
1
0
0
0
-2
-2
1
4
3
2
1
0
2
0
-2
3
2
-1
0
-1
-4
0
3
1
0
5
3
1
0
0
1
0
2
1
-1
-3
-2
-4
-4
-1
-5
-4
-3
-4
-5
-5
-3
-2
-3
-5
-3
-4
-7
-4
-4
-3
-2
-2
1
0
-1
2
2
3
0
0
0
-1
2
2
1
3
4
1
5
2
2
1
3
4
2
5
3
1
3
3
1
1
5
5
3
4
3
1
-1
0
0
-1
-2
-1
-1
-4
-1
-1
-1
0
-1
-1
-4
1
-3
-3
0
1
1
-2
0
0
1
0
1
0
1
1
2
-1
0
0
-2
1
-2
-3
-1
0
-1
-2
-2
-1
-1
-3
-4
-3
-1
0
1
-1
3
2
1
4
4
0
0
1
2
5
3
2
0
0
1
-2
-2
0
1
2
-2
0
1
-2
-1
-1
-1
0
0
0
0
1
0
-1
0
-1
-3
-2
-1
-2
-1
-2
0
3
2
0
2
2
0
0
3
2
3
-1
-1
5
3
4
3
-2
-1
3
3
2
3
0
3
-1
-1
1
1
-1
-1
-3
2
1
-1
-2
-3
-2
-3
-4
-5
-4
-6
-3
-5
-4
-3
-5
-7
-7
-5
-4
-1
-1
-1
1
-1
0
-1
0
3
2
2
1
1
3
3
3
5
3
0
3
3
4
5
4
5
1
3
3
1
3
0
0
2
1
1
0
1
0
-2
-3
-4
-6
-6
-3
-6
-4
-4
-2
1
0
1
-1
2
1
1
2
0
0
1
3
1
1
2
3
4
5
7
5
2
1
0
3
2
2
4
1
5
4
2
1
3
3
0
-1
-4
-4
-6
-4
-6
-3
-6
-3
-2
-1
0
-4
-3
-5
-2
-4
-4
-4
-5
-1
-2
-1
-1
-1
-2
-1
0
-1
1
1
4
2
0
3
4
3
1
2
1
-2
-1
1
2
2
0
3
-1
3
-1
0
6
2
0
0
1
-1
-1
1
3
4
4
2
-1
3
3
2
2
2
2
-2
0
3
1
2
1
-1
-4
-2
-5
-4
-3
-5
-4
-3
-3
-2
0
-3
-1
0
-2
-2
-1
0
-2
1
1
2
0
1
1
-1
0
0
0
-2
-3
2
-1
0
2
1
1
1
4
0
0
1
1
0
2
5
2
1
4
0
-1
1
-1
-1
1
1
-2
-1
-1
1
1
-1
0
0
0
1
2
-3
-4
0
0
0
1
3
3
3
1
2
3
0
-1
-1
-1
-4
-4
-5
1
-3
-2
3
1
-2
-4
-3
-2
-2
-3
-1
-3
-2
-1
-1
2
-1
1
0
1
-1
-2
-3
0
0
-1
1
2
3
1
2
3
2
-2
0
3
3
4
3
0
1
-2
-2
0
-1
1
0
4
1
1
-2
0
2
3
3
4
5
0
2
2
1
1
1
2
2
-1
-2
0
-1
-1
-3
-3
-1
-3
-2
-3
-2
-2
-2
1
1
1
-2
-3
-3
-2
-3
-3
-5
-2
2
0
-3
-1
0
1
0
-3
1
0
0
1
1
-1
2
3
3
2
1
2
1
4
2
0
2
1
1
3
0
3
3
2
-1
1
1
-1
0
-2
0
-2
0
0
-1
1
0
1
-2
-1
2
-1
-2
1
-2
-2
-2
0
0
2
1
2
2
-1
0
1
0
0
1
1
0
-1
2
1
0
1
2
1
0
1
0
-2
-2
-2
0
0
2
-1
0
1
2
0
-2
-1
-3
-2
-4
-1
0
0
-1
-2
-2
-4
-2
-3
-4
0
-1
-3
2
-3
-2
1
2
2
-1
0
0
0
0
1
0
0
-1
2
1
1
-1
1
3
2
2
0
2
2
-1
-1
-1
-1
0
-5
0
2
1
2
-1
0
1
2
5
1
1
1
-1
0
-1
-2
-2
1
1
1
0
-2
-1
-1
0
0
3
2
0
-1
3
2
3
1
-2
1
-2
1
1
2
2
2
0
0
-1
-1
0
-1
-3
0
-1
-2
-2
-2
-2
-3
-4
-6
-4
-3
-3
-2
2
5
2
3
1
-2
1
1
-2
-3
-3
0
2
0
1
0
1
3
2
-1
0
1
4
3
3
1
3
3
2
1
3
1
-1
-4
-3
-1
-2
1
0
-1
-1
-3
-1
1
-2
1
1
0
-1
2
1
1
-1
0
1
2
1
0
0
-1
-1
-3
-1
0
-3
-1
-1
-3
-4
-4
-2
-2
-2
-2
1
0
0
0
2
1
2
-2
1
0
1
3
2
1
1
2
4
4
0
-1
-4
-3
0
-1
-1
-1
0
0
2
1
2
0
-1
0
-2
-1
1
0
-1
-3
0
0
2
1
1
2
-1
0
2
2
3
3
2
-1
1
3
1
0
2
1
-1
0
1
0
-1
0
-2
-1
1
0
-1
-1
-2
-2
-1
0
-1
-4
0
0
-1
2
1
3
3
1
1
0
1
0
1
-2
-1
1
2
4
2
0
0
-1
-2
-2
-3
-2
-4
-6
-4
-7
-5
-5
-3
-3
-6
-4
-2
-5
1
2
-1
2
1
2
5
2
1
2
-3
0
1
0
1
4
5
1
1
1
1
2
2
6
4
4
4
0
3
4
4
7
4
4
3
2
3
1
0
2
1
2
-2
-3
-4
-2
-3
-1
1
-2
1
-1
1
1
3
4
0
1
0
0
0
-1
-4
-4
-3
-3
-6
-4
-2
-5
-3
-1
-4
-3
-1
-1
-3
-1
-1
-1
-1
1
1
-2
0
-1
1
-1
-1
1
-1
0
-1
0
-1
-3
1
0
-3
0
-1
-1
0
2
-1
2
1
1
3
1
1
0
3
1
2
3
1
2
2
5
7
7
8
6
3
4
3
3
-1
0
2
-1
-2
-3
-2
0
-3
-2
0
-2
-3
-3
0
-2
-3
-1
-3
-3
-2
0
-1
-4
0
1
2
2
1
0
-1
0
0
0
0
-1
-1
1
-1
-1
-2
2
-2
0
-1
-3
-4
-2
1
0
0
-3
-2
1
1
2
2
2
2
-1
-1
-2
0
-2
0
2
0
0
0
1
1
0
2
2
0
1
2
4
1
0
0
-3
-2
-3
-1
-3
-3
0
-2
-1
0
0
-2
0
3
2
2
2
4
-1
0
2
-1
1
4
6
4
1
2
2
0
1
1
2
1
-1
-2
-3
-3
-2
-3
-1
1
0
-1
0
-2
-2
-3
-2
-2
-2
1
0
0
1
-2
-2
-2
-1
-2
-3
-2
0
-2
-3
1
1
0
0
0
1
0
1
1
1
1
2
3
0
0
1
2
3
1
2
3
2
2
4
3
4
4
2
2
0
-1
-2
-2
0
0
0
1
-2
-3
-3
0
1
0
-1
0
-2
-2
-3
-2
-1
-2
1
-2
-3
-1
-4
0
1
0
0
0
2
2
-2
0
0
0
1
1
2
-1
-1
-1
-3
-1
0
0
1
0
0
0
1
2
1
2
1
-1
1
-1
1
4
-1
-1
1
0
-1
1
-1
0
-2
-2
-1
-1
-1
-2
0
0
1
3
5
3
2
1
2
3
1
1
2
0
-1
-2
0
2
1
0
3
1
-2
-2
-1
-1
-1
1
-2
-2
-1
-1
0
-2
-4
-2
-3
-4
-3
0
-3
0
0
1
3
2
3
2
2
2
5
3
2
1
3
1
0
1
0
0
-2
1
-2
0
-2
-1
2
1
0
2
-1
0
0
-1
1
-2
-1
0
-2
0
-1
-1
-1
-2
-3
-3
-3
-1
-1
1
-3
-1
1
-1
0
2
1
-4
-3
0
1
-1
-1
2
1
0
0
2
4
4
2
3
3
6
5
3
2
4
3
0
0
-2
2
-1
2
2
0
3
-2
1
0
-2
-3
-4
-3
-3
0
-1
-1
-2
-1
0
1
-1
-3
-4
-2
-2
1
-2
-3
-2
-2
1
0
-1
-2
-1
-1
0
-4
-1
0
0
-1
0
0
3
1
-1
3
3
4
1
3
3
2
2
0
1
-1
1
2
3
2
1
1
2
2
3
0
1
2
0
2
0
2
2
1
0
-2
-3
-1
-4
-1
0
-2
-4
-2
-4
-5
-3
-3
0
-3
0
0
-1
-2
-1
-1
0
-1
0
1
2
1
0
1
1
2
1
0
0
1
3
0
1
3
2
3
0
0
2
1
3
2
1
3
3
1
2
0
-2
1
0
0
-2
-4
-1
1
-2
1
-1
-4
-3
-1
-2
-3
-2
2
1
-1
0
0
-1
-2
0
-2
-2
-1
-1
-1
1
-1
-2
-3
-3
-3
0
-1
0
4
-1
0
-1
-2
1
-1
0
-1
2
0
0
2
1
3
1
2
2
2
3
3
2
2
0
0
2
0
0
0
0
0
1
1
-1
-1
0
3
0
-1
0
0
-1
-3
0
-2
-1
0
-3
-3
-2
-1
-4
-1
-1
0
3
3
2
-2
-2
0
-2
0
1
1
4
-1
-1
-2
0
0
0
2
-1
-1
-1
2
0
1
-2
-1
-2
1
1
1
3
0
4
1
0
-1
2
1
0
1
2
1
2
-5
-2
0
-4
-1
0
1
0
0
0
4
1
-1
2
1
-1
1
1
0
2
-2
-1
-1
-2
-3
1
-1
0
3
-1
2
2
3
-2
-3
-1
1
-1
-1
0
3
0
-1
0
-1
0
1
1
-2
-1
-1
-1
0
0
-1
-3
-3
-2
2
-2
-2
-2
-2
1
0
1
1
0
0
-1
2
2
0
2
1
1
2
3
4
3
2
2
0
3
3
1
-1
1
-1
1
0
0
0
2
1
0
2
-2
0
-2
-1
-1
-1
0
-1
-1
-2
-3
-3
0
1
-1
-2
0
-2
-1
0
-1
1
0
2
1
2
2
1
3
1
1
0
0
0
-2
0
-2
-3
0
0
0
1
1
0
0
-1
-1
-1
-1
0
-1
-2
-2
-1
-3
-5
-1
-1
0
0
0
2
0
2
2
0
1
1
-2
-1
0
2
-1
-1
-1
-1
-1
0
2
0
2
0
-2
-3
0
-1
-2
0
2
2
3
2
-1
3
-1
2
-1
-1
0
0
0
1
-1
-1
0
2
0
1
2
1
4
2
3
1
-1
-3
1
2
0
2
2
0
0
0
1
2
1
0
0
0
-2
0
1
-2
-2
-2
0
-1
0
1
1
1
2
-1
0
-1
-2
-1
-1
0
-1
0
-1
-2
-2
0
0
3
-1
-3
0
-1
-1
0
-2
0
0
1
1
-1
1
2
2
1
2
0
5
2
-1
-1
-2
0
0
-2
-2
0
-4
-3
-1
-2
0
-2
0
2
0
2
3
2
1
0
-1
-1
2
3
2
-1
0
1
3
0
-5
-3
0
0
0
1
1
1
0
-1
1
0
-2
0
0
1
1
1
1
-2
0
0
1
2
1
2
0
1
0
1
2
1
3
2
0
0
-1
1
2
2
1
-1
-1
-3
-2
-2
-4
-1
-3
-1
-2
-2
-1
1
2
1
-1
0
1
-2
2
-1
-1
0
-3
0
0
0
-2
0
-2
-1
-1
-2
0
1
2
3
4
1
0
0
0
0
0
1
2
3
0
2
2
0
0
2
4
4
4
1
1
-1
0
1
-1
1
0
2
-1
1
-3
-2
-3
-4
-1
-2
-1
0
1
1
0
-1
0
-3
-2
-2
0
2
-1
-1
1
1
1
1
0
0
-2
1
1
-3
-6
-5
-2
2
1
-2
0
-1
-3
-1
3
1
-1
1
-1
0
2
0
1
1
-2
-1
0
0
2
2
0
-1
-4
3
2
0
-2
-1
2
-1
1
0
0
3
2
1
2
0
0
-1
-2
-1
1
0
1
4
1
1
1
2
1
3
4
0
0
2
1
2
1
1
1
-2
1
-1
1
0
-2
1
-2
-2
-2
-2
-1
-1
0
-2
-2
-4
-1
-1
0
2
2
-1
1
-1
-2
1
0
0
-2
-2
-2
-1
-2
0
-2
0
1
-1
0
-1
-1
1
0
1
1
-2
-1
-2
2
-1
-1
3
-1
1
1
-1
-1
-2
0
0
1
2
3
2
-1
-1
-2
1
0
0
0
0
1
-1
0
0
-1
1
0
0
1
2
1
1
2
2
1
0
-1
1
-1
2
3
2
1
0
-1
0
3
4
1
-1
-2
0
0
1
-1
0
0
-3
-3
1
0
-1
2
2
4
1
3
1
2
2
-1
-1
1
0
-1
-3
-2
-2
-4
-3
-4
-3
-2
-3
-3
-5
-2
-1
-2
-2
-3
-3
-3
-1
-1
0
-2
1
0
-2
1
-1
0
0
-2
-1
-1
1
1
3
3
1
3
2
2
3
0
0
2
3
4
3
2
2
2
3
0
4
2
1
1
-2
1
1
0
-3
-3
0
-1
-3
-1
-1
-1
-1
3
0
2
1
1
1
3
4
1
3
0
0
-1
0
1
0
-2
-1
1
-2
-1
-5
-4
-2
-3
0
-2
-2
-2
-2
-4
-2
1
-1
0
0
-2
-2
0
-2
-2
-1
-1
2
0
0
-2
0
1
2
0
0
1
2
4
2
1
0
3
4
1
3
0
2
0
0
2
0
1
1
3
1
1
1
0
-1
2
0
-2
-1
2
-2
0
-1
-4
-3
-1
0
-2
-3
0
-2
-1
-1
-2
0
0
1
2
0
3
3
0
-2
-1
0
-1
2
0
0
1
-1
1
0
0
-1
1
1
0
1
2
0
-1
-3
-6
-5
-3
0
0
1
-3
-4
-3
-3
-1
0
-1
2
2
1
2
-3
-1
1
-2
1
2
4
0
4
1
2
1
1
3
3
0
2
3
0
-1
0
0
1
2
-1
2
0
1
0
0
-1
0
-1
-1
3
2
0
1
-1
1
2
-1
-1
1
-1
0
-5
-6
-2
-1
-2
1
-1
-2
1
0
0
0
2
0
1
1
1
2
-1
3
0
-1
1
0
1
0
-3
-1
-2
-2
-4
-1
-1
-3
0
0
0
-1
0
2
1
1
-1
0
1
0
2
2
3
0
0
-1
1
2
2
3
0
0
-1
-1
-2
-1
1
0
1
-1
2
1
0
-1
-2
-2
-3
0
-2
1
2
-1
-2
-1
-2
0
2
0
3
2
1
3
3
1
1
0
-1
-1
0
1
-5
-2
-2
-1
2
-1
-1
1
-2
2
0
-1
0
2
2
0
2
0
0
0
0
3
1
2
2
-3
-1
-2
-2
-4
-3
-3
0
1
-1
-2
-1
1
3
1
2
3
3
2
2
3
-2
-1
-3
-4
-3
2
1
-2
1
0
-6
-4
2
2
0
-3
2
7
3
-3
-3
1
2
-2
-5
-1
0
-1
-2
-2
-1
1
2
-1
0
0
-1
-2
1
0
0
-2
-1
2
1
1
1
1
1
2
0
0
0
-2
1
1
2
2
2
2
-1
1
0
-1
-2
3
1
0
1
0
0
-2
0
-2
-3
-1
-1
-1
-1
-3
-4
-1
1
2
1
2
3
2
-3
-2
2
5
-2
-1
3
1
-1
-1
1
0
2
1
-3
0
2
-1
-4
-1
-1
-2
-2
-1
-1
-1
0
-3
1
1
-2
0
0
2
1
3
-1
0
4
0
-1
0
0
3
2
-1
2
2
2
0
2
2
2
2
3
6
2
1
2
0
1
1
-3
-3
-2
-1
-1
-2
1
1
-1
-3
-1
-1
-1
-2
-1
-1
-3
-5
-1
1
-3
-2
0
-2
-1
0
0
1
1
-2
-2
0
-1
-2
0
0
1
-1
0
2
2
-1
-2
-1
-1
0
-2
0
2
2
3
5
3
4
1
-1
1
-1
2
4
3
1
2
2
2
-1
2
1
-2
0
2
-1
-3
-1
-2
-1
0
1
1
1
2
-1
0
3
-2
0
-1
-2
-1
0
0
0
1
-1
1
0
1
0
1
0
0
-2
-2
-2
0
0
1
1
-2
2
-2
-4
1
1
1
0
-3
1
2
-1
-2
-2
1
-2
-2
-1
0
2
2
2
2
1
-1
-1
-1
-3
-2
-1
2
0
-2
1
1
2
0
-2
3
0
0
-1
-1
-1
-2
1
-1
0
1
-2
-2
-1
-1
-1
-1
0
0
-1
2
1
0
3
2
3
-2
0
1
3
3
0
2
0
-2
1
0
0
2
-1
-1
-2
2
-1
-1
0
0
2
1
3
0
-1
-1
0
-1
1
1
1
-2
-2
-1
-1
2
2
-1
0
2
1
-1
0
1
3
2
2
1
1
0
-3
-2
-4
-2
0
-1
1
1
-1
-5
-2
0
1
1
-1
-1
-2
1
0
-2
1
-1
-2
-4
-1
0
-1
1
0
0
2
3
3
0
2
4
2
1
1
3
1
0
0
-1
-3
-2
2
2
1
2
1
2
2
2
2
1
-2
-3
0
-1
-2
-3
-1
0
-4
-3
-4
-1
-1
-1
0
1
0
0
0
-2
-2
0
1
2
0
-1
-2
-2
-1
-1
0
-3
1
3
4
2
0
1
3
1
1
-1
1
1
1
1
1
1
1
2
1
1
2
-1
-1
2
1
1
2
3
1
1
-1
-4
0
-3
-3
-1
1
0
1
2
1
-1
1
2
0
1
1
0
-1
-1
-2
-4
1
0
-2
-2
-1
-3
-3
0
-3
-4
-3
-2
0
-1
-1
0
-1
0
0
-1
-1
1
0
1
1
-1
-2
-1
0
-1
0
1
3
1
2
3
2
2
4
1
3
3
0
1
1
2
0
1
0
2
3
2
-1
-2
2
-2
-4
0
1
1
1
0
0
-1
1
-2
2
0
-1
-1
1
-2
-1
0
0
-1
-2
1
0
1
0
-1
-2
-2
-3
-4
-1
0
0
0
0
1
1
0
-1
-2
-2
-2
-1
-1
-1
-2
1
-2
0
1
0
2
1
2
-1
1
2
2
2
3
-2
-1
-2
3
4
3
1
1
0
-1
-1
1
-1
0
-1
-3
-2
-2
0
-3
-2
-2
-3
1
2
0
1
0
-1
1
2
-5
-4
1
4
-1
1
3
0
-1
1
0
2
3
-1
1
4
3
0
-2
0
1
1
1
0
0
2
-1
-1
2
-1
0
0
1
2
0
-2
0
-1
-3
-1
2
1
0
2
1
1
-1
-3
-3
-2
-1
-2
-2
-1
1
0
-2
-1
1
2
1
1
0
0
-1
1
-2
-1
-2
-1
0
0
0
1
4
-1
-3
0
0
0
2
0
-1
-2
3
0
-3
0
-1
-3
-4
-1
-1
0
0
0
1
-1
0
-1
1
2
1
1
-1
3
3
1
1
1
1
2
2
3
4
2
3
2
0
1
-1
-1
1
-2
0
1
1
-2
-2
-2
1
1
-3
-1
-1
-3
-1
1
-2
-2
-3
-3
-4
1
1
-1
0
-4
1
2
-1
-2
0
-1
-4
1
-1
1
2
0
0
-3
2
2
1
3
4
4
5
0
5
4
2
2
1
2
-1
-1
-3
-2
-4
-1
1
-2
-2
-3
-1
-1
1
0
-1
-2
-1
2
-2
-1
-1
-1
-2
-3
-1
2
3
0
0
1
1
-2
-1
-2
-2
0
2
-3
-1
0
0
0
0
2
2
1
2
0
3
3
1
4
1
1
-1
-1
-3
0
-1
1
2
0
0
0
0
0
-1
-1
1
-1
0
1
2
-1
-2
0
-1
3
-1
-1
1
-1
1
0
0
-1
-2
0
-1
-2
-2
-1
0
0
0
-1
2
3
1
1
2
3
1
1
2
2
2
-1
-2
-1
3
2
-1
0
-4
-4
1
-3
-6
-3
-2
0
-1
1
-1
-1
-2
-3
2
1
4
5
3
2
2
-2
-1
1
2
2
1
1
2
0
-1
-1
-2
-1
0
-1
1
1
1
-2
3
3
3
0
-1
1
0
-1
2
1
2
2
-1
-2
-1
0
0
0
-2
0
-1
-3
-1
-1
0
-2
-4
0
1
-3
-1
-1
-4
-1
-2
-3
-3
-1
-3
-5
-3
1
1
1
1
2
1
-2
2
1
0
0
-2
1
3
1
0
1
2
2
0
2
2
3
1
1
1
1
3
2
2
-2
1
2
2
1
-2
0
-1
-1
1
-3
-3
0
-2
1
0
0
1
0
1
0
0
2
-1
-2
-1
2
3
1
2
0
0
-3
-3
0
1
-2
-2
-4
-1
-2
-1
1
1
2
-1
-2
-2
2
2
0
0
-1
0
1
0
0
-1
-2
-1
1
0
0
0
0
1
0
0
2
0
0
0
0
0
0
-1
0
-1
0
3
-1
0
-1
-1
0
1
2
-1
1
3
-1
3
0
0
1
2
0
-1
0
0
2
-1
0
-2
-4
-3
-3
0
0
0
1
-2
-1
-1
-1
1
1
2
0
0
-2
-2
-1
-1
-1
-1
-3
0
1
-1
-3
1
-1
-1
-2
-1
-1
2
3
3
1
-1
2
1
1
1
1
1
-1
-1
-2
2
2
-1
0
0
1
0
1
2
0
1
2
0
-1
-1
2
4
3
0
1
1
1
1
-1
0
1
0
0
-2
-1
-1
-1
-2
-2
-4
-2
0
-3
-1
-3
-1
-1
-2
1
1
-1
0
2
2
1
0
-1
0
1
0
1
1
0
1
-3
-1
1
0
1
0
4
1
0
0
1
2
1
0
-2
-2
-2
-1
0
0
-4
-4
-3
-2
-1
-3
0
-2
-2
3
0
-2
1
1
-2
2
1
-1
-3
-2
1
1
3
4
3
1
1
1
2
4
5
3
4
2
2
1
0
-1
-1
2
-2
-1
-2
-2
-1
0
0
1
0
-1
1
-1
-1
-1
0
-1
-3
-1
-4
-4
-1
-2
-1
-3
-3
-5
-3
-3
0
-1
-4
-2
-1
-1
-1
1
1
-2
1
4
0
1
3
-1
1
1
3
2
0
0
1
1
-1
1
0
0
1
-1
1
-1
-3
0
-2
1
-1
-1
0
0
-3
0
2
0
2
4
3
2
1
2
2
2
1
0
0
-1
-1
-1
1
1
0
1
1
1
3
1
2
2
2
2
2
-1
1
-2
1
-2
-4
1
-2
-1
-1
-2
-3
-2
-1
-2
-5
-2
-2
-1
-1
-2
2
1
1
2
-2
-1
-1
0
0
0
1
1
-2
-1
-1
-2
-1
1
-1
2
1
-1
0
-3
2
-1
-1
0
-3
0
0
1
-1
0
2
1
1
2
0
0
-1
-4
0
2
1
0
3
3
3
2
1
5
4
4
3
2
2
1
1
1
1
1
0
1
-1
-3
-4
-1
-2
-2
-1
-3
0
0
-2
0
1
2
1
1
-1
-2
-1
-2
-3
-2
-2
0
0
0
-1
1
1
0
-2
0
2
1
2
0
1
0
-1
0
-1
-1
1
-1
-1
-1
-3
-1
1
-2
-2
-1
-2
2
-3
-2
0
1
4
2
0
-1
1
0
-1
-3
-3
-1
-1
0
0
2
0
-2
0
1
1
-2
-4
-2
0
-1
0
0
1
-1
1
4
3
2
4
2
4
3
1
2
2
3
3
3
1
1
1
1
1
1
-2
-3
-3
-3
-1
0
-2
-4
-3
2
2
2
2
0
-2
-1
1
-2
-2
-1
-2
2
-1
-2
1
-3
-3
-1
-1
1
-1
0
1
0
2
-3
0
1
-1
-1
1
2
1
3
2
0
1
2
3
3
1
1
3
2
2
1
1
-3
1
0
-2
-1
0
-1
-5
-2
-2
-1
2
0
1
0
-1
-2
-1
-5
-3
-1
-2
1
-1
-1
2
0
0
-2
1
0
1
-1
-3
-2
-3
-1
-3
-1
0
0
0
2
4
0
1
2
2
2
1
4
0
1
2
2
1
2
5
3
1
1
-1
-3
2
-1
-1
1
3
-1
1
1
-1
1
0
-1
-1
-1
-1
-3
-2
-1
-3
1
0
-1
0
0
0
1
1
-2
2
2
-2
-1
-2
1
0
-2
-1
-2
0
2
1
0
0
-2
-2
-1
-1
-2
-1
1
0
1
-1
-1
0
-2
-2
0
0
2
2
2
0
-1
0
1
2
1
2
2
4
2
0
1
0
0
1
2
0
1
0
1
-1
-1
-1
1
0
1
1
3
1
0
1
1
1
-1
0
-1
-4
-5
-4
-2
-2
-2
-1
-2
1
0
0
2
-2
-2
0
1
2
1
-2
-2
-3
0
-1
0
-4
-5
-1
-4
0
1
0
2
1
-1
0
2
1
2
-1
1
-1
0
1
3
2
2
4
4
3
1
2
-1
-1
-1
1
2
0
-2
-1
1
2
3
3
3
4
2
0
0
0
2
0
-2
1
0
-1
-1
2
1
0
-1
-2
-2
-1
0
-1
0
-1
2
0
-1
-1
-6
-5
-2
0
-1
-2
2
0
2
2
2
-1
-2
-2
-1
1
-2
0
0
3
0
-2
-1
1
-1
2
1
-1
-1
0
1
-1
0
0
1
2
5
1
-2
1
-1
1
1
-1
-1
0
3
0
-1
1
-3
-3
-1
0
3
-1
0
0
2
1
1
4
1
1
1
-4
-1
0
-2
-1
-2
-1
-1
2
2
0
0
2
1
1
-1
-2
0
-1
-3
-2
0
3
3
1
1
2
1
-2
0
0
2
0
-3
0
1
1
-2
0
-2
-2
0
-1
1
3
-1
-2
2
1
0
2
2
1
0
-1
-1
3
1
-3
-2
-1
0
-1
-2
-1
-3
-2
0
-1
2
1
1
1
3
2
1
2
1
-1
0
-2
1
-1
0
-1
-1
1
1
1
1
0
-1
-2
0
-1
-2
-2
-1
-1
-1
2
-3
1
-2
-1
3
-1
1
3
2
0
1
1
1
3
0
-1
0
1
1
2
3
1
2
0
1
0
0
3
1
3
-1
0
-2
-4
-2
-1
1
0
0
-2
-1
-1
0
1
-1
0
0
-1
-1
1
-2
-1
3
2
-1
-3
0
-1
-2
-2
-3
0
0
0
-2
-2
-1
-1
0
1
0
-1
1
2
1
1
0
0
-1
1
0
1
-2
-1
1
1
1
1
0
-1
-1
1
-3
0
0
0
2
0
0
-1
1
3
-1
0
-2
-4
-5
-1
2
-2
-1
-1
2
0
3
2
0
1
3
-1
1
0
-1
-2
0
0
-1
-2
-3
1
2
3
-1
3
1
-1
0
3
2
5
3
-1
0
1
-3
-2
1
1
0
1
1
1
0
1
3
1
0
1
1
1
0
1
0
0
0
0
1
1
0
-1
0
0
1
-1
-1
-1
-5
-2
-1
-3
1
-1
-2
-2
-3
-2
-1
-1
0
0
-3
3
1
1
2
-1
-3
0
0
0
1
1
0
-3
1
1
1
3
3
0
3
2
-1
-2
0
-1
-2
1
-1
-3
-3
-1
1
1
0
-1
1
1
1
-1
1
-1
0
1
-1
-1
1
1
1
1
-1
3
3
1
0
1
1
-1
0
-2
0
-2
-1
0
2
1
1
1
-2
-2
0
3
-1
3
3
-2
0
1
0
0
2
0
1
0
1
1
2
0
0
2
1
-1
2
-1
-1
-2
2
1
1
2
1
0
0
1
-2
-1
-2
-3
0
-1
-3
-1
-2
0
-1
-1
0
-1
-2
-1
-2
-3
-2
-1
0
0
-1
1
-1
-2
-1
-1
-3
-1
1
1
1
0
5
2
0
1
4
1
2
2
0
0
-1
1
2
1
1
2
-1
-1
1
2
1
3
3
1
0
-4
0
0
0
0
0
-3
-2
-1
-1
-3
1
3
-2
0
-1
0
-1
0
1
-3
-1
-1
-1
1
1
0
1
-2
-1
0
0
1
-2
2
-2
-2
-2
0
2
4
3
1
2
1
2
2
5
1
-1
1
1
2
-1
-2
-3
2
0
0
-2
-4
-4
-3
-1
-2
-2
-2
0
-2
-1
-1
0
0
-2
-2
-1
0
0
0
2
0
0
1
-1
-2
1
1
0
1
3
2
1
3
3
4
2
0
2
2
0
1
1
0
-1
0
-1
0
2
-1
3
1
-1
-2
-2
-1
0
1
-1
-1
-1
0
-1
0
2
0
1
2
-3
-1
0
-2
-1
-1
0
-1
-2
-2
-2
-3
0
2
0
3
-1
1
1
-2
1
-1
1
-1
-1
2
2
-1
0
1
0
-1
-1
1
-1
0
-1
0
-2
-3
-1
-1
1
0
0
3
0
0
0
3
2
-2
0
1
0
1
1
0
-2
-2
0
0
2
0
0
-2
0
-1
0
2
2
1
1
2
0
1
-2
1
-1
1
-1
0
0
-3
0
1
-1
0
1
-1
-1
0
1
2
-1
1
3
0
-2
1
1
-2
0
-1
-4
-5
-4
-1
-2
0
-3
-2
0
-3
-1
0
-3
-1
0
-1
3
3
0
1
2
3
5
4
4
1
2
3
0
1
-1
0
3
-2
1
0
-1
0
-1
0
-1
0
1
1
1
1
-1
-3
0
0
0
4
1
1
0
2
4
3
1
0
0
-1
-2
1
-1
-1
0
1
0
-1
0
0
-2
-2
-2
-2
0
2
-1
-3
-3
-2
-2
-3
-3
-1
1
2
2
1
-2
-3
-2
-2
-2
1
1
2
1
0
-1
4
-1
1
2
1
3
3
3
2
2
0
1
1
2
1
1
3
0
-1
2
2
0
1
-2
-3
-1
-4
-2
-2
-3
-2
0
-2
-2
-2
-1
-3
-1
-1
-2
0
-2
-2
-1
-2
-3
-1
-1
0
1
1
2
1
0
2
0
0
1
-1
0
3
3
3
1
2
2
3
2
1
2
3
5
1
-1
0
0
2
0
0
3
0
2
-1
-1
-1
1
0
-1
-3
-2
-2
-3
-1
-3
0
0
-1
-2
0
1
0
2
1
0
0
3
3
-1
-1
1
0
-1
0
-2
-1
-1
-4
-4
-1
0
0
3
3
-1
1
1
1
0
0
-2
0
-1
-1
0
0
0
0
-1
1
1
0
2
-2
-1
0
1
-1
1
0
-1
0
-2
0
1
-1
0
0
1
2
1
2
0
-2
-1
1
-1
-1
0
2
-1
-1
-1
1
1
0
-2
-2
0
0
0
2
2
3
0
1
1
-2
0
2
2
2
0
0
-3
-1
-2
-2
2
2
0
-3
-1
1
1
0
2
1
2
2
0
2
-1
1
0
1
2
-1
0
0
-2
-3
-1
-1
-3
-1
0
-3
1
0
0
-3
-1
0
-3
0
-2
-2
0
1
-1
-1
-2
-2
0
1
0
0
0
0
-1
-3
-2
-1
0
-2
1
0
1
1
0
0
0
2
1
1
0
2
0
0
3
5
2
0
5
4
3
1
0
0
3
1
0
1
0
0
-2
-1
2
0
0
0
-2
0
3
0
0
1
4
3
0
2
-1
-1
1
-2
-1
0
-1
-1
0
-2
-2
2
-1
0
1
0
3
-1
0
1
1
1
-2
-2
-3
-1
-3
-5
-5
-5
-6
-5
-3
-1
-5
-2
0
-1
-3
1
2
-1
0
1
1
-1
-1
1
3
2
1
0
0
1
-1
1
1
1
-1
-1
3
3
1
1
1
3
-1
2
5
2
0
3
6
-1
2
4
1
4
1
1
1
0
0
-2
1
5
1
0
2
4
0
0
0
0
0
-1
-2
-3
-2
-4
0
-2
-1
0
1
3
1
3
1
0
0
-1
0
1
-1
-2
-1
-3
-4
-1
-3
-3
-4
-2
-1
-3
-3
-7
-3
-2
-2
-2
1
-1
-3
2
-1
-1
-1
-2
-2
-1
0
-2
0
0
1
2
2
0
3
2
2
6
3
3
3
3
2
1
0
3
1
0
2
5
2
-1
2
2
1
-1
-2
-2
1
-2
0
1
1
-1
2
-1
0
3
-2
0
0
-2
0
0
-1
1
0
1
1
1
0
-1
1
1
-1
0
0
0
0
-2
-1
0
-1
1
-1
0
4
2
0
-1
2
1
-1
-2
0
-2
-1
-1
-3
1
2
1
1
1
0
0
-2
-1
-1
1
-1
-2
-1
-1
0
-3
-3
1
-1
-1
-2
2
1
0
2
0
-1
-4
0
0
-2
-1
-1
0
1
0
0
1
-1
1
2
1
3
4
1
2
3
0
-1
-1
0
0
-1
0
-1
-3
-4
-4
-3
-2
-3
0
0
4
3
1
0
-1
0
1
2
-2
0
1
1
0
0
-1
0
3
0
0
1
2
2
3
3
4
2
3
2
1
3
2
1
0
0
-2
-3
-2
0
0
0
1
0
-3
1
-1
1
3
-1
1
1
2
1
-3
-1
0
-4
-1
-1
-3
-2
-1
1
-2
0
-1
-1
0
1
0
-2
-3
-1
1
-1
-1
-1
0
1
2
0
1
2
0
0
1
1
-1
0
-1
-4
-4
1
-2
-4
-1
-3
-2
-2
-3
-1
0
1
2
2
-1
0
1
2
2
1
2
3
0
0
2
3
6
-1
0
0
-2
-2
1
3
2
0
-2
-2
-1
4
1
0
1
1
1
1
3
3
2
-1
-3
1
2
0
1
1
0
0
-1
3
2
2
0
-1
-1
1
2
-2
-3
-3
-3
0
0
-1
-2
-2
-4
-4
-2
0
0
-3
-1
-1
-1
0
-2
-3
-1
-2
-1
0
3
1
0
-1
1
1
1
1
-1
-1
0
1
0
0
1
0
1
-1
-1
1
-1
3
0
1
-1
0
3
1
1
-1
-1
-1
1
0
2
2
0
1
2
0
2
0
-1
-2
0
1
0
3
2
1
1
1
0
0
2
2
0
1
1
2
-2
0
0
0
0
-2
0
-2
-2
-3
-3
0
-2
1
0
0
1
0
-2
-1
-1
-1
-4
0
-2
-4
-5
-2
-2
0
-1
-1
2
1
-1
-1
0
1
-1
1
0
0
0
1
2
2
2
-1
3
3
4
3
3
2
0
2
1
1
-1
0
0
0
-1
0
0
0
1
0
1
2
1
2
1
2
2
-1
3
2
1
1
-4
-6
-4
-3
-2
1
-2
-2
1
-1
-2
-2
-3
1
0
-1
3
2
3
-1
0
-2
0
5
4
1
-1
0
-2
-3
-2
-2
-1
0
-2
0
1
1
0
0
1
2
0
-1
1
0
-2
-3
0
-5
0
3
-5
-1
1
-1
2
5
-11
-3
12
7
-3
-5
-6
8
3
-10
-9
2
18
1
-15
6
12
5
-10
-4
12
9
-4
-8
10
10
-22
12
21
-30
-23
51
63
-151
43
93
-42
-18
-63
80
21
-52
-12
4
43
-36
7
19
-45
26
8
36
-51
-34
-53
131
134
-212
-333
399
404
-565
-199
260
382
-265
-355
179
245
35
-374
28
241
66
-184
-140
216
134
-135
-162
127
146
-94
-96
31
101
-22
-54
-9
39
30
-35
-1
-18
49
15
-62
8
39
-5
-32
-7
39
-6
-19
-21
21
39
-26
-20
-14
47
10
-19
-30
-5
43
4
-38
-23
48
-6
-27
13
5
-14
-13
34
-15
-24
17
-5
1
-7
16
-16
-18
27
-7
-4
-4
3
-8
9
21
-18
-49
33
40
-24
-21
-6
36
6
-6
-28
-3
37
13
-30
-21
14
60
-19
-68
33
42
-9
-49
17
26
1
-27
1
31
-19
-6
-3
15
22
-38
-19
36
40
-50
-41
33
43
14
-79
-4
50
42
-40
-56
32
38
11
-47
-5
21
23
-6
-20
-8
13
14
-9
-19
6
10
-18
14
13
-23
-15
31
12
-30
-14
24
-1
-11
-8
6
11
-9
0
6
-1
-7
-7
11
8
-12
-10
3
18
-5
-16
1
18
5
-21
2
10
5
-6
-17
8
23
-12
-18
13
14
-14
-7
3
6
7
-15
8
11
-2
-1
-2
10
-1
-15
5
11
-3
-5
-1
1
10
6
-32
15
23
-10
-3
-14
16
17
-25
-13
25
8
-10
-10
0
21
-3
-19
2
10
-2
-4
-8
1
7
-6
1
1
-7
-5
2
0
-13
-2
3
-2
0
-4
3
-1
4
4
-1
-3
3
5
-8
7
4
-8
0
5
-1
-5
7
0
-3
1
-5
3
-2
-2
5
-3
-2
1
2
2
-1
-2
2
5
-1
-4
-1
12
8
-8
-4
6
4
-3
2
0
-1
6
0
-3
-1
3
1
-1
1
0
0
2
-3
-6
-4
1
-1
-2
1
-2
0
1
-1
1
3
2
-1
-2
0
0
0
1
-1
-2
-2
2
1
-1
-3
-1
4
-4
-5
4
3
-4
-2
4
9
-1
-8
1
6
1
-4
-6
0
7
0
-10
-9
13
16
-5
-17
-1
1
-1
10
3
-14
-4
3
3
8
-4
-4
-5
5
7
-6
-6
-2
4
6
-4
-4
0
2
6
-2
-1
-2
1
3
0
2
-1
-1
4
3
4
-1
-2
2
-2
-3
-4
-3
0
-1
1
1
0
1
-3
-2
-2
-5
-4
-4
4
3
-7
-4
0
4
6
8
-1
-3
2
3
2
-2
-1
1
3
4
2
-2
-3
3
0
-1
0
0
1
3
5
2
0
0
0
-1
1
-1
0
-1
1
2
0
1
2
1
-1
-3
-1
0
-2
-1
-2
1
-1
2
2
0
-1
-2
-2
0
2
-4
-1
4
3
1
-1
1
0
-3
-1
0
-2
-3
-4
-1
0
2
3
0
2
0
-1
0
1
1
-3
-2
1
0
2
2
-2
2
-2
-3
-3
-2
0
0
-3
-1
1
-2
-1
0
-1
0
1
-1
0
0
1
0
-3
-2
1
1
0
0
4
6
0
1
0
1
0
1
-2
-2
-2
2
-1
-4
3
2
-1
-1
2
0
3
4
0
-1
3
2
1
0
0
0
-2
0
1
2
0
1
3
3
-1
-1
0
1
2
0
0
-1
0
-2
-3
-1
-3
-2
-2
-1
2
1
1
0
-2
0
0
1
-2
0
2
-3
-2
0
1
-1
-1
-1
0
2
-1
0
1
0
-1
0
-4
0
1
-3
-3
-3
-1
-2
1
1
1
4
5
1
0
1
-1
-2
-3
-1
-1
0
3
1
0
0
0
-2
-1
-2
-1
-2
-4
-2
-2
-1
-2
0
-1
0
2
0
0
1
1
0
1
1
0
1
2
3
0
0
-1
2
4
0
2
0
1
-1
3
4
2
0
-1
3
3
3
1
1
3
1
1
0
1
0
1
2
-1
-2
-3
1
3
2
-2
-4
-3
-1
-4
-2
-3
-1
-3
-1
-3
0
0
1
0
2
2
3
5
0
0
-1
1
0
-3
-4
-3
-4
-5
-5
-4
-2
-3
-3
-1
0
-1
-3
2
0
-1
0
1
-3
-2
-1
1
2
2
2
4
2
-1
1
0
-1
1
-2
-3
-1
4
2
1
-2
-3
-3
0
-1
-1
1
0
-1
0
0
2
4
3
1
2
4
3
4
2
2
0
0
2
3
