1	0	0	0	0	
0.765099	0.234901	0	0	0	
0	0.795917	0.204083	0	0	
0	0	0.746711	0.253289	0	
0	0	0	0.862078	0.137922	
0	0	0	0	1	
1e-030	0.381655	1e-030	2.66351e-007	1e-030	1e-030	1e-030	1e-030	0.00629884	0.182947	0.10229	1e-030	0.0106902	9.5e-031	1e-030	1e-030	1e-030	1e-030	1e-030	1e-030	1e-030	1e-030	9.5e-031	1e-030	0.0025219	0.0152677	0.29833	8.5e-031	1e-030	1e-030	9e-031	1e-030	
1e-030	0.29988	1e-030	0.028614	1e-030	1e-030	1e-030	1e-030	0.0714493	0.148275	0.0891713	1e-030	0.0196488	9.5e-031	1e-030	1e-030	1e-030	1e-030	1e-030	1e-030	1e-030	1e-030	9.03041e-031	1e-030	0.0341505	0.00289196	0.305919	1.30502e-013	9e-031	1e-030	3.11665e-020	9.5e-031	
1e-030	0.214077	1e-030	0.141427	1e-030	1e-030	1e-030	1e-030	0.00492947	0.152354	0.0626577	9.5e-031	0.0416234	0.00086157	9.5e-031	1e-030	1e-030	1e-030	9.5e-031	1e-030	1e-030	9.5e-031	0.0221961	1e-030	0.00719781	0.0698823	0.20743	0.0250368	9e-031	8.5e-031	0.0503276	6.58057e-016	
1e-030	0.0556795	1e-030	0.2283	1e-030	1e-030	1e-030	1e-030	8.5e-031	0.0453501	0.0230333	0.00307805	0.0558596	0.114645	0.0128538	1e-030	1e-030	1e-030	0.00274831	1e-030	9.5e-031	0.00330768	0.0201815	0.00274831	0.020001	0.0110768	0.145973	0.0319858	0.0141107	0.0120281	0.18453	0.0125091	
1e-030	0.161385	0.000877193	0.112675	1e-030	1e-030	1e-030	1e-030	0.00264321	0.134935	0.0503462	0.042757	0.0113712	0.0419214	0.0126438	1e-030	1e-030	1e-030	0.00164611	0.000826441	0.00273774	1e-030	0.00604197	0.00261512	0.0163534	0.0619516	0.270269	0.0307047	0.000767764	0.000829449	0.0337018	9.5e-031	
