1	0	0	0	0	
0.750613	0.249387	0	0	0	
0	0.751393	0.248607	0	0	
0	0	0.812587	0.187413	0	
0	0	0	0.843926	0.156074	
0	0	0	0	1	
1e-030	0.174767	8.5e-031	0.166527	1e-030	1e-030	1e-030	1e-030	1e-030	0.0550834	0.103837	1e-030	0.0237336	9e-031	1e-030	1e-030	1e-030	1e-030	1e-030	1e-030	1e-030	1e-030	1e-030	1e-030	1e-030	0.0305648	0.428808	0.0166791	1e-030	1e-030	1e-030	1e-030	
1e-030	0.12182	0.05	0.0813789	8.5e-031	1e-030	1e-030	1e-030	1e-030	0.0897169	0.127696	1e-030	9.5e-031	0.0136588	1e-030	1e-030	1e-030	1e-030	1e-030	1e-030	1e-030	1e-030	1e-030	1e-030	1e-030	0.0647677	0.412701	0.0382606	1e-030	1e-030	9e-031	1e-030	
9.5e-031	0.142307	0.0183071	0.331097	0.00591191	1e-030	0.00833333	1e-030	1e-030	0.0170065	0.0269739	1e-030	1e-030	0.00467669	1e-030	1e-030	1e-030	1e-030	1e-030	1e-030	1e-030	1e-030	1e-030	1e-030	1e-030	0.0172339	0.311472	0.10335	1.76367e-021	9.5e-031	0.0133305	1e-030	
0.019461	0.0366525	0.20464	0.248568	0.0430977	0.00511934	0.120389	0.0299183	1e-030	0.0582852	5.46724e-008	1e-030	1e-030	1e-030	1e-030	1e-030	1e-030	1e-030	1e-030	1e-030	1e-030	1e-030	1e-030	1e-030	1e-030	8e-031	0.0138222	0.0203256	0.109435	0.00325174	0.0870348	1e-030	
9.5e-031	0.0958042	0.00300565	0.23238	3.53374e-027	9.5e-031	0.0170074	0.0036602	1e-030	0.0218081	0.0453798	0.000724638	0.00629934	0.00717109	1e-030	1e-030	1e-030	1e-030	1e-030	1e-030	1e-030	1e-030	1e-030	1e-030	1e-030	0.0175903	0.25556	0.0810184	0.0552798	0.0175205	0.138033	0.00175745	
