1	0	0	0	0	
0.639474	0.360526	0	0	0	
0	0.748178	0.251822	0	0	
0	0	0.872469	0.127531	0	
0	0	0	0.719521	0.280479	
0	0	0	0	1	
1e-030	0.104778	1e-030	0.10245	1e-030	1e-030	1e-030	9.5e-031	1e-030	0.0533062	0.0646187	1e-030	0.0256562	1.63362e-028	1e-030	1e-030	1e-030	1e-030	1e-030	1e-030	1e-030	1e-030	4.2312e-005	1e-030	0.00714286	0.018776	0.610161	0.01117	3.38691e-012	1e-030	0.00189945	1e-030	
1e-030	0.129469	8e-031	0.448155	1e-030	1e-030	9.5e-031	6.08112e-013	1e-030	0.0197352	0.037323	1e-030	0.000436087	0.0580887	1e-030	1e-030	1e-030	1e-030	1e-030	1e-030	1e-030	1e-030	0.0283608	1e-030	1e-030	0.00722851	0.178193	0.081667	0.00573833	2.96968e-006	0.00560267	9.5e-031	
1e-030	0.0708861	2.19837e-007	0.579149	1e-030	1e-030	5.62305e-008	0.0164657	1e-030	0.00641811	0.00665866	1e-030	9e-031	8.51393e-031	1e-030	1e-030	1e-030	1e-030	1e-030	1e-030	1e-030	1e-030	0.0161924	1e-030	9.5e-031	8.50165e-031	0.0415549	0.0184384	0.0734757	0.0194652	0.139948	0.0113477	
1e-030	0.250825	0.266514	0.140404	1e-030	1e-030	0.0102904	4.4077e-011	9e-031	0.0408082	0.00746327	1e-030	0.0284161	8.5e-031	1e-030	1e-030	1e-030	1e-030	1e-030	1e-030	1e-030	1e-030	0.00933679	1e-030	0.00396078	0.0130958	0.0181182	0.00473451	0.0607867	0.061619	0.0836277	1.63829e-009	
1e-030	0.0862498	7.0272e-010	0.28856	1e-030	1e-030	9.5e-031	9.5e-031	0.0156824	0.0610697	0.0513465	1e-030	0.00868886	0.00833001	1e-030	1e-030	1e-030	1e-030	1e-030	1e-030	1e-030	1e-030	9e-031	1e-030	0.00697751	0.0363675	0.402851	0.0324497	7.32712e-022	7.5e-031	0.00142698	9e-031	
