1	0	0	0	0	
0.510718	0.489282	0	0	0	
0	0.838939	0.161061	0	0	
0	0	0.841117	0.158883	0	
0	0	0	0.849184	0.150816	
0	0	0	0	1	
1e-030	0.0999447	1e-030	0.041607	9.5e-031	1e-030	1e-030	1e-030	1e-030	0.0483463	0.0600711	1e-030	1e-030	1e-030	1e-030	1e-030	1e-030	1e-030	1e-030	1e-030	1e-030	1e-030	1e-030	1e-030	1e-030	0.0333333	0.636247	0.0527603	1e-030	1e-030	0.0276908	1e-030	
1e-030	0.0919009	1.87669e-019	0.476824	1.63273e-005	1e-030	3.07707e-006	1e-030	1e-030	0.0128757	0.0632933	1e-030	1e-030	9e-031	1e-030	1e-030	1e-030	1e-030	1e-030	1e-030	1e-030	1e-030	1e-030	9e-031	1e-030	0.025	0.198584	0.0359643	7.5e-031	1e-030	0.0955389	1e-030	
1e-030	0.0063785	0.0860705	0.420557	0.0237728	1e-030	0.0295831	1e-030	1e-030	0.0146682	0.00218938	1e-030	1e-030	0.023036	1e-030	1e-030	1e-030	1e-030	1e-030	1e-030	1e-030	1e-030	1e-030	0.0444439	1e-030	0.0166667	0.0609133	0.0871012	1.44086e-027	1e-030	0.184619	2.12011e-020	
0.00625	0.00361925	0.121955	0.417476	0.00247932	1e-030	0.118274	1e-030	1e-030	8.5e-031	0.000365508	1e-030	9.5e-031	0.00296617	1e-030	1e-030	1e-030	1e-030	1e-030	1e-030	1e-030	1e-030	1e-030	0.0196425	1e-030	9.5e-031	3.3391e-009	0.0153854	0.109233	1e-030	0.176105	0.00624994	
9.5e-031	0.0944378	0.000780441	0.42898	1e-030	1e-030	0.0206303	0.00175439	1e-030	0.0211862	0.0355203	0.00264731	0.00345712	0.00368378	1e-030	1e-030	1e-030	1e-030	1e-030	1e-030	1e-030	1e-030	1e-030	9.5e-031	1e-030	0.0192541	0.266212	0.0482349	0.0474907	1e-030	0.00573084	1e-030	
