1	0	0	0	0	
0.719913	0.280087	0	0	0	
0	0.808132	0.191868	0	0	
0	0	0.862726	0.137274	0	
0	0	0	0.924931	0.0750691	
0	0	0	0	1	
1e-030	0.201476	1e-030	0.0666533	1e-030	1e-030	1e-030	1e-030	1e-030	0.0392447	0.0781133	9.5e-031	1e-030	0.00323875	9.5e-031	9.5e-031	1e-030	1e-030	1e-030	9e-031	1e-030	9.5e-031	1e-030	9.5e-031	0.0245511	0.0368284	0.501185	0.0487097	9.5e-031	9.5e-031	5.00053e-010	1e-030	
1e-030	0.143735	1e-030	0.219463	1e-030	1e-030	1e-030	1e-030	9.5e-031	0.021081	0.0377437	9.5e-031	9.5e-031	0.0191918	8.5e-031	9.5e-031	1e-030	1e-030	9.5e-031	1.45236e-022	9.5e-031	8.95371e-029	9.5e-031	9e-031	1.10572e-013	0.0118923	0.359845	0.110125	0.00418485	0.0106252	0.0621123	1e-030	
1e-030	0.000776228	1e-030	0.286447	1e-030	1e-030	1e-030	1e-030	9.5e-031	0.00834502	6.40134e-007	0.000256774	9.5e-031	0.0174864	0.0349861	0.00721915	1e-030	1e-030	9.5e-031	0.000104292	8.5e-031	1.14299e-008	2.47194e-023	1.43713e-006	3.29119e-029	0.00196782	0.220776	0.0994677	0.0104043	2.44816e-005	0.311736	1e-030	
1e-030	0.00717446	0.000599938	0.0949397	1e-030	1e-030	1e-030	1e-030	0.00357805	1.82822e-030	0.00563786	0.0164749	0.00357805	0.146827	0.0711726	0.00715863	1e-030	0.00334523	0.0182522	0.10397	0.0148889	0.0543446	0.058723	0.0884653	0.00358944	1.09074e-009	0.0220228	0.159501	8.5e-031	1e-030	0.115756	1e-030	
1e-030	0.0922912	0.00932829	0.166726	1e-030	1e-030	1e-030	1e-030	0.01317	0.0598896	0.0494381	0.00355544	0.00447268	0.0205088	0.00184338	1e-030	1e-030	9.5e-031	0.00184338	4.51435e-009	0.000862106	4.97916e-014	0.00461258	0.0054338	0.0449739	0.0218001	0.377312	0.117985	1e-030	1e-030	0.00395268	1e-030	
