1	0	0	0	0	
0.691078	0.308922	0	0	0	
0	0.845105	0.154895	0	0	
0	0	0.863306	0.136694	0	
0	0	0	0.904509	0.0954913	
0	0	0	0	1	
1e-030	0.11165	1e-030	0.0306474	1e-030	1e-030	1e-030	1e-030	1e-030	0.0687813	0.171731	1e-030	0.0170686	9.5e-031	1e-030	1e-030	1e-030	1e-030	1e-030	1e-030	1e-030	1e-030	1e-030	1e-030	0.0240892	0.00907622	0.522251	0.0447054	9.5e-031	1e-030	9e-031	1e-030	
9e-031	0.222223	8.5e-031	0.259193	9.5e-031	1e-030	9.5e-031	1e-030	1e-030	0.0166427	0.0903371	9.5e-031	1.32228e-025	0.00454545	1e-030	1e-030	1e-030	1e-030	1e-030	1e-030	1e-030	1e-030	1e-030	1e-030	9e-031	0.0301146	0.281359	0.0373756	0.0125	1e-030	0.0457095	1e-030	
1.59282e-023	0.121507	3.76411e-006	0.162207	0.014458	1e-030	0.00688706	1e-030	9.5e-031	0.032081	0.122815	9.5e-031	0.0111298	0.0170419	1e-030	1e-030	1e-030	1e-030	1e-030	1e-030	1e-030	1e-030	1e-030	1e-030	9.5e-031	0.0291802	0.370347	0.112343	1e-030	1e-030	1.67844e-010	1e-030	
0.199479	0.118183	0.317683	0.0859656	0.0264382	1e-030	0.00554668	1e-030	0.00219143	0.00932749	0.0147304	0.00589903	0.0106386	9e-031	1e-030	1e-030	1e-030	1e-030	1e-030	1e-030	1e-030	1e-030	1e-030	1e-030	0.000349708	0.00383083	0.134926	0.0573157	9.5e-031	1e-030	0.00749636	1e-030	
0.0370204	0.173251	0.0550042	0.161045	0.00486563	1e-030	0.00106543	1e-030	0.00810283	0.088628	0.0513373	0.000980392	0.00341924	0.0095909	1e-030	1e-030	1e-030	1e-030	1e-030	1e-030	1e-030	1e-030	1e-030	1e-030	0.00962269	0.0201168	0.321637	0.0485229	0.000925926	0.000980392	0.00388457	1e-030	
