1	0	0	0	0	
0.613598	0.386402	0	0	0	
0	0.838519	0.161481	0	0	
0	0	0.841645	0.158355	0	
0	0	0	0.888515	0.111485	
0	0	0	0	1	
8e-031	0.178635	1.32923e-006	0.112893	3.57467e-006	1e-030	3.48449e-007	1e-030	1e-030	0.0951444	0.0321786	1e-030	0.0129349	1e-030	1e-030	1e-030	1e-030	1e-030	1e-030	1e-030	1e-030	1e-030	1e-030	1e-030	0.0346372	0.0287505	0.494259	0.0105625	1e-030	1e-030	1e-030	1e-030	
8.43136e-010	0.269874	0.000500585	0.289436	3.80372e-005	1e-030	4.00717e-006	1e-030	1e-030	0.0502359	0.0342819	1e-030	0.0117413	1e-030	1e-030	1e-030	1e-030	1e-030	1e-030	1e-030	1e-030	1e-030	1e-030	1e-030	0.0807739	0.0174811	0.242357	0.00327638	1e-030	1e-030	1e-030	1e-030	
0.134769	0.187841	0.0885818	0.259185	0.0645008	1e-030	0.00627254	1e-030	1e-030	0.0395222	0.0297067	1e-030	1.52371e-005	1e-030	1e-030	1e-030	1e-030	1e-030	1e-030	1e-030	1e-030	1e-030	1e-030	1e-030	0.0115422	0.0162087	0.161775	3.92618e-017	8.04343e-005	1e-030	9.5e-031	1e-030	
0.169029	0.121059	0.140278	0.280234	0.198939	1e-030	0.0224913	1e-030	1e-030	6.50314e-029	0.0117644	1e-030	0.00656113	4.6293e-029	1e-030	1e-030	1e-030	1e-030	1e-030	1e-030	1e-030	1e-030	1e-030	1e-030	3.10013e-006	0.0069582	0.0296668	0.00181802	0.00933957	1e-030	0.00185791	1e-030	
0.0132012	0.223508	0.0127956	0.302833	0.00660896	1e-030	0.00155914	1e-030	1e-030	0.0470739	0.0432286	1e-030	0.00339356	0.0034073	1e-030	1e-030	1e-030	1e-030	1e-030	1e-030	1e-030	1e-030	1e-030	1e-030	0.00438672	0.0342297	0.289747	0.010442	0.000786434	1e-030	0.00279855	1e-030	
