1	0	0	0	0	
0.541135	0.458865	0	0	0	
0	0.853945	0.146055	0	0	
0	0	0.863022	0.136978	0	
0	0	0	0.903038	0.0969615	
0	0	0	0	1	
1e-030	0.143467	1e-030	0.00865703	1e-030	1e-030	1e-030	1e-030	1e-030	0.113785	0.0826053	4.35165e-023	0.0502632	9.5e-031	1e-030	1e-030	1e-030	1e-030	1e-030	1e-030	1e-030	1e-030	9.5e-031	1e-030	0.00714286	0.0826923	0.491224	0.0201626	1e-030	1e-030	9e-031	1e-030	
1e-030	0.0926739	9.5e-031	0.341584	1e-030	1e-030	1e-030	1e-030	9e-031	0.098462	0.0146887	0.0632859	0.0186072	7.90453e-007	9.5e-031	1e-030	1e-030	1e-030	9e-031	1e-030	1e-030	1e-030	9e-031	1e-030	0.0180481	0.0170432	0.256754	0.0437165	1e-030	1e-030	0.035136	1e-030	
1e-030	0.0649	0.00416667	0.331325	1e-030	1e-030	1e-030	1e-030	7.82437e-007	0.040004	0.0433094	0.106318	0.0206892	0.0274	0.0166667	1e-030	1e-030	1e-030	0.00792463	1e-030	3.02637e-017	1e-030	0.00573972	1e-030	0.0313502	0.0467588	0.153596	0.0748758	1e-030	1e-030	0.0249742	1e-030	
1e-030	0.159847	0.0361687	0.145289	1e-030	1e-030	1e-030	1e-030	0.158728	0.113021	0.0344446	0.0227831	0.0386475	0.0182167	9.5e-031	0.0253368	1e-030	1e-030	0.003935	1e-030	0.00318888	1e-030	0.0216637	1e-030	0.0274552	0.0663321	0.121526	0.00340406	1e-030	1e-030	1.30253e-005	1e-030	
1e-030	0.0587938	2.59644e-010	0.313386	1e-030	1e-030	1e-030	1e-030	0.0152266	0.0186835	0.0429507	0.0066414	0.00644989	0.0216781	1e-030	0.000777298	1e-030	1e-030	1e-030	1e-030	1e-030	1e-030	5.81405e-023	1e-030	0.000943396	0.0127224	0.317823	0.063691	1e-030	1e-030	0.120233	1e-030	
