1	0	0	0	0	
0.500645	0.499355	0	0	0	
0	0.832725	0.167275	0	0	
0	0	0.879746	0.120254	0	
0	0	0	0.875099	0.124901	
0	0	0	0	1	
1e-030	0.120791	1e-030	0.0558731	1e-030	1e-030	1e-030	1e-030	1e-030	0.0383071	0.0530892	1.26647e-014	9.5e-031	1e-030	1e-030	1e-030	1e-030	1e-030	1e-030	1e-030	1e-030	1e-030	1e-030	1e-030	9e-031	0.0448846	0.648554	0.038501	1e-030	1e-030	9.5e-031	1e-030	
1e-030	0.0326473	1e-030	0.448844	1e-030	9.5e-031	1e-030	1e-030	1e-030	0.0914313	0.0491178	0.0464908	9.5e-031	9.5e-031	1e-030	1e-030	1e-030	1e-030	1e-030	1e-030	1e-030	1e-030	1e-030	1e-030	1.31414e-012	0.0134393	0.152278	0.140752	8.5e-031	1e-030	8.5e-031	0.025	
1e-030	0.0821236	0.00535551	0.414553	1e-030	1.00482e-030	1e-030	1e-030	0.000152504	0.177588	0.0237853	0.0898823	0.025	2.45161e-010	1e-030	1e-030	1e-030	1e-030	1e-030	1e-030	1e-030	1e-030	1e-030	1e-030	0.0696167	8e-031	0.103944	0.00350502	3.37778e-005	1e-030	0.00445998	7.06297e-021	
1e-030	0.252279	0.0189098	0.32048	0.00555556	0.0103554	0.00805556	1e-030	0.0408923	0.0793059	0.0225945	0.0266989	0.0262686	0.0233886	1e-030	1e-030	1e-030	1e-030	1e-030	1e-030	1e-030	1e-030	1e-030	1e-030	0.0256609	9e-031	0.0618903	0.00428008	0.0297674	1e-030	0.0436176	1e-030	
1e-030	0.0752882	0.00158244	0.430714	1e-030	2.4357e-029	1e-030	1e-030	8.5e-031	0.0246469	0.0498646	0.000843178	0.0023621	0.00517796	1e-030	1e-030	1e-030	1e-030	1e-030	1e-030	1e-030	1e-030	1e-030	1e-030	0.00245008	0.0131004	0.294857	0.0465321	0.0116583	0.000801986	0.040121	1e-030	
