1	0	0	0	0	
0.612681	0.387319	0	0	0	
0	0.807462	0.192538	0	0	
0	0	0.862098	0.137902	0	
0	0	0	0.88177	0.11823	
0	0	0	0	1	
1e-030	0.142925	9.5e-031	0.123668	1e-030	1e-030	1e-030	1e-030	1e-030	0.0936278	0.127552	0.102642	9.5e-031	1e-030	1e-030	1e-030	1e-030	1e-030	1e-030	1e-030	1e-030	1e-030	1e-030	1e-030	1e-030	0.0250008	0.342085	0.0424998	1e-030	1e-030	1e-030	1e-030	
1e-030	0.0430395	0.0123328	0.0802274	1e-030	1e-030	1e-030	1e-030	1e-030	0.140488	0.102909	0.0293555	0.00416666	3.37136e-016	1e-030	1e-030	1e-030	1e-030	1e-030	1e-030	1e-030	1e-030	9.5e-031	1e-030	1e-030	0.0588793	0.495616	0.0329853	1e-030	1e-030	1e-030	1e-030	
1e-030	0.15802	3.31293e-006	0.0697076	1e-030	1e-030	1e-030	1e-030	9.5e-031	0.177615	0.0561713	0.0225216	0.0474532	0.00372626	1e-030	7.66392e-014	1e-030	1e-030	1e-030	9.5e-031	1e-030	1e-030	2.34072e-006	1e-030	1e-030	0.0175489	0.395047	0.0521837	9e-031	1e-030	9e-031	1e-030	
1e-030	0.0682882	0.00663456	0.0918449	1e-030	1e-030	1e-030	1e-030	0.00506662	0.0899037	0.0472018	0.0371988	0.250582	0.0661757	0.00621021	0.00813011	1e-030	1e-030	1e-030	1.06121e-005	1e-030	1e-030	0.0136765	9.5e-031	0.00621021	0.0359577	0.200716	0.0184416	0.0170859	1e-030	0.0306647	1e-030	
1e-030	0.122558	0.000862069	0.0822293	1e-030	1e-030	1e-030	1e-030	0.0158897	0.0400885	0.0796188	0.00839115	0.0747667	0.0286887	0.0143543	1e-030	1e-030	1e-030	0.000961483	0.000893961	0.00178726	1e-030	0.0215051	0.000899907	0.000777525	0.0822857	0.347778	0.0329559	0.00446019	1e-030	0.0382486	1e-030	
