1	0	0	0	0	
0.899415	0.100585	0	0	0	
0	0.820376	0.179624	0	0	
0	0	0.787456	0.212544	0	
0	0	0	0.93339	0.0666103	
0	0	0	0	1	
1e-030	0.999896	1.4665e-036	1e-030	1e-030	1e-030	1e-030	1e-030	1e-030	1e-030	1e-030	1e-030	1e-030	1e-030	1e-030	1e-030	1e-030	1e-030	1e-030	1e-030	1e-030	1e-030	1e-030	1e-030	0.000104479	1e-030	2.90138e-134	1e-030	1e-030	1e-030	1e-030	1e-030	
1e-030	0.543123	0.00103376	6.20887e-252	1e-030	1e-030	1e-030	1e-030	1e-030	1e-030	1e-030	1e-030	1e-030	1e-030	1e-030	1e-030	1e-030	1e-030	1e-030	1e-030	1e-030	1e-030	1e-030	1e-030	0.455843	1e-030	1.24573e-014	1.39382e-068	1e-030	1e-030	1e-030	1e-030	
1e-030	0.00754503	0.211321	7.24842e-012	1e-030	1e-030	1e-030	1e-030	1e-030	1e-030	1e-030	1e-030	1e-030	1e-030	1e-030	1e-030	1e-030	1e-030	1e-030	1e-030	1e-030	1e-030	1e-030	1e-030	0.310568	1e-030	0.421428	0.0491377	2.57989e-181	1e-030	1e-030	1e-030	
9.6351e-036	9.50475e-040	0.081744	0.732677	1e-030	1e-030	1e-030	1e-030	1e-030	1e-030	1e-030	1e-030	1e-030	1e-030	1e-030	1e-030	1e-030	1e-030	1e-030	1e-030	1e-030	1e-030	1e-030	1e-030	2.69653e-011	1e-030	0.00114724	0.117821	0.0666103	1e-030	1e-030	1e-030	
0.100325	0.229314	0.398043	7.77634e-006	1e-030	1e-030	1e-030	1e-030	0.0286642	0.0286642	1e-030	1e-030	1e-030	1e-030	1e-030	1e-030	1e-030	1e-030	1e-030	1e-030	1e-030	1e-030	1e-030	1e-030	0.214982	1e-030	1e-030	6.21492e-165	5.05663e-035	1e-030	1e-030	1e-030	
