1	0	0	0	0	
0.850965	0.149035	0	0	0	
0	0.899943	0.100057	0	0	
0	0	0.892425	0.107575	0	
0	0	0	0.923077	0.0769231	
0	0	0	0	1	
1e-030	0.916829	1e-030	1e-030	3.33474e-256	1e-030	1.07013e-256	1e-030	1e-030	0.0831709	1e-030	1e-030	1e-030	1e-030	1e-030	1e-030	1e-030	1e-030	1e-030	1e-030	1e-030	1e-030	1e-030	1e-030	1e-030	1e-030	1e-030	1e-030	1e-030	1e-030	1e-030	1e-030	
1e-030	0.855724	1e-030	1e-030	1e-030	1e-030	1.52037e-256	1e-030	1e-030	0.144276	1e-030	1e-030	1e-030	1e-030	1e-030	1e-030	1e-030	1e-030	1e-030	1e-030	1e-030	1e-030	1e-030	1e-030	1e-030	1e-030	1e-030	1e-030	1e-030	1e-030	1e-030	1e-030	
1e-030	1	1e-030	1e-030	1.52827e-076	1e-030	1e-030	1e-030	1e-030	2.78824e-029	1e-030	1e-030	1e-030	1e-030	1e-030	1e-030	1e-030	1e-030	1e-030	1e-030	1e-030	1e-030	1e-030	1e-030	1e-030	1e-030	1e-030	1e-030	1e-030	1e-030	1e-030	1e-030	
1e-030	7.5182e-081	1e-030	1e-030	0.615385	0.153846	0.230769	1e-030	1e-030	1e-030	1e-030	1e-030	3.26564e-264	1e-030	1e-030	1e-030	1e-030	1e-030	1e-030	1e-030	1e-030	1e-030	1e-030	1e-030	1e-030	1e-030	1e-030	1e-030	1e-030	1e-030	1e-030	1e-030	
0.030303	0.939394	0.0151515	1e-030	7.86391e-156	1e-030	1e-030	1e-030	1e-030	1e-030	1e-030	1e-030	0.0151515	1e-030	1e-030	1e-030	1e-030	1e-030	1e-030	1e-030	1e-030	1e-030	1e-030	1e-030	1e-030	1e-030	1e-030	1e-030	1e-030	1e-030	1e-030	1e-030	
