1	0	0	0	0	
0.767483	0.232517	0	0	0	
0	0.869963	0.130037	0	0	
0	0	0.92426	0.0757396	0	
0	0	0	0.941149	0.0588508	
0	0	0	0	1	
1e-030	0.766876	0.232517	5.61243e-083	1e-030	1e-030	1e-030	1e-030	1e-030	1e-030	1e-030	1e-030	2.08641e-012	1e-030	1e-030	1e-030	1e-030	1e-030	1e-030	1e-030	1e-030	1e-030	1e-030	1e-030	1e-030	1e-030	0.000607343	1e-030	1.69478e-252	1e-030	1e-030	1e-030	
1e-030	0.738825	1.06037e-009	0.00144064	1e-030	1e-030	2.59893e-089	1e-030	1e-030	1e-030	1e-030	1e-030	0.130037	1e-030	1e-030	1e-030	1e-030	1e-030	1e-030	1e-030	1e-030	1e-030	1e-030	1e-030	1e-030	1e-030	0.129697	1e-030	3.35628e-014	1e-030	1e-030	1e-030	
2.76211e-016	0.0172787	0.302959	0.225325	1e-030	1e-030	0.151479	1e-030	1.29887e-213	1e-030	1e-030	1e-030	1.14681e-022	1e-030	1e-030	1e-030	1e-030	1e-030	1e-030	1e-030	1e-030	1e-030	1e-030	1e-030	1e-030	1e-030	1.12865e-085	1e-030	0.302959	1e-030	1e-030	1e-030	
0.763148	0.0486877	0.128494	0.000819716	1e-030	1e-030	0.0588508	1e-030	4.30417e-027	1e-030	1e-030	1e-030	2.45456e-098	1e-030	1e-030	1e-030	1e-030	1e-030	1e-030	1e-030	1e-030	1e-030	1e-030	1e-030	1.56471e-241	1e-030	1e-030	1e-030	1.40708e-011	1e-030	1e-030	1e-030	
0.0801175	0.636241	0.0926008	2.5206e-191	1e-030	1e-030	2.45036e-059	1e-030	0.0796003	1e-030	1e-030	1e-030	1e-030	1e-030	1e-030	1e-030	1e-030	1e-030	1e-030	1e-030	1e-030	1e-030	1e-030	1e-030	0.11144	1e-030	1e-030	1e-030	1e-030	1e-030	1e-030	1e-030	
