1	0	0	0	0	
0.686315	0.313685	0	0	0	
0	0.716903	0.283097	0	0	
0	0	0.737796	0.262204	0	
0	0	0	0.910101	0.0898985	
0	0	0	0	1	
7.5e-031	0.0742747	1.51841e-005	0.30827	8e-031	1e-030	9.51455e-031	1e-030	9.5e-031	0.0662527	0.0326263	4.49151e-024	0.005	1e-030	1e-030	1e-030	1e-030	1e-030	1e-030	1e-030	1e-030	1e-030	1e-030	1e-030	1e-030	0.0390051	0.307897	0.130902	1e-030	1e-030	0.0357566	1e-030	
0.0432375	0.280057	0.00881963	0.0564239	0.0534619	1e-030	0.0161922	1e-030	0.00774645	0.0610157	0.0955365	0.0199288	0.0166368	0.00625003	1e-030	1e-030	1e-030	1e-030	1e-030	1e-030	1e-030	1e-030	1e-030	1e-030	1e-030	0.0100047	0.303595	0.0209375	1e-030	1e-030	0.000156176	1e-030	
0.396731	0.0637978	0.207667	0.028057	0.0716038	1e-030	1.01693e-009	1e-030	1.53521e-007	0.0449739	0.0138482	1.47226e-005	0.0500075	0.00646203	1e-030	1e-030	1e-030	1e-030	1e-030	1e-030	1e-030	1e-030	1e-030	1e-030	1e-030	0.0132194	0.057521	0.0413139	1e-030	1e-030	0.00478205	1e-030	
0.113967	0.156598	0.514503	0.15166	0.0265848	1e-030	0.00278905	1e-030	0.00305433	0.0155376	0.00305433	1e-030	8.5e-031	0.003125	1e-030	1e-030	1e-030	1e-030	1e-030	1e-030	1e-030	1e-030	1e-030	1e-030	0.00400766	8.07058e-014	0.00511891	9.57886e-031	1e-030	1e-030	1e-030	1e-030	
7.5e-031	0.172003	2.42554e-009	0.139213	9.5e-031	1e-030	9.5e-031	1e-030	0.00998997	0.0934915	0.0664241	0.00165845	0.00494419	0.00429922	1e-030	1e-030	1e-030	1e-030	1e-030	1e-030	1e-030	1e-030	1e-030	1e-030	0.00751411	0.0335885	0.414062	0.0503328	1e-030	1e-030	0.00247902	1e-030	
