1	0	0	0	0	
0.629419	0.370581	0	0	0	
0	0.837027	0.162973	0	0	
0	0	0.842226	0.157774	0	
0	0	0	0.893871	0.106129	
0	0	0	0	1	
1e-030	0.0456214	9.5e-031	0.149825	1e-030	1e-030	1e-030	1e-030	7.69634e-026	0.103307	0.0408995	0.134632	5.71457e-007	0.0250003	0.00974651	1e-030	1e-030	1e-030	9.5e-031	1e-030	0.0100627	1e-030	0.00976053	1e-030	0.0503344	2.62562e-006	0.269308	0.1515	1e-030	1e-030	2.75849e-008	1e-030	
1e-030	0.0816194	0.00555556	0.350704	1e-030	1e-030	1e-030	1e-030	0.0408303	0.062855	0.0223843	5.50004e-031	0.0138086	0.00074656	0.000312286	0.00753176	1e-030	1e-030	0.0204207	1e-030	9.5e-031	1e-030	0.0459468	1e-030	0.089906	0.131086	0.120715	0.00557728	1e-030	1e-030	4.16839e-007	1e-030	
1e-030	0.224633	1e-030	0.219702	1e-030	1e-030	1e-030	1e-030	0.124523	0.0928235	0.00840103	0.0125355	0.0526917	0.0365569	1e-030	0.0128055	1e-030	1e-030	9.5e-031	1e-030	1e-030	1e-030	3.58427e-017	1e-030	0.0290293	0.0279651	0.158306	2.58036e-005	1e-030	1e-030	3.09756e-006	1e-030	
1e-030	0.0352142	1e-030	0.252584	1e-030	1e-030	1e-030	1e-030	0.113624	0.0203759	0.0931121	0.0406398	0.0162806	0.0319291	1e-030	0.0221461	1e-030	1e-030	1e-030	1e-030	1e-030	1e-030	0.00431365	1e-030	9.5e-031	0.00293654	0.0644256	0.0784447	1e-030	1e-030	0.223973	1e-030	
1e-030	0.102841	1e-030	0.329677	1e-030	1e-030	1e-030	1e-030	0.00316988	0.027338	0.0400324	0.0024592	0.00423833	0.0120848	1e-030	1.97763e-017	1e-030	1e-030	1e-030	1e-030	1e-030	1e-030	1.36122e-018	1e-030	0.00178412	0.0245984	0.35948	0.0541527	1e-030	1e-030	0.0381445	1e-030	
