1	0	0	0	0	
0.790999	0.209001	0	0	0	
0	0.703053	0.296947	0	0	
0	0	0.875806	0.124194	0	
0	0	0	0.870557	0.129443	
0	0	0	0	1	
1e-030	0.19719	1e-030	0.109758	1e-030	1e-030	1e-030	1e-030	0.00800959	0.104349	0.0765963	1e-030	0.0468274	0.0065705	9.5e-031	1e-030	1e-030	1e-030	1e-030	1e-030	1e-030	1e-030	0.0108639	9.5e-031	1e-030	0.0222652	0.384308	0.0143764	9e-031	9.5e-031	0.0188851	6.42517e-022	
1e-030	0.100828	1e-030	0.174708	1e-030	1e-030	1e-030	1e-030	0.00823121	0.0550228	0.0239884	9e-031	0.0163679	0.0213274	0.0166667	0.05	1e-030	1e-030	9.5e-031	1e-030	1e-030	1e-030	0.0537155	9.5e-031	1e-030	0.0386539	0.153058	0.0653414	0.0024825	0.0110136	0.186568	0.0220268	
1e-030	0.00432314	1e-030	0.303636	1e-030	1e-030	1e-030	1e-030	9e-031	8.03137e-009	0.00946903	1.10686e-008	0.00689327	0.180558	0.0320764	0.00416667	1e-030	1e-030	0.0110726	1e-030	1e-030	1e-030	0.0539295	0.00608904	9e-031	0.00415904	0.00586629	0.0330714	0.0283225	0.0041591	0.301786	0.0104221	
1e-030	0.00447141	1e-030	0.00983355	1e-030	1e-030	1e-030	1e-030	0.00357107	0.339404	0.0338206	0.187076	0.0149121	0.246189	0.0449063	0.00458749	1e-030	1e-030	0.0101037	1e-030	1e-030	1e-030	0.0101037	0.00847	0.0160031	0.00523645	0.029748	0.0210742	0.00530023	9.5e-031	0.00518949	9.5e-031	
1e-030	0.248814	1e-030	0.120939	1e-030	1e-030	1e-030	1e-030	0.00393013	0.0982602	0.0495486	0.0101346	0.0114387	0.00266821	8e-031	9.5e-031	1e-030	1e-030	9e-031	1e-030	0.000890215	0.00118833	0.00539884	9e-031	0.0135711	0.0745789	0.324509	0.0250108	1e-030	1e-030	0.00911978	1e-030	
