1	0	0	0	0	
0.561098	0.438902	0	0	0	
0	0.78704	0.21296	0	0	
0	0	0.846121	0.153879	0	
0	0	0	0.905548	0.0944519	
0	0	0	0	1	
1e-030	3.0854e-006	0.0166667	0.135158	1e-030	1e-030	1e-030	1e-030	9.00076e-031	0.216108	0.0337021	0.100129	0.0329645	1e-030	1e-030	1e-030	1e-030	1e-030	1e-030	1e-030	1e-030	1e-030	9.5e-031	1e-030	0.0213785	9.80032e-007	0.428141	0.0157471	7.30751e-008	1e-030	6.7346e-008	1e-030	
1e-030	0.131046	9e-031	0.425194	9.5e-031	1e-030	1e-030	1e-030	0.0492563	0.155966	0.0133004	0.0057519	0.00992379	9e-031	1e-030	1e-030	1e-030	1e-030	1e-030	1e-030	1e-030	1e-030	0.00992378	1e-030	0.0800465	0.0085421	0.0402664	0.0589305	0.0118524	1e-030	9.50327e-007	1e-030	
1e-030	0.289547	0.0431516	0.453617	0.0166667	1e-030	1e-030	1e-030	1.53574e-007	0.025	9e-031	1.08415e-006	9e-031	2.73376e-010	1e-030	1e-030	1e-030	1e-030	1e-030	1e-030	1e-030	1e-030	1.14219e-008	1e-030	3.27251e-023	5.46399e-023	0.153555	1.82527e-007	0.0163108	1e-030	0.00215068	1e-030	
1e-030	0.0331158	4.58313e-014	0.591872	9.5e-031	1e-030	1e-030	1e-030	9.5e-031	2.32906e-015	0.0118222	0.0265964	0.00998441	0.0225586	1e-030	1e-030	1e-030	1e-030	1e-030	1e-030	1e-030	1e-030	1e-030	1e-030	9.5e-031	0.00228653	0.0771919	0.0288312	0.0549384	1e-030	0.140803	1e-030	
1e-030	0.0836234	0.00244031	0.379438	1e-030	1e-030	1e-030	1e-030	1e-030	0.0252878	0.0686304	0.000819672	0.00150477	0.00769084	1e-030	1e-030	1e-030	1e-030	1e-030	1e-030	1e-030	1e-030	1e-030	1e-030	0.00247211	0.0323248	0.335936	0.0449686	0.00276895	1e-030	0.0120942	1e-030	
