1	0	0	0	0	
0.796178	0.203822	0	0	0	
0	0.797389	0.202611	0	0	
0	0	0.824505	0.175495	0	
0	0	0	0.921913	0.0780873	
0	0	0	0	1	
1e-030	0.0445017	1e-030	0.384593	1e-030	1e-030	1e-030	1e-030	1e-030	0.0248589	0.0159694	1e-030	1e-030	1.52562e-007	8.5e-031	1e-030	1e-030	1e-030	1e-030	1e-030	1e-030	1e-030	9.5e-031	1e-030	9.5e-031	1e-030	0.0393526	0.154311	0.05	1e-030	0.286414	1e-030	
1e-030	0.0226122	1e-030	0.20591	1e-030	1e-030	1e-030	1e-030	1e-030	0.00713416	0.0242555	1e-030	1e-030	0.134839	0.0577291	0.0100065	1e-030	1e-030	0.00604148	0.00564499	9.5e-031	8.5e-031	8.80969e-019	0.00564496	0.00833516	1e-030	0.201127	0.118001	2.81288e-024	1e-030	0.192719	1e-030	
1e-030	9e-031	1e-030	0.0551695	1e-030	1e-030	1e-030	1e-030	1e-030	9.5e-031	0.00625	0.00625	9.5e-031	0.19676	0.0852522	0.0612187	1e-030	1e-030	0.019306	0.127873	0.0124106	0.0737068	0.137818	0.0994064	8.5e-031	9.5e-031	0.0661083	0.000235891	9e-031	1e-030	0.0522354	1e-030	
1e-030	5.72403e-028	0.0218183	0.0709738	1e-030	1e-030	1e-030	1e-030	0.0226754	0.0173486	0.016903	0.0366386	0.00362721	0.11711	0.00459173	9.24975e-022	1e-030	1e-030	0.00229787	0.0250299	2.82716e-021	1.88685e-024	0.0230746	0.0158676	0.107496	0.003125	0.0156021	0.413075	1e-030	1e-030	0.0827449	1e-030	
1e-030	0.124162	0.00273522	0.147045	1e-030	1e-030	1e-030	1e-030	0.00442244	0.0670921	0.0719594	1.84439e-019	0.00517761	0.00952969	9.5e-031	1e-030	1e-030	1e-030	1e-030	1e-030	1e-030	1e-030	9e-031	8.5e-031	0.024777	0.0331377	0.424947	0.084979	1e-030	1e-030	3.55146e-005	1e-030	
