1	0	0	0	0	
0.648857	0.351143	0	0	0	
0	0.814991	0.185009	0	0	
0	0	0.830816	0.169184	0	
0	0	0	0.822911	0.177089	
0	0	0	0	1	
1e-030	0.0215393	8.5e-031	0.38412	1e-030	1e-030	1e-030	1e-030	1e-030	1e-030	0.00863095	1e-030	9.5e-031	1e-030	1e-030	1e-030	1e-030	1e-030	1e-030	1e-030	1e-030	1e-030	1.79382e-016	1e-030	1e-030	1e-030	0.253869	0.0300254	0.0610596	0.0321464	0.201464	0.00714639	
1e-030	0.0733555	0.05	0.54205	1e-030	1e-030	1e-030	0.00687627	1e-030	9.5e-031	9.5e-031	1e-030	0.00318833	9e-031	1e-030	1e-030	1e-030	1e-030	1e-030	1e-030	1e-030	1e-030	0.0241994	1e-030	1e-030	9.5e-031	0.00347701	9e-031	0.207698	0.0433205	0.0458352	9.5e-031	
1e-030	0.246765	0.208512	0.257299	1e-030	1e-030	1e-030	9.5e-031	7.5e-031	0.005	0.000444546	1e-030	0.0508983	0.00917116	1e-030	1e-030	1e-030	1e-030	1e-030	1e-030	1e-030	1e-030	8.71611e-019	1e-030	9e-031	2.49876e-006	0.202035	8.5e-031	1.75165e-010	9e-031	0.0198734	9.5e-031	
1e-030	0.0511771	2.80636e-021	0.109042	1e-030	1e-030	1e-030	1e-030	0.0628744	0.325018	0.0533747	1e-030	0.00640042	0.0323026	1e-030	1e-030	1e-030	1e-030	1e-030	1e-030	1e-030	1e-030	1e-030	1e-030	0.0258249	0.105384	0.110007	0.0183204	0.025	0.05	0.0252738	1e-030	
1e-030	0.0991582	7.5e-031	0.286077	1e-030	1e-030	1e-030	1e-030	0.00398262	0.0296719	0.0708055	1e-030	0.00272989	0.00598525	1e-030	1e-030	1e-030	1e-030	1e-030	1e-030	1e-030	1e-030	1e-030	1e-030	0.00404349	0.0279303	0.434792	0.0323004	9.5e-031	9.5e-031	0.00252385	1e-030	
