1	0	0	0	0	
0.720968	0.279032	0	0	0	
0	0.820318	0.179682	0	0	
0	0	0.87276	0.12724	0	
0	0	0	0.929099	0.070901	
0	0	0	0	1	
9e-031	0.0795741	0.049573	0.277065	0.00606541	1e-030	6.11743e-016	1e-030	1e-030	0.0571159	0.0125	1e-030	1e-030	1e-030	1e-030	1e-030	1e-030	1e-030	1e-030	1e-030	1e-030	1e-030	1e-030	1e-030	1e-030	0.0155356	0.336437	0.123049	3.82116e-020	9.5e-031	0.043085	1e-030	
0.0506319	0.132311	0.295549	0.283316	0.0710415	1e-030	0.0568281	9e-031	1e-030	3.40114e-006	9.5e-031	1e-030	0.00625	1e-030	1e-030	1e-030	1e-030	1e-030	1e-030	1e-030	1e-030	1e-030	1e-030	1e-030	1e-030	0.000653672	3.24232e-007	0.0209525	0.0136663	0.0104763	0.0583201	1e-030	
9.50826e-010	0.0309468	0.0599725	0.303619	3.16334e-005	1e-030	0.238442	0.0133908	1e-030	1e-030	1e-030	1e-030	1e-030	1e-030	1e-030	1e-030	1e-030	1e-030	1e-030	1e-030	1e-030	1e-030	1e-030	1e-030	1e-030	9.5e-031	8e-031	6e-031	0.337053	0.00412902	0.0123729	4.25856e-005	
1e-030	4.83418e-018	6.5116e-031	0.181882	9.5e-031	1e-030	0.00829786	0.0160492	1e-030	8.5e-031	0.0027656	4.44771e-018	1e-030	3.12834e-028	1e-030	1e-030	1e-030	1e-030	1e-030	1e-030	1e-030	1e-030	1e-030	1e-030	1e-030	1.09666e-014	0.000442285	0.076042	0.102184	0.0214148	0.582399	0.0085232	
1e-030	0.14351	1e-030	0.236364	1e-030	1e-030	9.5e-031	9e-031	1e-030	0.0500442	0.066203	0.00224777	0.00631129	0.0123404	1e-030	1e-030	1e-030	1e-030	1e-030	1e-030	1e-030	1e-030	1e-030	1e-030	0.00142562	0.0318106	0.380918	0.0676249	7.5e-031	9.5e-031	0.00120139	1e-030	
