1	0	0	0	0	
0.632599	0.367401	0	0	0	
0	0.659005	0.340995	0	0	
0	0	0.745997	0.254003	0	
0	0	0	0.909426	0.0905741	
0	0	0	0	1	
0.0840553	0.129388	0.0762513	0.163082	0.0534483	1e-030	0.0100003	1e-030	1e-030	0.0532098	0.0443364	1e-030	1e-030	1e-030	1e-030	1e-030	1e-030	1e-030	1e-030	1e-030	1e-030	1e-030	1e-030	1e-030	0.0494661	0.0425795	0.283317	0.0108659	1e-030	1e-030	1e-030	1e-030	
0.128325	0.0981777	0.0291271	0.379134	0.174486	1e-030	0.0588395	1e-030	1e-030	0.00417045	0.00700629	1e-030	0.05	1e-030	1e-030	1e-030	1e-030	1e-030	1e-030	1e-030	1e-030	1e-030	1e-030	1e-030	1e-030	0.00598954	0.0647452	1e-030	9.5e-031	1e-030	1e-030	1e-030	
0.231333	0.0960559	0.127351	0.262443	0.165591	0.05	0.0358888	1e-030	1e-030	0.00348743	5.13624e-026	1e-030	9e-031	1e-030	1e-030	1e-030	1e-030	1e-030	1e-030	1e-030	1e-030	1e-030	1e-030	1e-030	9.5e-031	0.00833333	0.00833778	9.5e-031	0.00522776	1e-030	0.00595067	1e-030	
0.0735277	0.278523	0.135054	0.423281	0.0130042	9.5e-031	0.0118898	1e-030	1e-030	0.00316938	0.00274104	1e-030	0.00321774	0.00194515	1e-030	1e-030	1e-030	1e-030	1e-030	1e-030	1e-030	1e-030	1e-030	1e-030	0.00806519	1.32921e-017	0.0298746	0.005613	0.000306898	1e-030	0.00978727	1e-030	
0.00122346	0.220631	0.00179495	0.280777	0.00411113	1e-030	0.000581792	1e-030	1e-030	0.074298	0.0496008	1e-030	0.00157732	0.00176508	1e-030	1e-030	1e-030	1e-030	1e-030	1e-030	1e-030	1e-030	1e-030	1e-030	0.00485315	0.0333335	0.313575	0.0110755	9.5e-031	1e-030	0.000802997	1e-030	
