1	0	0	0	0	
0.787419	0.212581	0	0	0	
0	0.752155	0.247845	0	0	
0	0	0.858741	0.141259	0	
0	0	0	0.909455	0.0905454	
0	0	0	0	1	
1e-030	0.0739213	1e-030	0.11048	1e-030	1e-030	1e-030	1e-030	9.5e-031	0.122842	0.0748186	0.0261935	0.00714286	8e-031	1e-030	1e-030	1e-030	1e-030	1e-030	1e-030	1e-030	1e-030	9.5e-031	1e-030	1e-030	0.0438477	0.514181	0.0265733	9e-031	1e-030	1e-030	1e-030	
1e-030	0.122584	1e-030	0.192143	1e-030	1e-030	0.00999566	1e-030	0.0375	0.0950903	0.0980194	0.0377237	0.0370957	0.00233601	1e-030	1e-030	1e-030	1e-030	1e-030	1e-030	1e-030	1e-030	7.5e-031	1e-030	1e-030	0.088883	0.271212	0.00741698	8e-031	1e-030	9.5e-031	1e-030	
1e-030	0.0844209	1e-030	0.0419219	1e-030	0.0062552	9.5e-031	1e-030	0.005	0.0307473	0.00509217	0.00577002	0.575957	0.113193	9.5e-031	1e-030	1e-030	1e-030	0.00555556	1e-030	1e-030	1e-030	0.0678869	1e-030	9.50001e-031	0.00636434	0.0202361	0.000339954	0.0312599	1e-030	1.60775e-007	1e-030	
1e-030	0.0549129	1e-030	0.103947	1e-030	9.5e-031	9.5e-031	1e-030	0.0222858	0.00701262	0.0125264	0.0390146	0.097791	0.136572	0.0502371	1e-030	1e-030	1e-030	9.5e-031	1e-030	0.00680503	1e-030	0.0760797	1e-030	0.00934052	0.0757938	0.00604038	0.0685714	0.0162342	1e-030	0.216835	1e-030	
1e-030	0.146601	0.00094058	0.0723488	1e-030	1e-030	1e-030	1e-030	0.0108058	0.0559767	0.101797	0.00200441	0.0133822	0.0091548	0.0110573	0.000971161	1e-030	1e-030	1e-030	1e-030	0.00196416	1e-030	0.00175822	1e-030	0.00298391	0.078762	0.453367	0.0351839	9.5e-031	1e-030	0.000940563	1e-030	
