1	0	0	0	0	
0.499967	0.500033	0	0	0	
0	0.782336	0.217664	0	0	
0	0	0.800955	0.199045	0	
0	0	0	0.83116	0.16884	
0	0	0	0	1	
1e-030	1e-030	3.83988e-027	0.130531	5.0101e-018	1e-030	3.91998e-014	1e-030	1e-030	0.0166667	1e-030	1e-030	1e-030	1e-030	1e-030	1e-030	1e-030	1e-030	1e-030	1e-030	1e-030	1e-030	1e-030	0.0333333	1e-030	1e-030	0.443896	0.114041	9e-031	1e-030	0.261532	9.5e-031	
9.5e-031	0.0121074	0.254593	0.387792	0.0543359	1e-030	0.0167051	1e-030	1e-030	9.5e-031	1e-030	1e-030	1e-030	1e-030	1e-030	1e-030	1e-030	1e-030	1e-030	1e-030	1e-030	1e-030	1e-030	0.00833333	1e-030	1e-030	1.51822e-018	0.0128959	2.77894e-008	1e-030	0.246318	0.00691971	
0.0262805	0.000512777	0.158717	0.500446	0.0346139	1e-030	0.130378	1e-030	1e-030	1e-030	1e-030	1e-030	1e-030	9.5e-031	1e-030	1e-030	1e-030	1e-030	1e-030	1e-030	1e-030	1e-030	1e-030	1e-030	1e-030	1e-030	0.0166667	8.5e-031	0.129046	1e-030	0.00334016	1e-030	
9e-031	1.87009e-006	0.0751699	0.53049	9e-031	1e-030	0.1306	0.00289511	1e-030	1e-030	9e-031	1e-030	1e-030	0.00832826	1e-030	1e-030	1e-030	1e-030	1e-030	1e-030	1e-030	1e-030	1e-030	1e-030	1e-030	1e-030	0.0116858	0.0383904	0.117403	1e-030	0.0850357	9.5e-031	
1e-030	0.108384	0.000608445	0.410063	1e-030	1e-030	0.00261472	0.00138889	1e-030	0.0361796	0.043855	0.00347974	0.0025823	0.00524263	1e-030	1e-030	1e-030	1e-030	1e-030	1e-030	1e-030	1e-030	1e-030	1e-030	0.000802334	0.0258658	0.281987	0.0536818	0.021252	1e-030	0.00201347	1e-030	
